timestamp,power
1588284000,993
1588284900,1218
1588285800,967
1588286700,952
1588287600,910
1588288500,81
1588289400,88
1588290300,93
1588291200,69
1588292100,58
1588293000,42
1588293900,105
1588294800,72
1588295700,87
1588296600,78
1588297500,85
1588298400,85
1588299300,92
1588300200,85
1588301100,95
1588302000,92
1588302900,67
1588303800,58
1588304700,74
1588305600,203
1588306500,64
1588307400,56
1588308300,84
1588309200,461
1588310100,365
1588311000,140
1588311900,160
1588312800,94
1588313700,145
1588314600,146
1588315500,190
1588316400,125
1588317300,80
1588318200,82
1588319100,103
1588320000,292
1588320900,128
1588321800,458
1588322700,706
1588323600,930
1588324500,655
1588325400,161
1588326300,134
1588327200,129
1588328100,132
1588329000,168
1588329900,786
1588330800,354
1588331700,608
1588332600,124
1588333500,423
1588334400,149
1588335300,117
1588336200,89
1588337100,188
1588338000,644
1588338900,652
1588339800,227
1588340700,109
1588341600,106
1588342500,99
1588343400,104
1588344300,387
1588345200,1302
1588346100,1349
1588347000,1247
1588347900,679
1588348800,115
1588349700,91
1588350600,118
1588351500,143
1588352400,119
1588353300,111
1588354200,100
1588355100,108
1588356000,117
1588356900,96
1588357800,77
1588358700,68
1588359600,106
1588360500,79
1588361400,73
1588362300,66
1588363200,64
1588364100,64
1588365000,40
1588365900,46
1588366800,48
1588367700,171
1588368600,66
1588369500,40
1588370400,47
1588371300,57
1588372200,43
1588373100,47
1588374000,40
1588374900,59
1588375800,72
1588376700,56
1588377600,47
1588378500,55
1588379400,138
1588380300,68
1588381200,98
1588382100,86
1588383000,92
1588383900,100
1588384800,79
1588385700,65
1588386600,46
1588387500,68
1588388400,46
1588389300,50
1588390200,52
1588391100,63
1588392000,81
1588392900,84
1588393800,77
1588394700,218
1588395600,150
1588396500,658
1588397400,126
1588398300,102
1588399200,99
1588400100,112
1588401000,98
1588401900,128
1588402800,124
1588403700,145
1588404600,140
1588405500,150
1588406400,143
1588407300,127
1588408200,286
1588409100,141
1588410000,96
1588410900,117
1588411800,150
1588412700,136
1588413600,133
1588414500,122
1588415400,135
1588416300,138
1588417200,189
1588418100,227
1588419000,132
1588419900,153
1588420800,136
1588421700,166
1588422600,200
1588423500,211
1588424400,1322
1588425300,1124
1588426200,1040
1588427100,654
1588428000,263
1588428900,237
1588429800,252
1588430700,390
1588431600,712
1588432500,250
1588433400,203
1588434300,218
1588435200,203
1588436100,218
1588437000,157
1588437900,160
1588438800,179
1588439700,149
1588440600,152
1588441500,171
1588442400,196
1588443300,739
1588444200,319
1588445100,447
1588446000,217
1588446900,261
1588447800,200
1588448700,220
1588449600,195
1588450500,200
1588451400,184
1588452300,151
1588453200,128
1588454100,83
1588455000,100
1588455900,93
1588456800,95
1588457700,69
1588458600,82
1588459500,74
1588460400,76
1588461300,72
1588462200,82
1588463100,68
1588464000,76
1588464900,78
1588465800,76
1588466700,67
1588467600,90
1588468500,85
1588469400,129
1588470300,125
1588471200,125
1588472100,110
1588473000,115
1588473900,93
1588474800,77
1588475700,71
1588476600,83
1588477500,72
1588478400,68
1588479300,79
1588480200,78
1588481100,100
1588482000,91
1588482900,126
1588483800,104
1588484700,96
1588485600,187
1588486500,81
1588487400,65
1588488300,205
1588489200,297
1588490100,585
1588491000,794
1588491900,1119
1588492800,805
1588493700,447
1588494600,542
1588495500,616
1588496400,737
1588497300,189
1588498200,181
1588499100,267
1588500000,481
1588500900,176
1588501800,192
1588502700,213
1588503600,328
1588504500,248
1588505400,191
1588506300,186
1588507200,177
1588508100,168
1588509000,167
1588509900,203
1588510800,205
1588511700,210
1588512600,226
1588513500,175
1588514400,132
1588515300,131
1588516200,166
1588517100,583
1588518000,1001
1588518900,544
1588519800,230
1588520700,262
1588521600,915
1588522500,312
1588523400,559
1588524300,178
1588525200,147
1588526100,158
1588527000,180
1588527900,157
1588528800,151
1588529700,150
1588530600,171
1588531500,165
1588532400,156
1588533300,161
1588534200,192
1588535100,161
1588536000,123
1588536900,94
1588537800,95
1588538700,90
1588539600,88
1588540500,88
1588541400,84
1588542300,82
1588543200,75
1588544100,98
1588545000,104
1588545900,98
1588546800,75
1588547700,85
1588548600,83
1588549500,80
1588550400,73
1588551300,81
1588552200,76
1588553100,61
1588554000,53
1588554900,61
1588555800,67
1588556700,62
1588557600,63
1588558500,85
1588559400,98
1588560300,114
1588561200,99
1588562100,70
1588563000,67
1588563900,60
1588564800,53
1588565700,60
1588566600,64
1588567500,214
1588568400,80
1588569300,95
1588570200,520
1588571100,576
1588572000,477
1588572900,266
1588573800,108
1588574700,174
1588575600,241
1588576500,115
1588577400,94
1588578300,124
1588579200,163
1588580100,311
1588581000,159
1588581900,155
1588582800,152
1588583700,116
1588584600,113
1588585500,127
1588586400,236
1588587300,421
1588588200,367
1588589100,218
1588590000,225
1588590900,703
1588591800,264
1588592700,318
1588593600,122
1588594500,126
1588595400,125
1588596300,158
1588597200,174
1588598100,153
1588599000,170
1588599900,156
1588600800,167
1588601700,225
1588602600,185
1588603500,171
1588604400,212
1588605300,202
1588606200,294
1588607100,169
1588608000,159
1588608900,188
1588609800,182
1588610700,140
1588611600,153
1588612500,158
1588613400,162
1588614300,173
1588615200,180
1588616100,190
1588617000,189
1588617900,224
1588618800,213
1588619700,206
1588620600,210
1588621500,194
1588622400,183
1588623300,160
1588624200,251
1588625100,153
1588626000,156
1588626900,140
1588627800,166
1588628700,142
1588629600,148
1588630500,131
1588631400,107
1588632300,98
1588633200,90
1588634100,79
1588635000,79
1588635900,100
1588636800,95
1588637700,102
1588638600,92
1588639500,117
1588640400,90
1588641300,78
1588642200,72
1588643100,88
1588644000,77
1588644900,78
1588645800,71
1588646700,102
1588647600,111
1588648500,129
1588649400,128
1588650300,85
1588651200,88
1588652100,74
1588653000,78
1588653900,65
1588654800,242
1588655700,89
1588656600,89
1588657500,78
1588658400,87
1588659300,110
1588660200,103
1588661100,138
1588662000,68
1588662900,83
1588663800,87
1588664700,111
1588665600,636
1588666500,268
1588667400,653
1588668300,372
1588669200,142
1588670100,191
1588671000,222
1588671900,189
1588672800,262
1588673700,158
1588674600,195
1588675500,130
1588676400,113
1588677300,109
1588678200,111
1588679100,118
1588680000,98
1588680900,90
1588681800,77
1588682700,85
1588683600,82
1588684500,89
1588685400,92
1588686300,93
1588687200,89
1588688100,78
1588689000,151
1588689900,170
1588690800,122
1588691700,123
1588692600,112
1588693500,138
1588694400,137
1588695300,187
1588696200,174
1588697100,169
1588698000,144
1588698900,162
1588699800,162
1588700700,215
1588701600,659
1588702500,292
1588703400,510
1588704300,245
1588705200,223
1588706100,247
1588707000,211
1588707900,124
1588708800,85
1588709700,75
1588710600,72
1588711500,96
1588712400,65
1588713300,72
1588714200,78
1588715100,86
1588716000,81
1588716900,88
1588717800,87
1588718700,101
1588719600,86
1588720500,78
1588721400,69
1588722300,89
1588723200,95
1588724100,96
1588725000,90
1588725900,101
1588726800,91
1588727700,113
1588728600,91
1588729500,99
1588730400,62
1588731300,68
1588732200,67
1588733100,62
1588734000,57
1588734900,85
1588735800,92
1588736700,85
1588737600,81
1588738500,255
1588739400,105
1588740300,113
1588741200,258
1588742100,56
1588743000,41
1588743900,47
1588744800,56
1588745700,102
1588746600,65
1588747500,82
1588748400,84
1588749300,68
1588750200,61
1588751100,64
1588752000,57
1588752900,307
1588753800,370
1588754700,580
1588755600,233
1588756500,63
1588757400,118
1588758300,63
1588759200,74
1588760100,84
1588761000,112
1588761900,104
1588762800,168
1588763700,92
1588764600,101
1588765500,140
1588766400,123
1588767300,212
1588768200,143
1588769100,131
1588770000,145
1588770900,124
1588771800,132
1588772700,125
1588773600,142
1588774500,134
1588775400,130
1588776300,126
1588777200,142
1588778100,272
1588779000,172
1588779900,369
1588780800,566
1588781700,423
1588782600,418
1588783500,173
1588784400,172
1588785300,181
1588786200,157
1588787100,185
1588788000,188
1588788900,181
1588789800,170
1588790700,242
1588791600,150
1588792500,145
1588793400,199
1588794300,156
1588795200,111
1588796100,98
1588797000,91
1588797900,75
1588798800,66
1588799700,96
1588800600,95
1588801500,98
1588802400,83
1588803300,86
1588804200,94
1588805100,88
1588806000,54
1588806900,57
1588807800,49
1588808700,70
1588809600,49
1588810500,80
1588811400,89
1588812300,94
1588813200,91
1588814100,78
1588815000,71
1588815900,77
1588816800,49
1588817700,68
1588818600,48
1588819500,56
1588820400,63
1588821300,82
1588822200,80
1588823100,79
1588824000,144
1588824900,215
1588825800,80
1588826700,91
1588827600,67
1588828500,47
1588829400,35
1588830300,49
1588831200,41
1588832100,51
1588833000,62
1588833900,78
1588834800,106
1588835700,147
1588836600,128
1588837500,135
1588838400,146
1588839300,133
1588840200,175
1588841100,96
1588842000,107
1588842900,142
1588843800,149
1588844700,172
1588845600,137
1588846500,206
1588847400,171
1588848300,194
1588849200,179
1588850100,150
1588851000,217
1588851900,307
1588852800,132
1588853700,134
1588854600,150
1588855500,166
1588856400,133
1588857300,140
1588858200,124
1588859100,350
1588860000,121
1588860900,129
1588861800,560
1588862700,484
1588863600,121
1588864500,129
1588865400,124
1588866300,128
1588867200,130
1588868100,136
1588869000,127
1588869900,128
1588870800,148
1588871700,189
1588872600,215
1588873500,151
1588874400,145
1588875300,294
1588876200,405
1588877100,449
1588878000,264
1588878900,211
1588879800,189
1588880700,124
1588881600,57
1588882500,38
1588883400,40
1588884300,51
1588885200,42
1588886100,39
1588887000,41
1588887900,38
1588888800,53
1588889700,40
1588890600,99
1588891500,77
1588892400,81
1588893300,98
1588894200,83
1588895100,71
1588896000,53
1588896900,38
1588897800,56
1588898700,38
1588899600,40
1588900500,38
1588901400,55
1588902300,75
1588903200,62
1588904100,59
1588905000,62
1588905900,59
1588906800,78
1588907700,43
1588908600,42
1588909500,40
1588910400,58
1588911300,197
1588912200,63
1588913100,80
1588914000,62
1588914900,90
1588915800,200
1588916700,54
1588917600,61
1588918500,57
1588919400,48
1588920300,49
1588921200,40
1588922100,67
1588923000,186
1588923900,35
1588924800,86
1588925700,77
1588926600,151
1588927500,77
1588928400,72
1588929300,93
1588930200,124
1588931100,66
1588932000,83
1588932900,131
1588933800,103
1588934700,136
1588935600,221
1588936500,185
1588937400,82
1588938300,422
1588939200,538
1588940100,149
1588941000,171
1588941900,374
1588942800,166
1588943700,136
1588944600,128
1588945500,114
1588946400,150
1588947300,173
1588948200,159
1588949100,153
1588950000,161
1588950900,349
1588951800,227
1588952700,246
1588953600,148
1588954500,199
1588955400,688
1588956300,741
1588957200,192
1588958100,167
1588959000,156
1588959900,165
1588960800,173
1588961700,176
1588962600,138
1588963500,154
1588964400,209
1588965300,197
1588966200,161
1588967100,394
1588968000,696
1588968900,265
1588969800,483
1588970700,104
1588971600,128
1588972500,112
1588973400,152
1588974300,152
1588975200,92
1588976100,85
1588977000,56
1588977900,44
1588978800,58
1588979700,64
1588980600,55
1588981500,64
1588982400,55
1588983300,88
1588984200,114
1588985100,61
1588986000,50
1588986900,51
1588987800,58
1588988700,70
1588989600,66
1588990500,79
1588991400,64
1588992300,85
1588993200,67
1588994100,62
1588995000,44
1588995900,46
1588996800,55
1588997700,50
1588998600,51
1588999500,60
1589000400,65
1589001300,81
1589002200,222
1589003100,81
1589004000,98
1589004900,98
1589005800,469
1589006700,235
1589007600,154
1589008500,279
1589009400,137
1589010300,108
1589011200,153
1589012100,273
1589013000,175
1589013900,285
1589014800,852
1589015700,324
1589016600,149
1589017500,164
1589018400,211
1589019300,692
1589020200,697
1589021100,644
1589022000,410
1589022900,133
1589023800,125
1589024700,140
1589025600,139
1589026500,385
1589027400,388
1589028300,368
1589029200,243
1589030100,116
1589031000,354
1589031900,822
1589032800,840
1589033700,746
1589034600,487
1589035500,226
1589036400,257
1589037300,903
1589038200,817
1589039100,709
1589040000,377
1589040900,152
1589041800,138
1589042700,163
1589043600,151
1589044500,521
1589045400,405
1589046300,377
1589047200,180
1589048100,182
1589049000,174
1589049900,254
1589050800,155
1589051700,292
1589052600,191
1589053500,193
1589054400,168
1589055300,109
1589056200,56
1589057100,55
1589058000,64
1589058900,50
1589059800,44
1589060700,38
1589061600,39
1589062500,60
1589063400,49
1589064300,45
1589065200,35
1589066100,42
1589067000,32
1589067900,30
1589068800,29
1589069700,43
1589070600,31
1589071500,29
1589072400,45
1589073300,91
1589074200,79
1589075100,63
1589076000,58
1589076900,76
1589077800,59
1589078700,58
1589079600,54
1589080500,66
1589081400,41
1589082300,38
1589083200,38
1589084100,48
1589085000,41
1589085900,56
1589086800,58
1589087700,67
1589088600,90
1589089500,149
1589090400,201
1589091300,86
1589092200,176
1589093100,170
1589094000,80
1589094900,61
1589095800,74
1589096700,39
1589097600,61
1589098500,73
1589099400,76
1589100300,67
1589101200,63
1589102100,83
1589103000,72
1589103900,70
1589104800,63
1589105700,67
1589106600,69
1589107500,77
1589108400,62
1589109300,83
1589110200,79
1589111100,100
1589112000,63
1589112900,70
1589113800,61
1589114700,85
1589115600,63
1589116500,69
1589117400,62
1589118300,78
1589119200,68
1589120100,70
1589121000,61
1589121900,63
1589122800,62
1589123700,58
1589124600,66
1589125500,74
1589126400,78
1589127300,59
1589128200,48
1589129100,58
1589130000,57
1589130900,62
1589131800,48
1589132700,59
1589133600,53
1589134500,177
1589135400,183
1589136300,230
1589137200,213
1589138100,207
1589139000,185
1589139900,261
1589140800,177
1589141700,110
1589142600,84
1589143500,74
1589144400,70
1589145300,57
1589146200,77
1589147100,50
1589148000,53
1589148900,33
1589149800,54
1589150700,37
1589151600,42
1589152500,34
1589153400,46
1589154300,45
1589155200,42
1589156100,43
1589157000,56
1589157900,71
1589158800,45
1589159700,43
1589160600,34
1589161500,51
1589162400,41
1589163300,43
1589164200,33
1589165100,52
1589166000,69
1589166900,65
1589167800,63
1589168700,59
1589169600,67
1589170500,39
1589171400,46
1589172300,51
1589173200,57
1589174100,184
1589175000,88
1589175900,66
1589176800,416
1589177700,436
1589178600,158
1589179500,485
1589180400,483
1589181300,259
1589182200,299
1589183100,267
1589184000,222
1589184900,489
1589185800,509
1589186700,516
1589187600,541
1589188500,174
1589189400,394
1589190300,735
1589191200,366
1589192100,210
1589193000,143
1589193900,144
1589194800,138
1589195700,122
1589196600,145
1589197500,408
1589198400,259
1589199300,178
1589200200,194
1589201100,188
1589202000,174
1589202900,265
1589203800,251
1589204700,168
1589205600,271
1589206500,153
1589207400,550
1589208300,283
1589209200,148
1589210100,175
1589211000,147
1589211900,144
1589212800,132
1589213700,162
1589214600,154
1589215500,249
1589216400,235
1589217300,255
1589218200,282
1589219100,240
1589220000,266
1589220900,248
1589221800,264
1589222700,256
1589223600,251
1589224500,167
1589225400,213
1589226300,186
1589227200,161
1589228100,138
1589229000,123
1589229900,154
1589230800,224
1589231700,165
1589232600,108
1589233500,121
1589234400,78
1589235300,83
1589236200,88
1589237100,80
1589238000,76
1589238900,45
1589239800,43
1589240700,34
1589241600,56
1589242500,34
1589243400,47
1589244300,140
1589245200,85
1589246100,41
1589247000,45
1589247900,37
1589248800,46
1589249700,49
1589250600,57
1589251500,61
1589252400,81
1589253300,74
1589254200,67
1589255100,58
1589256000,62
1589256900,40
1589257800,54
1589258700,251
1589259600,243
1589260500,424
1589261400,176
1589262300,91
1589263200,107
1589264100,443
1589265000,244
1589265900,121
1589266800,101
1589267700,89
1589268600,87
1589269500,96
1589270400,86
1589271300,90
1589272200,97
1589273100,95
1589274000,105
1589274900,228
1589275800,189
1589276700,137
1589277600,141
1589278500,233
1589279400,173
1589280300,205
1589281200,346
1589282100,571
1589283000,280
1589283900,157
1589284800,227
1589285700,176
1589286600,146
1589287500,133
1589288400,142
1589289300,138
1589290200,134
1589291100,128
1589292000,146
1589292900,153
1589293800,148
1589294700,125
1589295600,133
1589296500,140
1589297400,137
1589298300,130
1589299200,132
1589300100,139
1589301000,141
1589301900,139
1589302800,146
1589303700,164
1589304600,151
1589305500,224
1589306400,239
1589307300,272
1589308200,239
1589309100,234
1589310000,232
1589310900,197
1589311800,200
1589312700,136
1589313600,119
1589314500,161
1589315400,88
1589316300,77
1589317200,93
1589318100,70
1589319000,76
1589319900,77
1589320800,81
1589321700,82
1589322600,92
1589323500,94
1589324400,74
1589325300,65
1589326200,78
1589327100,73
1589328000,73
1589328900,66
1589329800,84
1589330700,66
1589331600,73
1589332500,65
1589333400,85
1589334300,66
1589335200,72
1589336100,85
1589337000,99
1589337900,74
1589338800,57
1589339700,59
1589340600,61
1589341500,49
1589342400,104
1589343300,142
1589344200,56
1589345100,47
1589346000,55
1589346900,58
1589347800,68
1589348700,60
1589349600,69
1589350500,54
1589351400,52
1589352300,240
1589353200,581
1589354100,326
1589355000,278
1589355900,438
1589356800,703
1589357700,683
1589358600,511
1589359500,177
1589360400,131
1589361300,400
1589362200,455
1589363100,264
1589364000,279
1589364900,263
1589365800,230
1589366700,801
1589367600,289
1589368500,478
1589369400,125
1589370300,91
1589371200,106
1589372100,87
1589373000,95
1589373900,79
1589374800,86
1589375700,178
1589376600,67
1589377500,64
1589378400,77
1589379300,58
1589380200,65
1589381100,96
1589382000,132
1589382900,192
1589383800,153
1589384700,152
1589385600,240
1589386500,135
1589387400,108
1589388300,101
1589389200,109
1589390100,92
1589391000,100
1589391900,113
1589392800,128
1589393700,126
1589394600,196
1589395500,206
1589396400,165
1589397300,225
1589398200,192
1589399100,135
1589400000,83
1589400900,36
1589401800,41
1589402700,35
1589403600,53
1589404500,34
1589405400,40
1589406300,36
1589407200,52
1589408100,36
1589409000,39
1589409900,37
1589410800,69
1589411700,51
1589412600,56
1589413500,38
1589414400,51
1589415300,39
1589416200,38
1589417100,39
1589418000,51
1589418900,40
1589419800,37
1589420700,40
1589421600,50
1589422500,42
1589423400,34
1589424300,58
1589425200,63
1589426100,59
1589427000,35
1589427900,46
1589428800,106
1589429700,222
1589430600,59
1589431500,81
1589432400,73
1589433300,64
1589434200,53
1589435100,70
1589436000,63
1589436900,75
1589437800,45
1589438700,52
1589439600,45
1589440500,67
1589441400,61
1589442300,74
1589443200,65
1589444100,86
1589445000,68
1589445900,58
1589446800,48
1589447700,100
1589448600,75
1589449500,124
1589450400,112
1589451300,217
1589452200,176
1589453100,137
1589454000,101
1589454900,95
1589455800,176
1589456700,135
1589457600,76
1589458500,76
1589459400,80
1589460300,67
1589461200,55
1589462100,71
1589463000,161
1589463900,158
1589464800,634
1589465700,466
1589466600,452
1589467500,245
1589468400,147
1589469300,143
1589470200,131
1589471100,140
1589472000,120
1589472900,131
1589473800,123
1589474700,150
1589475600,142
1589476500,146
1589477400,146
1589478300,171
1589479200,180
1589480100,182
1589481000,159
1589481900,159
1589482800,162
1589483700,185
1589484600,217
1589485500,204
1589486400,218
1589487300,144
1589488200,135
1589489100,131
1589490000,133
1589490900,150
1589491800,145
1589492700,143
1589493600,148
1589494500,105
1589495400,56
1589496300,44
1589497200,47
1589498100,50
1589499000,55
1589499900,44
1589500800,47
1589501700,40
1589502600,62
1589503500,42
1589504400,46
1589505300,42
1589506200,55
1589507100,45
1589508000,61
1589508900,56
1589509800,80
1589510700,77
1589511600,68
1589512500,59
1589513400,71
1589514300,51
1589515200,304
1589516100,80
1589517000,51
1589517900,43
1589518800,85
1589519700,68
1589520600,219
1589521500,142
1589522400,178
1589523300,200
1589524200,122
1589525100,117
1589526000,212
1589526900,132
1589527800,73
1589528700,61
1589529600,92
1589530500,74
1589531400,99
1589532300,77
1589533200,86
1589534100,98
1589535000,94
1589535900,96
1589536800,387
1589537700,164
1589538600,366
1589539500,273
1589540400,145
1589541300,137
1589542200,130
1589543100,535
1589544000,696
1589544900,647
1589545800,594
1589546700,160
1589547600,110
1589548500,358
1589549400,885
1589550300,810
1589551200,645
1589552100,244
1589553000,130
1589553900,520
1589554800,194
1589555700,183
1589556600,175
1589557500,311
1589558400,648
1589559300,755
1589560200,348
1589561100,302
1589562000,317
1589562900,318
1589563800,332
1589564700,340
1589565600,309
1589566500,300
1589567400,286
1589568300,326
1589569200,312
1589570100,263
1589571000,272
1589571900,240
1589572800,197
1589573700,141
1589574600,74
1589575500,65
1589576400,63
1589577300,45
1589578200,59
1589579100,50
1589580000,49
1589580900,53
1589581800,55
1589582700,55
1589583600,72
1589584500,63
1589585400,54
1589586300,47
1589587200,57
1589588100,44
1589589000,51
1589589900,56
1589590800,50
1589591700,159
1589592600,75
1589593500,58
1589594400,60
1589595300,51
1589596200,64
1589597100,57
1589598000,63
1589598900,57
1589599800,76
1589600700,79
1589601600,76
1589602500,64
1589603400,63
1589604300,77
1589605200,200
1589606100,346
1589607000,80
1589607900,108
1589608800,143
1589609700,114
1589610600,107
1589611500,133
1589612400,145
1589613300,162
1589614200,122
1589615100,117
1589616000,123
1589616900,118
1589617800,139
1589618700,99
1589619600,175
1589620500,244
1589621400,784
1589622300,370
1589623200,532
1589624100,180
1589625000,157
1589625900,167
1589626800,185
1589627700,229
1589628600,886
1589629500,838
1589630400,771
1589631300,582
1589632200,186
1589633100,258
1589634000,183
1589634900,231
1589635800,222
1589636700,207
1589637600,213
1589638500,223
1589639400,243
1589640300,230
1589641200,249
1589642100,211
1589643000,180
1589643900,170
1589644800,215
1589645700,188
1589646600,1976
1589647500,2326
1589648400,2333
1589649300,1266
1589650200,1204
1589651100,1269
1589652000,1566
1589652900,1209
1589653800,1186
1589654700,1138
1589655600,977
1589656500,1248
1589657400,374
1589658300,200
1589659200,152
1589660100,141
1589661000,128
1589661900,107
1589662800,118
1589663700,135
1589664600,48
1589665500,40
1589666400,52
1589667300,47
1589668200,63
1589669100,55
1589670000,72
1589670900,40
1589671800,48
1589672700,40
1589673600,60
1589674500,60
1589675400,106
1589676300,60
1589677200,77
1589678100,59
1589679000,68
1589679900,66
1589680800,71
1589681700,57
1589682600,62
1589683500,54
1589684400,52
1589685300,41
1589686200,47
1589687100,53
1589688000,47
1589688900,43
1589689800,59
1589690700,76
1589691600,67
1589692500,67
1589693400,66
1589694300,268
1589695200,501
1589696100,435
1589697000,66
1589697900,79
1589698800,59
1589699700,54
1589700600,48
1589701500,77
1589702400,70
1589703300,76
1589704200,71
1589705100,86
1589706000,50
1589706900,72
1589707800,74
1589708700,99
1589709600,84
1589710500,79
1589711400,70
1589712300,82
1589713200,69
1589714100,79
1589715000,78
1589715900,87
1589716800,77
1589717700,75
1589718600,76
1589719500,105
1589720400,277
1589721300,101
1589722200,282
1589723100,309
1589724000,92
1589724900,79
1589725800,560
1589726700,632
1589727600,110
1589728500,123
1589729400,126
1589730300,138
1589731200,129
1589732100,148
1589733000,113
1589733900,146
1589734800,129
1589735700,129
1589736600,126
1589737500,144
1589738400,112
1589739300,101
1589740200,104
1589741100,122
1589742000,96
1589742900,57
1589743800,68
1589744700,93
1589745600,182
1589746500,84
1589747400,77
1589748300,77
1589749200,79
1589750100,68
1589751000,72
1589751900,77
1589752800,80
1589753700,69
1589754600,72
1589755500,69
1589756400,73
1589757300,76
1589758200,69
1589759100,61
1589760000,52
1589760900,41
1589761800,40
1589762700,40
1589763600,53
1589764500,41
1589765400,39
1589766300,41
1589767200,50
1589768100,46
1589769000,39
1589769900,56
1589770800,52
1589771700,67
1589772600,53
1589773500,51
1589774400,40
1589775300,61
1589776200,154
1589777100,219
1589778000,234
1589778900,319
1589779800,416
1589780700,451
1589781600,276
1589782500,501
1589783400,410
1589784300,923
1589785200,743
1589786100,702
1589787000,513
1589787900,437
1589788800,264
1589789700,224
1589790600,197
1589791500,153
1589792400,90
1589793300,110
1589794200,144
1589795100,455
1589796000,715
1589796900,449
1589797800,200
1589798700,544
1589799600,359
1589800500,292
1589801400,159
1589802300,80
1589803200,71
1589804100,67
1589805000,68
1589805900,69
1589806800,59
1589807700,75
1589808600,61
1589809500,92
1589810400,74
1589811300,81
1589812200,63
1589813100,88
1589814000,58
1589814900,64
1589815800,55
1589816700,101
1589817600,105
1589818500,101
1589819400,107
1589820300,147
1589821200,171
1589822100,168
1589823000,168
1589823900,160
1589824800,168
1589825700,152
1589826600,162
1589827500,154
1589828400,216
1589829300,203
1589830200,232
1589831100,126
1589832000,113
1589832900,91
1589833800,90
1589834700,104
1589835600,110
1589836500,84
1589837400,69
1589838300,59
1589839200,74
1589840100,64
1589841000,67
1589841900,62
1589842800,66
1589843700,77
1589844600,41
1589845500,47
1589846400,35
1589847300,66
1589848200,58
1589849100,56
1589850000,52
1589850900,50
1589851800,41
1589852700,33
1589853600,43
1589854500,46
1589855400,44
1589856300,42
1589857200,33
1589858100,47
1589859000,44
1589859900,42
1589860800,181
1589861700,54
1589862600,83
1589863500,50
1589864400,73
1589865300,66
1589866200,77
1589867100,60
1589868000,63
1589868900,56
1589869800,44
1589870700,59
1589871600,45
1589872500,99
1589873400,553
1589874300,713
1589875200,373
1589876100,633
1589877000,548
1589877900,303
1589878800,275
1589879700,120
1589880600,125
1589881500,104
1589882400,130
1589883300,111
1589884200,103
1589885100,105
1589886000,125
1589886900,110
1589887800,104
1589888700,107
1589889600,102
1589890500,92
1589891400,75
1589892300,74
1589893200,80
1589894100,74
1589895000,67
1589895900,73
1589896800,75
1589897700,78
1589898600,67
1589899500,71
1589900400,71
1589901300,69
1589902200,76
1589903100,71
1589904000,77
1589904900,68
1589905800,102
1589906700,104
1589907600,110
1589908500,308
1589909400,113
1589910300,91
1589911200,96
1589912100,100
1589913000,111
1589913900,170
1589914800,150
1589915700,203
1589916600,178
1589917500,133
1589918400,92
1589919300,75
1589920200,80
1589921100,73
1589922000,66
1589922900,74
1589923800,72
1589924700,78
1589925600,48
1589926500,52
1589927400,49
1589928300,65
1589929200,42
1589930100,42
1589931000,36
1589931900,57
1589932800,35
1589933700,43
1589934600,35
1589935500,59
1589936400,55
1589937300,60
1589938200,52
1589939100,47
1589940000,45
1589940900,41
1589941800,39
1589942700,39
1589943600,54
1589944500,40
1589945400,41
1589946300,38
1589947200,73
1589948100,143
1589949000,69
1589949900,106
1589950800,70
1589951700,54
1589952600,58
1589953500,35
1589954400,69
1589955300,68
1589956200,66
1589957100,58
1589958000,54
1589958900,59
1589959800,54
1589960700,44
1589961600,54
1589962500,64
1589963400,85
1589964300,72
1589965200,173
1589966100,135
1589967000,120
1589967900,179
1589968800,186
1589969700,158
1589970600,169
1589971500,136
1589972400,164
1589973300,138
1589974200,193
1589975100,171
1589976000,129
1589976900,125
1589977800,144
1589978700,128
1589979600,123
1589980500,117
1589981400,123
1589982300,118
1589983200,109
1589984100,112
1589985000,174
1589985900,228
1589986800,118
1589987700,77
1589988600,62
1589989500,125
1589990400,116
1589991300,156
1589992200,268
1589993100,150
1589994000,232
1589994900,537
1589995800,148
1589996700,160
1589997600,247
1589998500,183
1589999400,168
1590000300,172
1590001200,208
1590002100,711
1590003000,285
1590003900,422
1590004800,142
1590005700,126
1590006600,115
1590007500,113
1590008400,104
1590009300,127
1590010200,130
1590011100,124
1590012000,68
1590012900,42
1590013800,45
1590014700,46
1590015600,36
1590016500,42
1590017400,41
1590018300,48
1590019200,34
1590020100,40
1590021000,39
1590021900,51
1590022800,33
1590023700,48
1590024600,54
1590025500,68
1590026400,46
1590027300,39
1590028200,35
1590029100,64
1590030000,42
1590030900,43
1590031800,38
1590032700,51
1590033600,38
1590034500,39
1590035400,332
1590036300,103
1590037200,63
1590038100,333
1590039000,604
1590039900,595
1590040800,253
1590041700,62
1590042600,91
1590043500,504
1590044400,243
1590045300,199
1590046200,176
1590047100,262
1590048000,197
1590048900,1120
1590049800,1023
1590050700,780
1590051600,600
1590052500,218
1590053400,205
1590054300,110
1590055200,83
1590056100,74
1590057000,66
1590057900,74
1590058800,65
1590059700,75
1590060600,65
1590061500,76
1590062400,65
1590063300,75
1590064200,66
1590065100,73
1590066000,63
1590066900,65
1590067800,55
1590068700,70
1590069600,65
1590070500,80
1590071400,91
1590072300,87
1590073200,79
1590074100,102
1590075000,72
1590075900,55
1590076800,60
1590077700,55
1590078600,60
1590079500,54
1590080400,61
1590081300,53
1590082200,91
1590083100,110
1590084000,113
1590084900,109
1590085800,155
1590086700,149
1590087600,152
1590088500,142
1590089400,131
1590090300,114
1590091200,121
1590092100,70
1590093000,111
1590093900,72
1590094800,78
1590095700,70
1590096600,79
1590097500,71
1590098400,75
1590099300,59
1590100200,65
1590101100,59
1590102000,69
1590102900,56
1590103800,63
1590104700,66
1590105600,80
1590106500,72
1590107400,79
1590108300,55
1590109200,67
1590110100,56
1590111000,64
1590111900,55
1590112800,63
1590113700,55
1590114600,62
1590115500,54
1590116400,63
1590117300,55
1590118200,56
1590119100,43
1590120000,54
1590120900,225
1590121800,102
1590122700,93
1590123600,72
1590124500,45
1590125400,172
1590126300,74
1590127200,89
1590128100,46
1590129000,130
1590129900,88
1590130800,63
1590131700,46
1590132600,429
1590133500,304
1590134400,154
1590135300,91
1590136200,181
1590137100,247
1590138000,67
1590138900,207
1590139800,91
1590140700,162
1590141600,697
1590142500,186
1590143400,364
1590144300,107
1590145200,86
1590146100,91
1590147000,205
1590147900,274
1590148800,154
1590149700,184
1590150600,344
1590151500,129
1590152400,136
1590153300,162
1590154200,104
1590155100,270
1590156000,264
1590156900,175
1590157800,118
1590158700,82
1590159600,63
1590160500,80
1590161400,71
1590162300,78
1590163200,51
1590164100,52
1590165000,46
1590165900,51
1590166800,45
1590167700,52
1590168600,45
1590169500,53
1590170400,44
1590171300,53
1590172200,45
1590173100,53
1590174000,59
1590174900,67
1590175800,60
1590176700,54
1590177600,44
1590178500,36
1590179400,26
1590180300,34
1590181200,25
1590182100,34
1590183000,27
1590183900,35
1590184800,26
1590185700,34
1590186600,29
1590187500,51
1590188400,42
1590189300,45
1590190200,26
1590191100,36
1590192000,25
1590192900,35
1590193800,26
1590194700,36
1590195600,99
1590196500,103
1590197400,63
1590198300,70
1590199200,45
1590200100,54
1590201000,48
1590201900,53
1590202800,44
1590203700,51
1590204600,43
1590205500,51
1590206400,43
1590207300,51
1590208200,42
1590209100,51
1590210000,55
1590210900,66
1590211800,65
1590212700,55
1590213600,43
1590214500,53
1590215400,153
1590216300,260
1590217200,87
1590218100,76
1590219000,357
1590219900,210
1590220800,83
1590221700,89
1590222600,94
1590223500,95
1590224400,71
1590225300,81
1590226200,72
1590227100,81
1590228000,75
1590228900,82
1590229800,133
1590230700,113
1590231600,170
1590232500,111
1590233400,103
1590234300,151
1590235200,100
1590236100,112
1590237000,99
1590237900,291
1590238800,265
1590239700,189
1590240600,188
1590241500,169
1590242400,170
1590243300,175
1590244200,201
1590245100,200
1590246000,205
1590246900,216
1590247800,635
1590248700,645
1590249600,281
1590250500,423
1590251400,421
1590252300,698
1590253200,575
1590254100,268
1590255000,127
1590255900,103
1590256800,134
1590257700,155
1590258600,171
1590259500,159
1590260400,168
1590261300,173
1590262200,181
1590263100,182
1590264000,185
1590264900,149
1590265800,270
1590266700,158
1590267600,103
1590268500,51
1590269400,43
1590270300,50
1590271200,59
1590272100,52
1590273000,48
1590273900,35
1590274800,43
1590275700,34
1590276600,44
1590277500,34
1590278400,43
1590279300,35
1590280200,44
1590281100,35
1590282000,99
1590282900,59
1590283800,78
1590284700,69
1590285600,69
1590286500,37
1590287400,43
1590288300,35
1590289200,44
1590290100,34
1590291000,43
1590291900,35
1590292800,40
1590293700,35
1590294600,43
1590295500,44
1590296400,67
1590297300,55
1590298200,90
1590299100,48
1590300000,202
1590300900,66
1590301800,219
1590302700,69
1590303600,84
1590304500,69
1590305400,71
1590306300,52
1590307200,54
1590308100,49
1590309000,54
1590309900,61
1590310800,140
1590311700,766
1590312600,264
1590313500,137
1590314400,429
1590315300,511
1590316200,341
1590317100,277
1590318000,114
1590318900,117
1590319800,110
1590320700,117
1590321600,86
1590322500,78
1590323400,66
1590324300,74
1590325200,66
1590326100,84
1590327000,81
1590327900,91
1590328800,82
1590329700,82
1590330600,65
1590331500,73
1590332400,65
1590333300,90
1590334200,124
1590335100,126
1590336000,126
1590336900,146
1590337800,144
1590338700,155
1590339600,113
1590340500,96
1590341400,96
1590342300,93
1590343200,111
1590344100,149
1590345000,148
1590345900,147
1590346800,149
1590347700,148
1590348600,223
1590349500,189
1590350400,141
1590351300,67
1590352200,75
1590353100,69
1590354000,77
1590354900,68
1590355800,75
1590356700,66
1590357600,65
1590358500,54
1590359400,65
1590360300,58
1590361200,68
1590362100,66
1590363000,79
1590363900,69
1590364800,65
1590365700,53
1590366600,63
1590367500,54
1590368400,62
1590369300,55
1590370200,61
1590371100,57
1590372000,60
1590372900,57
1590373800,58
1590374700,56
1590375600,62
1590376500,67
1590377400,56
1590378300,61
1590379200,61
1590380100,50
1590381000,42
1590381900,48
1590382800,125
1590383700,159
1590384600,174
1590385500,344
1590386400,529
1590387300,471
1590388200,468
1590389100,262
1590390000,275
1590390900,90
1590391800,82
1590392700,334
1590393600,204
1590394500,211
1590395400,686
1590396300,506
1590397200,509
1590398100,451
1590399000,181
1590399900,137
1590400800,534
1590401700,518
1590402600,378
1590403500,225
1590404400,134
1590405300,124
1590406200,151
1590407100,199
1590408000,152
1590408900,136
1590409800,218
1590410700,98
1590411600,118
1590412500,158
1590413400,166
1590414300,154
1590415200,163
1590416100,158
1590417000,193
1590417900,403
1590418800,127
1590419700,132
1590420600,132
1590421500,528
1590422400,646
1590423300,349
1590424200,153
1590425100,162
1590426000,191
1590426900,182
1590427800,190
1590428700,155
1590429600,140
1590430500,157
1590431400,162
1590432300,185
1590433200,181
1590434100,181
1590435000,161
1590435900,179
1590436800,177
1590437700,150
1590438600,96
1590439500,90
1590440400,79
1590441300,79
1590442200,68
1590443100,76
1590444000,74
1590444900,88
1590445800,74
1590446700,65
1590447600,63
1590448500,64
1590449400,60
1590450300,57
1590451200,60
1590452100,57
1590453000,62
1590453900,55
1590454800,62
1590455700,56
1590456600,81
1590457500,71
1590458400,69
1590459300,54
1590460200,56
1590461100,46
1590462000,57
1590462900,56
1590463800,59
1590464700,41
1590465600,51
1590466500,41
1590467400,97
1590468300,683
1590469200,742
1590470100,697
1590471000,618
1590471900,670
1590472800,74
1590473700,60
1590474600,145
1590475500,119
1590476400,140
1590477300,111
1590478200,128
1590479100,181
1590480000,146
1590480900,397
1590481800,210
1590482700,143
1590483600,170
1590484500,174
1590485400,842
1590486300,217
1590487200,467
1590488100,159
1590489000,158
1590489900,157
1590490800,115
1590491700,270
1590492600,369
1590493500,213
1590494400,176
1590495300,344
1590496200,433
1590497100,392
1590498000,496
1590498900,120
1590499800,117
1590500700,122
1590501600,136
1590502500,154
1590503400,134
1590504300,141
1590505200,167
1590506100,154
1590507000,139
1590507900,132
1590508800,133
1590509700,143
1590510600,133
1590511500,144
1590512400,136
1590513300,145
1590514200,145
1590515100,131
1590516000,125
1590516900,165
1590517800,133
1590518700,103
1590519600,139
1590520500,226
1590521400,99
1590522300,95
1590523200,42
1590524100,34
1590525000,24
1590525900,33
1590526800,24
1590527700,31
1590528600,69
1590529500,83
1590530400,60
1590531300,52
1590532200,53
1590533100,42
1590534000,49
1590534900,44
1590535800,50
1590536700,54
1590537600,65
1590538500,53
1590539400,47
1590540300,42
1590541200,45
1590542100,45
1590543000,41
1590543900,48
1590544800,39
1590545700,48
1590546600,38
1590547500,42
1590548400,31
1590549300,41
1590550200,47
1590551100,56
1590552000,205
1590552900,54
1590553800,48
1590554700,48
1590555600,47
1590556500,46
1590557400,43
1590558300,45
1590559200,56
1590560100,60
1590561000,67
1590561900,41
1590562800,52
1590563700,35
1590564600,236
1590565500,618
1590566400,669
1590567300,758
1590568200,507
1590569100,362
1590570000,133
1590570900,70
1590571800,101
1590572700,96
1590573600,99
1590574500,208
1590575400,173
1590576300,147
1590577200,123
1590578100,266
1590579000,97
1590579900,270
1590580800,263
1590581700,110
1590582600,98
1590583500,101
1590584400,73
1590585300,82
1590586200,86
1590587100,430
1590588000,516
1590588900,158
1590589800,113
1590590700,116
1590591600,137
1590592500,148
1590593400,143
1590594300,143
1590595200,147
1590596100,152
1590597000,134
1590597900,145
1590598800,155
1590599700,151
1590600600,155
1590601500,145
1590602400,157
1590603300,178
1590604200,191
1590605100,154
1590606000,134
1590606900,302
1590607800,166
1590608700,105
1590609600,72
1590610500,46
1590611400,52
1590612300,41
1590613200,57
1590614100,70
1590615000,84
1590615900,120
1590616800,77
1590617700,71
1590618600,57
1590619500,58
1590620400,63
1590621300,53
1590622200,62
1590623100,54
1590624000,64
1590624900,61
1590625800,58
1590626700,78
1590627600,67
1590628500,67
1590629400,51
1590630300,59
1590631200,57
1590632100,55
1590633000,60
1590633900,51
1590634800,61
1590635700,50
1590636600,61
1590637500,55
1590638400,72
1590639300,236
1590640200,148
1590641100,86
1590642000,383
1590642900,321
1590643800,417
1590644700,111
1590645600,40
1590646500,35
1590647400,42
1590648300,34
1590649200,42
1590650100,33
1590651000,41
1590651900,53
1590652800,78
1590653700,159
1590654600,80
1590655500,95
1590656400,100
1590657300,139
1590658200,138
1590659100,143
1590660000,135
1590660900,274
1590661800,212
1590662700,172
1590663600,188
1590664500,189
1590665400,180
1590666300,170
1590667200,180
1590668100,145
1590669000,142
1590669900,181
1590670800,124
1590671700,115
1590672600,110
1590673500,137
1590674400,131
1590675300,233
1590676200,706
1590677100,183
1590678000,156
1590678900,156
1590679800,141
1590680700,215
1590681600,233
1590682500,225
1590683400,254
1590684300,230
1590685200,238
1590686100,238
1590687000,232
1590687900,228
1590688800,233
1590689700,191
1590690600,152
1590691500,114
1590692400,105
1590693300,116
1590694200,159
1590695100,114
1590696000,71
1590696900,84
1590697800,66
1590698700,70
1590699600,72
1590700500,84
1590701400,87
1590702300,70
1590703200,75
1590704100,65
1590705000,68
1590705900,52
1590706800,54
1590707700,48
1590708600,55
1590709500,47
1590710400,56
1590711300,48
1590712200,67
1590713100,69
1590714000,57
1590714900,54
1590715800,46
1590716700,56
1590717600,47
1590718500,54
1590719400,41
1590720300,42
1590721200,35
1590722100,40
1590723000,35
1590723900,52
1590724800,174
1590725700,54
1590726600,35
1590727500,41
1590728400,40
1590729300,106
1590730200,131
1590731100,38
1590732000,100
1590732900,232
1590733800,373
1590734700,246
1590735600,268
1590736500,45
1590737400,51
1590738300,43
1590739200,101
1590740100,180
1590741000,163
1590741900,130
1590742800,116
1590743700,112
1590744600,120
1590745500,140
1590746400,93
1590747300,90
1590748200,152
1590749100,93
1590750000,90
1590750900,172
1590751800,120
1590752700,193
1590753600,225
1590754500,279
1590755400,137
1590756300,139
1590757200,118
1590758100,124
1590759000,110
1590759900,118
1590760800,119
1590761700,122
1590762600,124
1590763500,139
1590764400,141
1590765300,117
1590766200,117
1590767100,109
1590768000,113
1590768900,150
1590769800,151
1590770700,112
1590771600,154
1590772500,167
1590773400,277
1590774300,167
1590775200,172
1590776100,176
1590777000,163
1590777900,245
1590778800,167
1590779700,178
1590780600,180
1590781500,176
1590782400,149
1590783300,139
1590784200,130
1590785100,123
1590786000,142
1590786900,76
1590787800,61
1590788700,59
1590789600,36
1590790500,40
1590791400,45
1590792300,33
1590793200,44
1590794100,44
1590795000,33
1590795900,44
1590796800,43
1590797700,35
1590798600,44
1590799500,52
1590800400,56
1590801300,51
1590802200,36
1590803100,42
1590804000,44
1590804900,35
1590805800,44
1590806700,41
1590807600,40
1590808500,44
1590809400,37
1590810300,44
1590811200,46
1590812100,50
1590813000,78
1590813900,208
1590814800,177
1590815700,181
1590816600,137
1590817500,286
1590818400,274
1590819300,661
1590820200,616
1590821100,259
1590822000,114
1590822900,115
1590823800,86
1590824700,110
1590825600,111
1590826500,106
1590827400,139
1590828300,476
1590829200,643
1590830100,124
1590831000,98
1590831900,109
1590832800,104
1590833700,129
1590834600,524
1590835500,736
1590836400,743
1590837300,1388
1590838200,424
1590839100,421
1590840000,178
1590840900,288
1590841800,406
1590842700,175
1590843600,148
1590844500,138
1590845400,139
1590846300,152
1590847200,150
1590848100,152
1590849000,131
1590849900,134
1590850800,136
1590851700,141
1590852600,145
1590853500,138
1590854400,147
1590855300,142
1590856200,136
1590857100,162
1590858000,136
1590858900,147
1590859800,154
1590860700,236
1590861600,160
1590862500,174
1590863400,138
1590864300,138
1590865200,202
1590866100,199
1590867000,185
1590867900,201
1590868800,145
1590869700,54
1590870600,56
1590871500,37
1590872400,45
1590873300,40
1590874200,38
1590875100,45
1590876000,34
1590876900,45
1590877800,39
1590878700,40
1590879600,54
1590880500,53
1590881400,54
1590882300,37
1590883200,43
1590884100,43
1590885000,36
1590885900,45
1590886800,37
1590887700,44
1590888600,42
1590889500,44
1590890400,113
1590891300,56
1590892200,63
1590893100,59
1590894000,68
1590894900,64
1590895800,44
1590896700,45
1590897600,51
1590898500,70
1590899400,66
1590900300,64
1590901200,51
1590902100,38
1590903000,173
1590903900,53
1590904800,256
1590905700,716
1590906600,352
1590907500,64
1590908400,135
1590909300,57
1590910200,51
1590911100,56
1590912000,71
1590912900,73
1590913800,89
1590914700,412
1590915600,548
1590916500,131
1590917400,236
1590918300,437
1590919200,523
1590920100,607
1590921000,683
1590921900,323
1590922800,452
1590923700,160
1590924600,161
1590925500,100
1590926400,140
1590927300,95
1590928200,98
1590929100,84
1590930000,100
1590930900,84
1590931800,96
1590932700,111
1590933600,117
1590934500,115
1590935400,115
1590936300,100
1590937200,106
1590938100,96
1590939000,112
1590939900,117
1590940800,117
1590941700,113
1590942600,96
1590943500,105
1590944400,94
1590945300,102
1590946200,98
1590947100,362
1590948000,438
1590948900,160
1590949800,243
1590950700,163
1590951600,172
1590952500,179
1590953400,177
1590954300,165
1590955200,104
1590956100,74
1590957000,67
1590957900,52
1590958800,56
1590959700,60
1590960600,65
1590961500,59
1590962400,82
1590963300,72
1590964200,72
1590965100,59
1590966000,61
1590966900,64
1590967800,58
1590968700,65
1590969600,56
1590970500,67
1590971400,53
1590972300,52
1590973200,56
1590974100,38
1590975000,48
1590975900,55
1590976800,64
1590977700,46
1590978600,1590
1590979500,2488
1590980400,2255
1590981300,1483
1590982200,1218
1590983100,1180
1590984000,943
1590984900,942
1590985800,1180
1590986700,181
1590987600,94
1590988500,64
1590989400,94
1590990300,84
1590991200,248
1590992100,67
1590993000,238
1590993900,586
1590994800,361
1590995700,385
1590996600,714
1590997500,733
1590998400,477
1590999300,598
1591000200,387
1591001100,371
1591002000,518
1591002900,1020
1591003800,498
1591004700,433
1591005600,169
1591006500,184
1591007400,163
1591008300,154
1591009200,150
1591010100,149
1591011000,146
1591011900,143
1591012800,135
1591013700,150
1591014600,147
1591015500,227
1591016400,225
1591017300,173
1591018200,189
1591019100,407
1591020000,524
1591020900,250
1591021800,368
1591022700,126
1591023600,152
1591024500,270
1591025400,806
1591026300,823
1591027200,704
1591028100,767
1591029000,200
1591029900,138
1591030800,127
1591031700,125
1591032600,83
1591033500,85
1591034400,79
1591035300,70
1591036200,83
1591037100,83
1591038000,74
1591038900,78
1591039800,77
1591040700,84
1591041600,70
1591042500,62
1591043400,63
1591044300,59
1591045200,36
1591046100,43
1591047000,54
1591047900,90
1591048800,71
1591049700,53
1591050600,73
1591051500,46
1591052400,50
1591053300,42
1591054200,62
1591055100,48
1591056000,52
1591056900,56
1591057800,73
1591058700,65
1591059600,62
1591060500,65
1591061400,63
1591062300,65
1591063200,40
1591064100,48
1591065000,40
1591065900,65
1591066800,40
1591067700,48
1591068600,40
1591069500,61
1591070400,43
1591071300,63
1591072200,55
1591073100,69
1591074000,216
1591074900,356
1591075800,112
1591076700,212
1591077600,366
1591078500,144
1591079400,129
1591080300,363
1591081200,104
1591082100,153
1591083000,313
1591083900,97
1591084800,229
1591085700,817
1591086600,760
1591087500,141
1591088400,237
1591089300,330
1591090200,229
1591091100,183
1591092000,279
1591092900,130
1591093800,174
1591094700,829
1591095600,234
1591096500,516
1591097400,404
1591098300,818
1591099200,838
1591100100,702
1591101000,617
1591101900,150
1591102800,120
1591103700,112
1591104600,187
1591105500,496
1591106400,428
1591107300,465
1591108200,444
1591109100,298
1591110000,275
1591110900,155
1591111800,146
1591112700,155
1591113600,128
1591114500,136
1591115400,125
1591116300,139
1591117200,141
1591118100,134
1591119000,132
1591119900,128
1591120800,234
1591121700,155
1591122600,146
1591123500,139
1591124400,147
1591125300,163
1591126200,155
1591127100,150
1591128000,171
1591128900,178
1591129800,155
1591130700,133
1591131600,103
1591132500,117
1591133400,110
1591134300,109
1591135200,104
1591136100,104
1591137000,91
1591137900,56
1591138800,66
1591139700,44
1591140600,63
1591141500,50
1591142400,49
1591143300,63
1591144200,65
1591145100,72
1591146000,38
1591146900,47
1591147800,39
1591148700,60
1591149600,41
1591150500,48
1591151400,41
1591152300,47
1591153200,58
1591154100,39
1591155000,55
1591155900,44
1591156800,65
1591157700,75
1591158600,236
1591159500,142
1591160400,137
1591161300,103
1591162200,100
1591163100,99
1591164000,78
1591164900,100
1591165800,83
1591166700,96
1591167600,124
1591168500,144
1591169400,116
1591170300,156
1591171200,267
1591172100,179
1591173000,164
1591173900,121
1591174800,171
1591175700,762
1591176600,481
1591177500,127
1591178400,137
1591179300,473
1591180200,284
1591181100,166
1591182000,188
1591182900,737
1591183800,309
1591184700,363
1591185600,441
1591186500,338
1591187400,126
1591188300,156
1591189200,266
1591190100,398
1591191000,130
1591191900,124
1591192800,272
1591193700,365
1591194600,274
1591195500,316
1591196400,199
1591197300,127
1591198200,246
1591199100,569
1591200000,290
1591200900,666
1591201800,695
1591202700,237
1591203600,192
1591204500,202
1591205400,198
1591206300,192
1591207200,190
1591208100,185
1591209000,178
1591209900,173
1591210800,224
1591211700,156
1591212600,152
1591213500,136
1591214400,124
1591215300,91
1591216200,88
1591217100,93
1591218000,81
1591218900,69
1591219800,70
1591220700,69
1591221600,58
1591222500,63
1591223400,60
1591224300,75
1591225200,58
1591226100,64
1591227000,55
1591227900,76
1591228800,60
1591229700,77
1591230600,74
1591231500,68
1591232400,66
1591233300,58
1591234200,60
1591235100,57
1591236000,77
1591236900,60
1591237800,85
1591238700,70
1591239600,91
1591240500,59
1591241400,63
1591242300,62
1591243200,235
1591244100,201
1591245000,177
1591245900,77
1591246800,105
1591247700,78
1591248600,59
1591249500,39
1591250400,47
1591251300,53
1591252200,49
1591253100,101
1591254000,106
1591254900,182
1591255800,110
1591256700,101
1591257600,108
1591258500,123
1591259400,102
1591260300,71
1591261200,64
1591262100,75
1591263000,78
1591263900,79
1591264800,71
1591265700,149
1591266600,193
1591267500,192
1591268400,181
1591269300,154
1591270200,99
1591271100,142
1591272000,90
1591272900,179
1591273800,132
1591274700,135
1591275600,99
1591276500,100
1591277400,89
1591278300,266
1591279200,119
1591280100,120
1591281000,130
1591281900,137
1591282800,138
1591283700,128
1591284600,102
1591285500,171
1591286400,172
1591287300,126
1591288200,225
1591289100,144
1591290000,474
1591290900,571
1591291800,299
1591292700,323
1591293600,125
1591294500,159
1591295400,114
1591296300,125
1591297200,121
1591298100,113
1591299000,117
1591299900,114
1591300800,114
1591301700,96
1591302600,94
1591303500,136
1591304400,90
1591305300,89
1591306200,84
1591307100,87
1591308000,80
1591308900,65
1591309800,70
1591310700,77
1591311600,68
1591312500,63
1591313400,68
1591314300,75
1591315200,81
1591316100,82
1591317000,67
1591317900,69
1591318800,70
1591319700,68
1591320600,65
1591321500,106
1591322400,99
1591323300,72
1591324200,68
1591325100,1350
1591326000,2178
1591326900,2185
1591327800,1406
1591328700,1509
1591329600,1238
1591330500,1210
1591331400,926
1591332300,1058
1591333200,282
1591334100,206
1591335000,154
1591335900,131
1591336800,105
1591337700,108
1591338600,122
1591339500,168
1591340400,175
1591341300,133
1591342200,123
1591343100,198
1591344000,117
1591344900,314
1591345800,204
1591346700,152
1591347600,144
1591348500,180
1591349400,706
1591350300,289
1591351200,380
1591352100,126
1591353000,128
1591353900,122
1591354800,272
1591355700,708
1591356600,612
1591357500,652
1591358400,410
1591359300,116
1591360200,113
1591361100,123
1591362000,135
1591362900,82
1591363800,80
1591364700,91
1591365600,269
1591366500,997
1591367400,781
1591368300,695
1591369200,960
1591370100,1118
1591371000,413
1591371900,203
1591372800,183
1591373700,189
1591374600,174
1591375500,188
1591376400,567
1591377300,1215
1591378200,780
1591379100,716
1591380000,293
1591380900,195
1591381800,97
1591382700,98
1591383600,91
1591384500,96
1591385400,104
1591386300,99
1591387200,114
1591388100,103
1591389000,103
1591389900,84
1591390800,69
1591391700,78
1591392600,81
1591393500,80
1591394400,76
1591395300,66
1591396200,74
1591397100,73
1591398000,67
1591398900,68
1591399800,56
1591400700,89
1591401600,78
1591402500,84
1591403400,67
1591404300,76
1591405200,75
1591406100,57
1591407000,80
1591407900,89
1591408800,97
1591409700,92
1591410600,80
1591411500,65
1591412400,80
1591413300,80
1591414200,75
1591415100,71
1591416000,95
1591416900,73
1591417800,72
1591418700,77
1591419600,100
1591420500,244
1591421400,103
1591422300,349
1591423200,466
1591424100,112
1591425000,94
1591425900,93
1591426800,231
1591427700,179
1591428600,188
1591429500,156
1591430400,143
1591431300,185
1591432200,220
1591433100,573
1591434000,679
1591434900,255
1591435800,232
1591436700,539
1591437600,395
1591438500,461
1591439400,310
1591440300,544
1591441200,330
1591442100,231
1591443000,115
1591443900,114
1591444800,183
1591445700,186
1591446600,230
1591447500,287
1591448400,187
1591449300,193
1591450200,175
1591451100,165
1591452000,179
1591452900,155
1591453800,156
1591454700,163
1591455600,152
1591456500,151
1591457400,158
1591458300,168
1591459200,156
1591460100,156
1591461000,173
1591461900,174
1591462800,200
1591463700,199
1591464600,189
1591465500,175
1591466400,167
1591467300,151
1591468200,164
1591469100,166
1591470000,157
1591470900,298
1591471800,131
1591472700,117
1591473600,90
1591474500,116
1591475400,69
1591476300,57
1591477200,64
1591478100,62
1591479000,46
1591479900,38
1591480800,60
1591481700,38
1591482600,46
1591483500,53
1591484400,80
1591485300,66
1591486200,84
1591487100,91
1591488000,74
1591488900,46
1591489800,38
1591490700,58
1591491600,40
1591492500,47
1591493400,38
1591494300,58
1591495200,54
1591496100,72
1591497000,63
1591497900,80
1591498800,72
1591499700,48
1591500600,48
1591501500,53
1591502400,67
1591503300,56
1591504200,51
1591505100,47
1591506000,65
1591506900,62
1591507800,73
1591508700,65
1591509600,263
1591510500,755
1591511400,656
1591512300,722
1591513200,810
1591514100,239
1591515000,60
1591515900,61
1591516800,54
1591517700,63
1591518600,575
1591519500,1012
1591520400,672
1591521300,590
1591522200,146
1591523100,182
1591524000,202
1591524900,203
1591525800,169
1591526700,167
1591527600,113
1591528500,168
1591529400,204
1591530300,254
1591531200,208
1591532100,154
1591533000,118
1591533900,130
1591534800,194
1591535700,223
1591536600,151
1591537500,104
1591538400,73
1591539300,83
1591540200,111
1591541100,107
1591542000,116
1591542900,149
1591543800,178
1591544700,193
1591545600,207
1591546500,184
1591547400,177
1591548300,175
1591549200,171
1591550100,168
1591551000,181
1591551900,193
1591552800,186
1591553700,167
1591554600,133
1591555500,130
1591556400,124
1591557300,125
1591558200,108
1591559100,112
1591560000,111
1591560900,110
1591561800,88
1591562700,79
1591563600,71
1591564500,93
1591565400,71
1591566300,52
1591567200,36
1591568100,57
1591569000,37
1591569900,42
1591570800,41
1591571700,54
1591572600,39
1591573500,40
1591574400,45
1591575300,54
1591576200,62
1591577100,52
1591578000,53
1591578900,48
1591579800,46
1591580700,36
1591581600,45
1591582500,50
1591583400,45
1591584300,37
1591585200,44
1591586100,76
1591587000,84
1591587900,73
1591588800,67
1591589700,76
1591590600,56
1591591500,52
1591592400,60
1591593300,218
1591594200,266
1591595100,310
1591596000,460
1591596900,403
1591597800,371
1591598700,178
1591599600,275
1591600500,324
1591601400,117
1591602300,247
1591603200,203
1591604100,627
1591605000,419
1591605900,866
1591606800,1159
1591607700,724
1591608600,289
1591609500,173
1591610400,174
1591611300,154
1591612200,160
1591613100,88
1591614000,98
1591614900,468
1591615800,1315
1591616700,781
1591617600,689
1591618500,679
1591619400,353
1591620300,153
1591621200,106
1591622100,115
1591623000,107
1591623900,106
1591624800,102
1591625700,139
1591626600,150
1591627500,159
1591628400,538
1591629300,715
1591630200,324
1591631100,129
1591632000,118
1591632900,143
1591633800,119
1591634700,121
1591635600,122
1591636500,124
1591637400,116
1591638300,197
1591639200,212
1591640100,127
1591641000,126
1591641900,146
1591642800,168
1591643700,149
1591644600,112
1591645500,124
1591646400,126
1591647300,129
1591648200,129
1591649100,127
1591650000,108
1591650900,105
1591651800,97
1591652700,121
1591653600,100
1591654500,108
1591655400,91
1591656300,84
1591657200,60
1591658100,50
1591659000,49
1591659900,47
1591660800,45
1591661700,35
1591662600,47
1591663500,48
1591664400,45
1591665300,38
1591666200,44
1591667100,55
1591668000,38
1591668900,45
1591669800,57
1591670700,91
1591671600,75
1591672500,87
1591673400,47
1591674300,59
1591675200,41
1591676100,50
1591677000,57
1591677900,84
1591678800,263
1591679700,56
1591680600,60
1591681500,102
1591682400,118
1591683300,114
1591684200,138
1591685100,128
1591686000,102
1591686900,72
1591687800,80
1591688700,212
1591689600,270
1591690500,474
1591691400,266
1591692300,680
1591693200,475
1591694100,152
1591695000,141
1591695900,156
1591696800,142
1591697700,140
1591698600,129
1591699500,176
1591700400,697
1591701300,222
1591702200,291
1591703100,120
1591704000,121
1591704900,116
1591705800,166
1591706700,134
1591707600,127
1591708500,126
1591709400,112
1591710300,111
1591711200,195
1591712100,120
1591713000,124
1591713900,127
1591714800,138
1591715700,117
1591716600,106
1591717500,242
1591718400,144
1591719300,123
1591720200,105
1591721100,94
1591722000,117
1591722900,144
1591723800,144
1591724700,147
1591725600,145
1591726500,116
1591727400,129
1591728300,116
1591729200,115
1591730100,107
1591731000,127
1591731900,78
1591732800,70
1591733700,50
1591734600,59
1591735500,48
1591736400,41
1591737300,41
1591738200,75
1591739100,74
1591740000,80
1591740900,70
1591741800,56
1591742700,54
1591743600,51
1591744500,55
1591745400,46
1591746300,41
1591747200,48
1591748100,54
1591749000,45
1591749900,45
1591750800,65
1591751700,71
1591752600,52
1591753500,46
1591754400,46
1591755300,56
1591756200,44
1591757100,62
1591758000,62
1591758900,73
1591759800,44
1591760700,46
1591761600,61
1591762500,332
1591763400,88
1591764300,155
1591765200,134
1591766100,141
1591767000,110
1591767900,120
1591768800,141
1591769700,105
1591770600,73
1591771500,111
1591772400,124
1591773300,102
1591774200,84
1591775100,86
1591776000,82
1591776900,88
1591777800,178
1591778700,163
1591779600,204
1591780500,256
1591781400,197
1591782300,138
1591783200,92
1591784100,154
1591785000,205
1591785900,162
1591786800,163
1591787700,165
1591788600,112
1591789500,221
1591790400,93
1591791300,116
1591792200,178
1591793100,189
1591794000,149
1591794900,222
1591795800,86
1591796700,114
1591797600,132
1591798500,237
1591799400,159
1591800300,199
1591801200,119
1591802100,120
1591803000,130
1591803900,139
1591804800,126
1591805700,127
1591806600,111
1591807500,159
1591808400,142
1591809300,108
1591810200,100
1591811100,120
1591812000,110
1591812900,123
1591813800,129
1591814700,137
1591815600,144
1591816500,139
1591817400,115
1591818300,103
1591819200,99
1591820100,69
1591821000,127
1591821900,656
1591822800,98
1591823700,72
1591824600,76
1591825500,71
1591826400,93
1591827300,72
1591828200,94
1591829100,85
1591830000,105
1591830900,72
1591831800,79
1591832700,68
1591833600,80
1591834500,59
1591835400,65
1591836300,58
1591837200,78
1591838100,63
1591839000,65
1591839900,55
1591840800,72
1591841700,64
1591842600,73
1591843500,73
1591844400,86
1591845300,71
1591846200,95
1591847100,477
1591848000,496
1591848900,320
1591849800,255
1591850700,94
1591851600,104
1591852500,105
1591853400,81
1591854300,54
1591855200,61
1591856100,81
1591857000,216
1591857900,148
1591858800,256
1591859700,494
1591860600,395
1591861500,204
1591862400,148
1591863300,323
1591864200,528
1591865100,273
1591866000,286
1591866900,248
1591867800,194
1591868700,170
1591869600,201
1591870500,180
1591871400,190
1591872300,234
1591873200,473
1591874100,220
1591875000,386
1591875900,137
1591876800,129
1591877700,107
1591878600,110
1591879500,566
1591880400,284
1591881300,192
1591882200,201
1591883100,185
1591884000,161
1591884900,151
1591885800,162
1591886700,164
1591887600,169
1591888500,150
1591889400,161
1591890300,147
1591891200,139
1591892100,149
1591893000,167
1591893900,150
1591894800,1042
1591895700,2287
1591896600,2285
1591897500,1543
1591898400,1306
1591899300,1227
1591900200,1390
1591901100,1110
1591902000,1086
1591902900,1132
1591903800,1115
1591904700,1128
1591905600,373
1591906500,141
1591907400,143
1591908300,124
1591909200,133
1591910100,113
1591911000,119
1591911900,115
1591912800,129
1591913700,119
1591914600,145
1591915500,76
1591916400,85
1591917300,72
1591918200,73
1591919100,67
1591920000,69
1591920900,73
1591921800,85
1591922700,86
1591923600,65
1591924500,56
1591925400,66
1591926300,73
1591927200,69
1591928100,49
1591929000,51
1591929900,55
1591930800,51
1591931700,42
1591932600,54
1591933500,62
1591934400,231
1591935300,58
1591936200,70
1591937100,194
1591938000,124
1591938900,87
1591939800,68
1591940700,122
1591941600,158
1591942500,281
1591943400,113
1591944300,66
1591945200,72
1591946100,92
1591947000,117
1591947900,119
1591948800,271
1591949700,383
1591950600,187
1591951500,248
1591952400,159
1591953300,936
1591954200,368
1591955100,461
1591956000,178
1591956900,554
1591957800,690
1591958700,715
1591959600,477
1591960500,172
1591961400,190
1591962300,200
1591963200,186
1591964100,191
1591965000,173
1591965900,151
1591966800,159
1591967700,678
1591968600,1364
1591969500,1327
1591970400,757
1591971300,374
1591972200,422
1591973100,194
1591974000,177
1591974900,148
1591975800,157
1591976700,132
1591977600,143
1591978500,137
1591979400,156
1591980300,440
1591981200,781
1591982100,674
1591983000,379
1591983900,147
1591984800,150
1591985700,148
1591986600,188
1591987500,209
1591988400,144
1591989300,314
1591990200,200
1591991100,215
1591992000,152
1591992900,118
1591993800,142
1591994700,84
1591995600,79
1591996500,84
1591997400,82
1591998300,75
1591999200,68
1592000100,73
1592001000,65
1592001900,54
1592002800,37
1592003700,53
1592004600,44
1592005500,46
1592006400,38
1592007300,57
1592008200,39
1592009100,46
1592010000,36
1592010900,60
1592011800,38
1592012700,46
1592013600,51
1592014500,135
1592015400,71
1592016300,58
1592017200,54
1592018100,58
1592019000,41
1592019900,53
1592020800,50
1592021700,49
1592022600,40
1592023500,62
1592024400,192
1592025300,309
1592026200,201
1592027100,70
1592028000,59
1592028900,272
1592029800,155
1592030700,409
1592031600,345
1592032500,87
1592033400,73
1592034300,216
1592035200,91
1592036100,459
1592037000,261
1592037900,114
1592038800,173
1592039700,111
1592040600,103
1592041500,126
1592042400,137
1592043300,243
1592044200,119
1592045100,376
1592046000,361
1592046900,225
1592047800,153
1592048700,122
1592049600,127
1592050500,181
1592051400,194
1592052300,171
1592053200,156
1592054100,144
1592055000,136
1592055900,348
1592056800,518
1592057700,177
1592058600,165
1592059500,169
1592060400,153
1592061300,166
1592062200,168
1592063100,159
1592064000,143
1592064900,156
1592065800,143
1592066700,143
1592067600,145
1592068500,146
1592069400,136
1592070300,147
1592071200,590
1592072100,252
1592073000,523
1592073900,149
1592074800,300
1592075700,506
1592076600,135
1592077500,99
1592078400,119
1592079300,86
1592080200,79
1592081100,77
1592082000,66
1592082900,34
1592083800,43
1592084700,47
1592085600,47
1592086500,143
1592087400,104
1592088300,64
1592089200,62
1592090100,56
1592091000,69
1592091900,63
1592092800,66
1592093700,56
1592094600,75
1592095500,78
1592096400,75
1592097300,38
1592098200,52
1592099100,40
1592100000,43
1592100900,36
1592101800,52
1592102700,40
1592103600,44
1592104500,34
1592105400,53
1592106300,40
1592107200,43
1592108100,103
1592109000,110
1592109900,147
1592110800,61
1592111700,79
1592112600,127
1592113500,67
1592114400,69
1592115300,39
1592116200,61
1592117100,57
1592118000,51
1592118900,54
1592119800,58
1592120700,60
1592121600,47
1592122500,56
1592123400,540
1592124300,981
1592125200,776
1592126100,254
1592127000,357
1592127900,255
1592128800,129
1592129700,141
1592130600,512
1592131500,472
1592132400,410
1592133300,451
1592134200,122
1592135100,133
1592136000,140
1592136900,142
1592137800,169
1592138700,144
1592139600,131
1592140500,126
1592141400,120
1592142300,109
1592143200,126
1592144100,114
1592145000,117
1592145900,104
1592146800,120
1592147700,96
1592148600,108
1592149500,94
1592150400,125
1592151300,99
1592152200,121
1592153100,128
1592154000,145
1592154900,116
1592155800,165
1592156700,123
1592157600,118
1592158500,137
1592159400,154
1592160300,165
1592161200,162
1592162100,158
1592163000,143
1592163900,152
1592164800,127
1592165700,139
1592166600,112
1592167500,125
1592168400,116
1592169300,87
1592170200,69
1592171100,56
1592172000,133
1592172900,59
1592173800,66
1592174700,58
1592175600,73
1592176500,47
1592177400,46
1592178300,36
1592179200,59
1592180100,37
1592181000,44
1592181900,38
1592182800,76
1592183700,54
1592184600,54
1592185500,43
1592186400,52
1592187300,43
1592188200,53
1592189100,61
1592190000,65
1592190900,60
1592191800,51
1592192700,62
1592193600,65
1592194500,45
1592195400,36
1592196300,49
1592197200,68
1592198100,65
1592199000,213
1592199900,194
1592200800,210
1592201700,351
1592202600,422
1592203500,415
1592204400,140
1592205300,81
1592206200,85
1592207100,466
1592208000,629
1592208900,691
1592209800,651
1592210700,324
1592211600,1026
1592212500,186
1592213400,448
1592214300,67
1592215200,80
1592216100,126
1592217000,81
1592217900,181
1592218800,103
1592219700,105
1592220600,100
1592221500,111
1592222400,126
1592223300,114
1592224200,102
1592225100,130
1592226000,187
1592226900,137
1592227800,127
1592228700,703
1592229600,790
1592230500,736
1592231400,611
1592232300,167
1592233200,153
1592234100,125
1592235000,121
1592235900,115
1592236800,133
1592237700,165
1592238600,181
1592239500,188
1592240400,236
1592241300,229
1592242200,186
1592243100,185
1592244000,188
1592244900,186
1592245800,177
1592246700,179
1592247600,181
1592248500,175
1592249400,162
1592250300,202
1592251200,186
1592252100,167
1592253000,157
1592253900,102
1592254800,117
1592255700,86
1592256600,86
1592257500,67
1592258400,80
1592259300,55
1592260200,66
1592261100,54
1592262000,74
1592262900,70
1592263800,97
1592264700,88
1592265600,92
1592266500,48
1592267400,54
1592268300,58
1592269200,78
1592270100,69
1592271000,46
1592271900,44
1592272800,43
1592273700,42
1592274600,35
1592275500,46
1592276400,41
1592277300,41
1592278200,34
1592279100,48
1592280000,40
1592280900,46
1592281800,182
1592282700,147
1592283600,79
1592284500,92
1592285400,66
1592286300,151
1592287200,136
1592288100,133
1592289000,72
1592289900,82
1592290800,143
1592291700,99
1592292600,127
1592293500,141
1592294400,85
1592295300,208
1592296200,198
1592297100,753
1592298000,169
1592298900,67
1592299800,105
1592300700,1231
1592301600,398
1592302500,353
1592303400,69
1592304300,99
1592305200,86
1592306100,93
1592307000,106
1592307900,145
1592308800,125
1592309700,117
1592310600,84
1592311500,77
1592312400,72
1592313300,61
1592314200,70
1592315100,69
1592316000,62
1592316900,64
1592317800,70
1592318700,61
1592319600,67
1592320500,54
1592321400,86
1592322300,124
1592323200,114
1592324100,114
1592325000,92
1592325900,113
1592326800,126
1592327700,164
1592328600,130
1592329500,141
1592330400,124
1592331300,153
1592332200,150
1592333100,152
1592334000,142
1592334900,152
1592335800,156
1592336700,166
1592337600,161
1592338500,138
1592339400,143
1592340300,103
1592341200,159
1592342100,98
1592343000,100
1592343900,81
1592344800,88
1592345700,64
1592346600,62
1592347500,68
1592348400,64
1592349300,54
1592350200,74
1592351100,51
1592352000,55
1592352900,41
1592353800,46
1592354700,37
1592355600,39
1592356500,51
1592357400,51
1592358300,56
1592359200,56
1592360100,44
1592361000,34
1592361900,54
1592362800,63
1592363700,57
1592364600,45
1592365500,48
1592366400,42
1592367300,43
1592368200,34
1592369100,224
1592370000,74
1592370900,62
1592371800,247
1592372700,264
1592373600,186
1592374500,64
1592375400,301
1592376300,122
1592377200,243
1592378100,473
1592379000,589
1592379900,449
1592380800,616
1592381700,519
1592382600,506
1592383500,661
1592384400,533
1592385300,112
1592386200,115
1592387100,95
1592388000,308
1592388900,211
1592389800,128
1592390700,92
1592391600,110
1592392500,194
1592393400,150
1592394300,152
1592395200,152
1592396100,206
1592397000,1193
1592397900,370
1592398800,475
1592399700,119
1592400600,104
1592401500,102
1592402400,101
1592403300,148
1592404200,149
1592405100,199
1592406000,124
1592406900,153
1592407800,111
1592408700,145
1592409600,134
1592410500,152
1592411400,130
1592412300,183
1592413200,240
1592414100,188
1592415000,146
1592415900,165
1592416800,598
1592417700,992
1592418600,228
1592419500,160
1592420400,174
1592421300,160
1592422200,151
1592423100,157
1592424000,189
1592424900,140
1592425800,120
1592426700,107
1592427600,126
1592428500,105
1592429400,116
1592430300,126
1592431200,103
1592432100,74
1592433000,77
1592433900,76
1592434800,70
1592435700,57
1592436600,56
1592437500,59
1592438400,48
1592439300,46
1592440200,46
1592441100,65
1592442000,35
1592442900,51
1592443800,51
1592444700,72
1592445600,35
1592446500,43
1592447400,34
1592448300,56
1592449200,35
1592450100,45
1592451000,44
1592451900,54
1592452800,45
1592453700,205
1592454600,292
1592455500,111
1592456400,82
1592457300,247
1592458200,80
1592459100,86
1592460000,71
1592460900,83
1592461800,139
1592462700,131
1592463600,132
1592464500,137
1592465400,157
1592466300,123
1592467200,129
1592468100,121
1592469000,135
1592469900,178
1592470800,94
1592471700,80
1592472600,111
1592473500,96
1592474400,114
1592475300,215
1592476200,212
1592477100,214
1592478000,826
1592478900,252
1592479800,493
1592480700,142
1592481600,107
1592482500,102
1592483400,104
1592484300,102
1592485200,111
1592486100,162
1592487000,153
1592487900,149
1592488800,134
1592489700,149
1592490600,123
1592491500,133
1592492400,120
1592493300,139
1592494200,129
1592495100,121
1592496000,115
1592496900,129
1592497800,139
1592498700,139
1592499600,162
1592500500,269
1592501400,183
1592502300,132
1592503200,159
1592504100,154
1592505000,152
1592505900,132
1592506800,160
1592507700,134
1592508600,136
1592509500,119
1592510400,141
1592511300,87
1592512200,89
1592513100,83
1592514000,113
1592514900,104
1592515800,97
1592516700,76
1592517600,67
1592518500,62
1592519400,59
1592520300,71
1592521200,58
1592522100,62
1592523000,54
1592523900,75
1592524800,55
1592525700,65
1592526600,51
1592527500,77
1592528400,66
1592529300,76
1592530200,50
1592531100,57
1592532000,39
1592532900,48
1592533800,50
1592534700,53
1592535600,41
1592536500,63
1592537400,51
1592538300,46
1592539200,207
1592540100,51
1592541000,72
1592541900,58
1592542800,47
1592543700,38
1592544600,117
1592545500,116
1592546400,159
1592547300,89
1592548200,61
1592549100,213
1592550000,200
1592550900,91
1592551800,599
1592552700,545
1592553600,74
1592554500,142
1592555400,76
1592556300,194
1592557200,83
1592558100,96
1592559000,66
1592559900,153
1592560800,80
1592561700,94
1592562600,276
1592563500,139
1592564400,75
1592565300,146
1592566200,145
1592567100,251
1592568000,758
1592568900,949
1592569800,944
1592570700,383
1592571600,132
1592572500,117
1592573400,130
1592574300,111
1592575200,130
1592576100,110
1592577000,120
1592577900,122
1592578800,303
1592579700,116
1592580600,139
1592581500,152
1592582400,132
1592583300,122
1592584200,122
1592585100,145
1592586000,118
1592586900,128
1592587800,123
1592588700,121
1592589600,102
1592590500,101
1592591400,108
1592592300,146
1592593200,150
1592594100,189
1592595000,188
1592595900,204
1592596800,152
1592597700,129
1592598600,164
1592599500,131
1592600400,148
1592601300,133
1592602200,125
1592603100,131
1592604000,117
1592604900,84
1592605800,78
1592606700,76
1592607600,73
1592608500,87
1592609400,58
1592610300,53
1592611200,45
1592612100,69
1592613000,43
1592613900,54
1592614800,59
1592615700,82
1592616600,56
1592617500,49
1592618400,49
1592619300,53
1592620200,40
1592621100,49
1592622000,56
1592622900,62
1592623800,65
1592624700,53
1592625600,58
1592626500,45
1592627400,64
1592628300,65
1592629200,79
1592630100,141
1592631000,239
1592631900,197
1592632800,181
1592633700,164
1592634600,86
1592635500,99
1592636400,97
1592637300,179
1592638200,663
1592639100,181
1592640000,253
1592640900,48
1592641800,61
1592642700,56
1592643600,49
1592644500,53
1592645400,73
1592646300,72
1592647200,65
1592648100,71
1592649000,78
1592649900,85
1592650800,84
1592651700,148
1592652600,151
1592653500,165
1592654400,104
1592655300,121
1592656200,104
1592657100,118
1592658000,99
1592658900,114
1592659800,92
1592660700,136
1592661600,115
1592662500,112
1592663400,136
1592664300,135
1592665200,145
1592666100,130
1592667000,137
1592667900,134
1592668800,155
1592669700,143
1592670600,153
1592671500,154
1592672400,167
1592673300,151
1592674200,140
1592675100,139
1592676000,148
1592676900,154
1592677800,251
1592678700,167
1592679600,154
1592680500,121
1592681400,118
1592682300,189
1592683200,152
1592684100,151
1592685000,123
1592685900,120
1592686800,101
1592687700,115
1592688600,118
1592689500,121
1592690400,113
1592691300,70
1592692200,87
1592693100,83
1592694000,94
1592694900,88
1592695800,96
1592696700,73
1592697600,77
1592698500,64
1592699400,69
1592700300,48
1592701200,54
1592702100,48
1592703000,64
1592703900,50
1592704800,49
1592705700,49
1592706600,71
1592707500,70
1592708400,63
1592709300,51
1592710200,52
1592711100,49
1592712000,46
1592712900,50
1592713800,54
1592714700,49
1592715600,53
1592716500,65
1592717400,67
1592718300,79
1592719200,322
1592720100,455
1592721000,432
1592721900,793
1592722800,297
1592723700,438
1592724600,524
1592725500,362
1592726400,373
1592727300,571
1592728200,364
1592729100,569
1592730000,799
1592730900,214
1592731800,363
1592732700,157
1592733600,168
1592734500,177
1592735400,164
1592736300,145
1592737200,108
1592738100,110
1592739000,117
1592739900,107
1592740800,118
1592741700,133
1592742600,203
1592743500,193
1592744400,217
1592745300,197
1592746200,193
1592747100,148
1592748000,127
1592748900,107
1592749800,104
1592750700,125
1592751600,1502
1592752500,2097
1592753400,1562
1592754300,1029
1592755200,1146
1592756100,930
1592757000,1025
1592757900,1506
1592758800,2252
1592759700,1240
1592760600,1068
1592761500,1050
1592762400,1357
1592763300,320
1592764200,1322
1592765100,1046
1592766000,248
1592766900,264
1592767800,177
1592768700,150
1592769600,238
1592770500,141
1592771400,133
1592772300,127
1592773200,84
1592774100,102
1592775000,84
1592775900,94
1592776800,85
1592777700,106
1592778600,96
1592779500,95
1592780400,94
1592781300,77
1592782200,70
1592783100,74
1592784000,73
1592784900,54
1592785800,58
1592786700,65
1592787600,56
1592788500,47
1592789400,62
1592790300,49
1592791200,61
1592792100,62
1592793000,84
1592793900,66
1592794800,56
1592795700,49
1592796600,56
1592797500,46
1592798400,42
1592799300,58
1592800200,272
1592801100,275
1592802000,250
1592802900,391
1592803800,375
1592804700,450
1592805600,565
1592806500,118
1592807400,346
1592808300,441
1592809200,851
1592810100,929
1592811000,918
1592811900,530
1592812800,80
1592813700,432
1592814600,525
1592815500,518
1592816400,52
1592817300,60
1592818200,77
1592819100,75
1592820000,75
1592820900,81
1592821800,481
1592822700,653
1592823600,264
1592824500,483
1592825400,138
1592826300,113
1592827200,162
1592828100,233
1592829000,944
1592829900,769
1592830800,712
1592831700,628
1592832600,271
1592833500,108
1592834400,123
1592835300,95
1592836200,98
1592837100,123
1592838000,77
1592838900,80
1592839800,67
1592840700,99
1592841600,95
1592842500,319
1592843400,704
1592844300,331
1592845200,313
1592846100,192
1592847000,164
1592847900,148
1592848800,319
1592849700,194
1592850600,161
1592851500,351
1592852400,765
1592853300,537
1592854200,205
1592855100,181
1592856000,167
1592856900,178
1592857800,155
1592858700,164
1592859600,110
1592860500,90
1592861400,68
1592862300,107
1592863200,113
1592864100,129
1592865000,60
1592865900,59
1592866800,74
1592867700,72
1592868600,54
1592869500,50
1592870400,67
1592871300,43
1592872200,50
1592873100,43
1592874000,63
1592874900,42
1592875800,51
1592876700,49
1592877600,56
1592878500,48
1592879400,66
1592880300,74
1592881200,49
1592882100,48
1592883000,44
1592883900,76
1592884800,58
1592885700,61
1592886600,50
1592887500,62
1592888400,163
1592889300,237
1592890200,758
1592891100,887
1592892000,774
1592892900,493
1592893800,389
1592894700,290
1592895600,94
1592896500,105
1592897400,99
1592898300,189
1592899200,92
1592900100,94
1592901000,93
1592901900,86
1592902800,557
1592903700,380
1592904600,130
1592905500,230
1592906400,138
1592907300,118
1592908200,134
1592909100,139
1592910000,274
1592910900,389
1592911800,396
1592912700,158
1592913600,137
1592914500,128
1592915400,102
1592916300,94
1592917200,128
1592918100,126
1592919000,138
1592919900,141
1592920800,149
1592921700,132
1592922600,139
1592923500,146
1592924400,165
1592925300,144
1592926200,140
1592927100,130
1592928000,118
1592928900,114
1592929800,127
1592930700,126
1592931600,120
1592932500,121
1592933400,125
1592934300,130
1592935200,129
1592936100,172
1592937000,198
1592937900,195
1592938800,157
1592939700,151
1592940600,217
1592941500,140
1592942400,88
1592943300,99
1592944200,86
1592945100,71
1592946000,66
1592946900,69
1592947800,57
1592948700,47
1592949600,63
1592950500,67
1592951400,50
1592952300,39
1592953200,50
1592954100,46
1592955000,45
1592955900,38
1592956800,55
1592957700,41
1592958600,45
1592959500,42
1592960400,54
1592961300,45
1592962200,41
1592963100,63
1592964000,65
1592964900,52
1592965800,38
1592966700,53
1592967600,46
1592968500,47
1592969400,38
1592970300,58
1592971200,39
1592972100,195
1592973000,45
1592973900,67
1592974800,80
1592975700,81
1592976600,69
1592977500,73
1592978400,239
1592979300,68
1592980200,57
1592981100,57
1592982000,59
1592982900,81
1592983800,123
1592984700,107
1592985600,108
1592986500,79
1592987400,183
1592988300,576
1592989200,849
1592990100,257
1592991000,140
1592991900,145
1592992800,158
1592993700,223
1592994600,518
1592995500,187
1592996400,367
1592997300,122
1592998200,135
1592999100,156
1593000000,169
1593000900,210
1593001800,112
1593002700,112
1593003600,105
1593004500,109
1593005400,90
1593006300,98
1593007200,105
1593008100,132
1593009000,143
1593009900,145
1593010800,295
1593011700,144
1593012600,146
1593013500,124
1593014400,140
1593015300,151
1593016200,129
1593017100,132
1593018000,157
1593018900,142
1593019800,166
1593020700,171
1593021600,278
1593022500,153
1593023400,157
1593024300,167
1593025200,159
1593026100,187
1593027000,178
1593027900,227
1593028800,88
1593029700,91
1593030600,78
1593031500,86
1593032400,84
1593033300,91
1593034200,80
1593035100,73
1593036000,44
1593036900,49
1593037800,58
1593038700,55
1593039600,40
1593040500,46
1593041400,49
1593042300,40
1593043200,43
1593044100,50
1593045000,66
1593045900,51
1593046800,50
1593047700,48
1593048600,44
1593049500,37
1593050400,43
1593051300,49
1593052200,45
1593053100,36
1593054000,51
1593054900,44
1593055800,44
1593056700,38
1593057600,68
1593058500,259
1593059400,66
1593060300,44
1593061200,55
1593062100,48
1593063000,36
1593063900,45
1593064800,48
1593065700,46
1593066600,36
1593067500,51
1593068400,56
1593069300,71
1593070200,56
1593071100,94
1593072000,140
1593072900,130
1593073800,118
1593074700,117
1593075600,94
1593076500,98
1593077400,92
1593078300,76
1593079200,65
1593080100,71
1593081000,92
1593081900,76
1593082800,75
1593083700,66
1593084600,86
1593085500,67
1593086400,66
1593087300,54
1593088200,78
1593089100,55
1593090000,65
1593090900,72
1593091800,76
1593092700,58
1593093600,84
1593094500,102
1593095400,111
1593096300,102
1593097200,94
1593098100,119
1593099000,84
1593099900,89
1593100800,85
1593101700,99
1593102600,78
1593103500,147
1593104400,127
1593105300,132
1593106200,107
1593107100,128
1593108000,153
1593108900,162
1593109800,160
1593110700,163
1593111600,168
1593112500,159
1593113400,157
1593114300,162
1593115200,186
1593116100,143
1593117000,134
1593117900,112
1593118800,106
1593119700,98
1593120600,108
1593121500,112
1593122400,108
1593123300,103
1593124200,115
1593125100,102
1593126000,87
1593126900,37
1593127800,55
1593128700,61
1593129600,62
1593130500,44
1593131400,56
1593132300,41
1593133200,43
1593134100,42
1593135000,52
1593135900,44
1593136800,39
1593137700,47
1593138600,47
1593139500,46
1593140400,38
1593141300,62
1593142200,60
1593143100,262
1593144000,59
1593144900,74
1593145800,55
1593146700,127
1593147600,156
1593148500,204
1593149400,317
1593150300,642
1593151200,209
1593152100,292
1593153000,115
1593153900,170
1593154800,131
1593155700,153
1593156600,103
1593157500,132
1593158400,84
1593159300,124
1593160200,368
1593161100,434
1593162000,119
1593162900,101
1593163800,120
1593164700,130
1593165600,102
1593166500,182
1593167400,157
1593168300,440
1593169200,494
1593170100,97
1593171000,89
1593171900,112
1593172800,91
1593173700,127
1593174600,140
1593175500,147
1593176400,117
1593177300,117
1593178200,124
1593179100,114
1593180000,120
1593180900,113
1593181800,129
1593182700,149
1593183600,184
1593184500,146
1593185400,353
1593186300,442
1593187200,241
1593188100,124
1593189000,139
1593189900,351
1593190800,157
1593191700,178
1593192600,166
1593193500,149
1593194400,152
1593195300,152
1593196200,92
1593197100,276
1593198000,119
1593198900,172
1593199800,516
1593200700,618
1593201600,551
1593202500,124
1593203400,125
1593204300,126
1593205200,84
1593206100,70
1593207000,45
1593207900,52
1593208800,50
1593209700,56
1593210600,64
1593211500,55
1593212400,46
1593213300,38
1593214200,54
1593215100,43
1593216000,46
1593216900,38
1593217800,59
1593218700,41
1593219600,43
1593220500,49
1593221400,67
1593222300,62
1593223200,45
1593224100,56
1593225000,40
1593225900,47
1593226800,39
1593227700,59
1593228600,39
1593229500,47
1593230400,43
1593231300,52
1593232200,122
1593233100,91
1593234000,77
1593234900,86
1593235800,83
1593236700,77
1593237600,139
1593238500,78
1593239400,93
1593240300,117
1593241200,1234
1593242100,990
1593243000,961
1593243900,144
1593244800,106
1593245700,105
1593246600,64
1593247500,62
1593248400,51
1593249300,68
1593250200,81
1593251100,83
1593252000,81
1593252900,109
1593253800,142
1593254700,134
1593255600,113
1593256500,160
1593257400,112
1593258300,116
1593259200,111
1593260100,139
1593261000,87
1593261900,67
1593262800,75
1593263700,87
1593264600,92
1593265500,164
1593266400,157
1593267300,91
1593268200,82
1593269100,87
1593270000,166
1593270900,74
1593271800,52
1593272700,50
1593273600,57
1593274500,52
1593275400,58
1593276300,78
1593277200,65
1593278100,195
1593279000,86
1593279900,65
1593280800,45
1593281700,53
1593282600,53
1593283500,60
1593284400,51
1593285300,47
1593286200,63
1593287100,48
1593288000,70
1593288900,61
1593289800,64
1593290700,25
1593291600,35
1593292500,33
1593293400,40
1593294300,29
1593295200,34
1593296100,42
1593297000,60
1593297900,38
1593298800,29
1593299700,62
1593300600,44
1593301500,46
1593302400,33
1593303300,41
1593304200,27
1593305100,35
1593306000,100
1593306900,63
1593307800,54
1593308700,55
1593309600,63
1593310500,50
1593311400,63
1593312300,75
1593313200,74
1593314100,43
1593315000,49
1593315900,56
1593316800,53
1593317700,648
1593318600,2180
1593319500,2161
1593320400,1905
1593321300,887
1593322200,1066
1593323100,947
1593324000,976
1593324900,1059
1593325800,941
1593326700,896
1593327600,536
1593328500,125
1593329400,127
1593330300,126
1593331200,98
1593332100,138
1593333000,763
1593333900,732
1593334800,421
1593335700,154
1593336600,162
1593337500,157
1593338400,150
1593339300,149
1593340200,104
1593341100,102
1593342000,641
1593342900,866
1593343800,773
1593344700,675
1593345600,740
1593346500,902
1593347400,203
1593348300,96
1593349200,83
1593350100,74
1593351000,74
1593351900,79
1593352800,58
1593353700,81
1593354600,80
1593355500,82
1593356400,61
1593357300,62
1593358200,82
1593359100,67
1593360000,76
1593360900,72
1593361800,75
1593362700,62
1593363600,61
1593364500,77
1593365400,70
1593366300,83
1593367200,70
1593368100,77
1593369000,62
1593369900,61
1593370800,78
1593371700,82
1593372600,146
1593373500,153
1593374400,139
1593375300,188
1593376200,197
1593377100,108
1593378000,81
1593378900,192
1593379800,63
1593380700,65
1593381600,69
1593382500,61
1593383400,73
1593384300,59
1593385200,68
1593386100,83
1593387000,63
1593387900,44
1593388800,56
1593389700,42
1593390600,45
1593391500,54
1593392400,37
1593393300,51
1593394200,44
1593395100,46
1593396000,41
1593396900,61
1593397800,60
1593398700,57
1593399600,74
1593400500,41
1593401400,48
1593402300,51
1593403200,62
1593404100,43
1593405000,196
1593405900,70
1593406800,50
1593407700,192
1593408600,177
1593409500,72
1593410400,67
1593411300,825
1593412200,481
1593413100,387
1593414000,177
1593414900,96
1593415800,98
1593416700,365
1593417600,558
1593418500,141
1593419400,315
1593420300,549
1593421200,747
1593422100,349
1593423000,92
1593423900,168
1593424800,95
1593425700,152
1593426600,124
1593427500,138
1593428400,155
1593429300,154
1593430200,142
1593431100,103
1593432000,91
1593432900,64
1593433800,85
1593434700,69
1593435600,70
1593436500,70
1593437400,79
1593438300,73
1593439200,58
1593440100,78
1593441000,90
1593441900,90
1593442800,78
1593443700,84
1593444600,70
1593445500,100
1593446400,98
1593447300,83
1593448200,97
1593449100,164
1593450000,674
1593450900,350
1593451800,486
1593452700,159
1593453600,171
1593454500,162
1593455400,157
1593456300,182
1593457200,200
1593458100,223
1593459000,212
1593459900,137
1593460800,121
1593461700,132
1593462600,120
1593463500,100
1593464400,113
1593465300,83
1593466200,91
1593467100,77
1593468000,86
1593468900,88
1593469800,74
1593470700,90
1593471600,96
1593472500,98
1593473400,97
1593474300,83
1593475200,89
1593476100,78
1593477000,58
1593477900,80
1593478800,66
1593479700,67
1593480600,72
1593481500,64
1593482400,75
1593483300,70
1593484200,60
1593485100,80
1593486000,86
1593486900,77
1593487800,89
1593488700,66
1593489600,173
1593490500,92
1593491400,67
1593492300,69
1593493200,76
1593494100,44
1593495000,64
1593495900,82
1593496800,56
1593497700,41
1593498600,72
1593499500,61
1593500400,49
1593501300,71
1593502200,59
1593503100,54
1593504000,404
1593504900,450
1593505800,319
1593506700,87
1593507600,242
1593508500,313
1593509400,167
1593510300,145
1593511200,474
1593512100,226
1593513000,159
1593513900,229
1593514800,780
1593515700,239
1593516600,532
1593517500,139
1593518400,128
1593519300,142
1593520200,129
1593521100,129
1593522000,138
1593522900,137
1593523800,124
1593524700,105
1593525600,476
1593526500,380
1593527400,421
1593528300,166
1593529200,158
1593530100,138
1593531000,133
1593531900,170
1593532800,161
1593533700,141
1593534600,157
1593535500,149
1593536400,152
1593537300,168
1593538200,180
1593539100,159
1593540000,168
1593540900,179
1593541800,207
1593542700,263
1593543600,412
1593544500,503
1593545400,298
1593546300,209
1593547200,150
1593548100,136
1593549000,108
1593549900,93
1593550800,109
1593551700,111
1593552600,92
1593553500,102
1593554400,135
1593555300,97
1593556200,104
1593557100,102
1593558000,109
1593558900,109
1593559800,117
1593560700,110
1593561600,120
1593562500,85
1593563400,76
1593564300,95
1593565200,92
1593566100,77
1593567000,87
1593567900,94
1593568800,87
1593569700,84
1593570600,74
1593571500,97
1593572400,88
1593573300,92
1593574200,100
1593575100,106
1593576000,76
1593576900,84
1593577800,212
1593578700,219
1593579600,108
1593580500,76
1593581400,89
1593582300,85
1593583200,87
1593584100,99
1593585000,162
1593585900,103
1593586800,101
1593587700,80
1593588600,112
1593589500,134
1593590400,539
1593591300,751
1593592200,800
1593593100,262
1593594000,98
1593594900,82
1593595800,115
1593596700,102
1593597600,121
1593598500,118
1593599400,265
1593600300,141
1593601200,104
1593602100,108
1593603000,94
1593603900,75
1593604800,88
1593605700,84
1593606600,73
1593607500,74
1593608400,63
1593609300,83
1593610200,72
1593611100,59
1593612000,63
1593612900,66
1593613800,64
1593614700,58
1593615600,59
1593616500,81
1593617400,69
1593618300,77
1593619200,66
1593620100,87
1593621000,78
1593621900,113
1593622800,125
1593623700,225
1593624600,136
1593625500,276
1593626400,128
1593627300,134
1593628200,117
1593629100,110
1593630000,108
1593630900,138
1593631800,161
1593632700,87
1593633600,67
1593634500,50
1593635400,46
1593636300,40
1593637200,37
1593638100,35
1593639000,68
1593639900,47
1593640800,101
1593641700,76
1593642600,64
1593643500,66
1593644400,62
1593645300,85
1593646200,60
1593647100,65
1593648000,71
1593648900,61
1593649800,66
1593650700,56
1593651600,90
1593652500,68
1593653400,71
1593654300,65
1593655200,62
1593656100,59
1593657000,52
1593657900,76
1593658800,52
1593659700,60
1593660600,58
1593661500,67
1593662400,51
1593663300,288
1593664200,92
1593665100,73
1593666000,78
1593666900,54
1593667800,58
1593668700,33
1593669600,41
1593670500,38
1593671400,50
1593672300,38
1593673200,38
1593674100,52
1593675000,36
1593675900,40
1593676800,39
1593677700,67
1593678600,51
1593679500,82
1593680400,166
1593681300,116
1593682200,116
1593683100,115
1593684000,131
1593684900,201
1593685800,145
1593686700,140
1593687600,170
1593688500,161
1593689400,150
1593690300,119
1593691200,119
1593692100,110
1593693000,89
1593693900,106
1593694800,107
1593695700,133
1593696600,145
1593697500,704
1593698400,704
1593699300,609
1593700200,177
1593701100,158
1593702000,153
1593702900,85
1593703800,113
1593704700,93
1593705600,101
1593706500,106
1593707400,100
1593708300,102
1593709200,118
1593710100,159
1593711000,106
1593711900,105
1593712800,124
1593713700,255
1593714600,772
1593715500,235
1593716400,415
1593717300,89
1593718200,101
1593719100,78
1593720000,53
1593720900,44
1593721800,48
1593722700,42
1593723600,30
1593724500,30
1593725400,53
1593726300,100
1593727200,58
1593728100,70
1593729000,67
1593729900,49
1593730800,40
1593731700,60
1593732600,54
1593733500,42
1593734400,46
1593735300,53
1593736200,45
1593737100,37
1593738000,44
1593738900,49
1593739800,51
1593740700,57
1593741600,60
1593742500,51
1593743400,33
1593744300,43
1593745200,47
1593746100,43
1593747000,32
1593747900,42
1593748800,163
1593749700,112
1593750600,53
1593751500,66
1593752400,65
1593753300,123
1593754200,155
1593755100,78
1593756000,90
1593756900,43
1593757800,59
1593758700,66
1593759600,58
1593760500,53
1593761400,52
1593762300,68
1593763200,46
1593764100,106
1593765000,158
1593765900,81
1593766800,201
1593767700,111
1593768600,131
1593769500,255
1593770400,157
1593771300,68
1593772200,93
1593773100,66
1593774000,72
1593774900,74
1593775800,79
1593776700,65
1593777600,74
1593778500,80
1593779400,171
1593780300,646
1593781200,954
1593782100,656
1593783000,650
1593783900,302
1593784800,104
1593785700,101
1593786600,94
1593787500,102
1593788400,150
1593789300,170
1593790200,184
1593791100,155
1593792000,198
1593792900,176
1593793800,310
1593794700,221
1593795600,137
1593796500,161
1593797400,595
1593798300,405
1593799200,433
1593800100,173
1593801000,180
1593801900,213
1593802800,238
1593803700,216
1593804600,249
1593805500,203
1593806400,245
1593807300,197
1593808200,188
1593809100,215
1593810000,165
1593810900,159
1593811800,168
1593812700,163
1593813600,155
1593814500,156
1593815400,139
1593816300,139
1593817200,133
1593818100,166
1593819000,440
1593819900,572
1593820800,345
1593821700,277
1593822600,151
1593823500,113
1593824400,132
1593825300,127
1593826200,121
1593827100,134
1593828000,137
1593828900,133
1593829800,124
1593830700,126
1593831600,85
1593832500,51
1593833400,49
1593834300,66
1593835200,59
1593836100,54
1593837000,73
1593837900,93
1593838800,77
1593839700,65
1593840600,72
1593841500,54
1593842400,195
1593843300,87
1593844200,124
1593845100,95
1593846000,90
1593846900,117
1593847800,83
1593848700,70
1593849600,63
1593850500,81
1593851400,109
1593852300,84
1593853200,69
1593854100,335
1593855000,821
1593855900,240
1593856800,485
1593857700,109
1593858600,92
1593859500,78
1593860400,86
1593861300,86
1593862200,200
1593863100,173
1593864000,231
1593864900,105
1593865800,159
1593866700,205
1593867600,141
1593868500,201
1593869400,214
1593870300,423
1593871200,248
1593872100,245
1593873000,190
1593873900,157
1593874800,189
1593875700,328
1593876600,141
1593877500,127
1593878400,121
1593879300,136
1593880200,141
1593881100,165
1593882000,787
1593882900,251
1593883800,489
1593884700,264
1593885600,705
1593886500,580
1593887400,184
1593888300,222
1593889200,202
1593890100,159
1593891000,139
1593891900,150
1593892800,462
1593893700,855
1593894600,833
1593895500,682
1593896400,612
1593897300,100
1593898200,56
1593899100,55
1593900000,71
1593900900,63
1593901800,49
1593902700,49
1593903600,70
1593904500,53
1593905400,117
1593906300,106
1593907200,127
1593908100,91
1593909000,89
1593909900,106
1593910800,110
1593911700,77
1593912600,80
1593913500,85
1593914400,64
1593915300,67
1593916200,69
1593917100,79
1593918000,66
1593918900,70
1593919800,67
1593920700,79
1593921600,69
1593922500,65
1593923400,69
1593924300,80
1593925200,67
1593926100,64
1593927000,92
1593927900,88
1593928800,292
1593929700,99
1593930600,170
1593931500,107
1593932400,94
1593933300,89
1593934200,105
1593935100,87
1593936000,77
1593936900,73
1593937800,97
1593938700,82
1593939600,97
1593940500,131
1593941400,278
1593942300,158
1593943200,163
1593944100,155
1593945000,172
1593945900,116
1593946800,115
1593947700,239
1593948600,125
1593949500,118
1593950400,104
1593951300,98
1593952200,106
1593953100,96
1593954000,103
1593954900,427
1593955800,619
1593956700,259
1593957600,343
1593958500,99
1593959400,112
1593960300,102
1593961200,95
1593962100,183
1593963000,140
1593963900,146
1593964800,150
1593965700,144
1593966600,120
1593967500,115
1593968400,121
1593969300,122
1593970200,155
1593971100,190
1593972000,228
1593972900,114
1593973800,127
1593974700,641
1593975600,650
1593976500,136
1593977400,121
1593978300,123
1593979200,120
1593980100,138
1593981000,184
1593981900,112
1593982800,119
1593983700,128
1593984600,134
1593985500,142
1593986400,124
1593987300,142
1593988200,135
1593989100,125
1593990000,125
1593990900,99
1593991800,70
1593992700,55
1593993600,49
1593994500,66
1593995400,50
1593996300,53
1593997200,46
1593998100,65
1593999000,57
1593999900,45
1594000800,54
1594001700,58
1594002600,54
1594003500,48
1594004400,49
1594005300,72
1594006200,67
1594007100,70
1594008000,60
1594008900,85
1594009800,60
1594010700,218
1594011600,528
1594012500,696
1594013400,613
1594014300,588
1594015200,1009
1594016100,817
1594017000,350
1594017900,508
1594018800,412
1594019700,484
1594020600,372
1594021500,307
1594022400,710
1594023300,948
1594024200,617
1594025100,606
1594026000,264
1594026900,711
1594027800,237
1594028700,769
1594029600,166
1594030500,511
1594031400,93
1594032300,85
1594033200,102
1594034100,136
1594035000,120
1594035900,269
1594036800,102
1594037700,108
1594038600,96
1594039500,113
1594040400,122
1594041300,131
1594042200,110
1594043100,133
1594044000,103
1594044900,104
1594045800,128
1594046700,122
1594047600,135
1594048500,172
1594049400,115
1594050300,107
1594051200,130
1594052100,97
1594053000,129
1594053900,67
1594054800,64
1594055700,117
1594056600,112
1594057500,79
1594058400,85
1594059300,103
1594060200,109
1594061100,122
1594062000,130
1594062900,157
1594063800,135
1594064700,131
1594065600,133
1594066500,131
1594067400,127
1594068300,117
1594069200,83
1594070100,74
1594071000,58
1594071900,74
1594072800,59
1594073700,53
1594074600,69
1594075500,63
1594076400,60
1594077300,61
1594078200,87
1594079100,49
1594080000,52
1594080900,39
1594081800,51
1594082700,32
1594083600,40
1594084500,48
1594085400,41
1594086300,35
1594087200,47
1594088100,83
1594089000,43
1594089900,44
1594090800,65
1594091700,61
1594092600,64
1594093500,68
1594094400,66
1594095300,59
1594096200,136
1594097100,52
1594098000,50
1594098900,145
1594099800,58
1594100700,61
1594101600,41
1594102500,44
1594103400,39
1594104300,59
1594105200,68
1594106100,66
1594107000,70
1594107900,64
1594108800,54
1594109700,45
1594110600,59
1594111500,56
1594112400,295
1594113300,124
1594114200,135
1594115100,105
1594116000,110
1594116900,132
1594117800,207
1594118700,623
1594119600,213
1594120500,314
1594121400,173
1594122300,162
1594123200,161
1594124100,173
1594125000,536
1594125900,151
1594126800,485
1594127700,397
1594128600,218
1594129500,246
1594130400,150
1594131300,167
1594132200,131
1594133100,141
1594134000,150
1594134900,157
1594135800,140
1594136700,137
1594137600,144
1594138500,131
1594139400,130
1594140300,141
1594141200,164
1594142100,159
1594143000,149
1594143900,148
1594144800,162
1594145700,136
1594146600,143
1594147500,138
1594148400,182
1594149300,221
1594150200,177
1594151100,117
1594152000,106
1594152900,88
1594153800,86
1594154700,78
1594155600,96
1594156500,92
1594157400,85
1594158300,88
1594159200,78
1594160100,71
1594161000,58
1594161900,76
1594162800,63
1594163700,68
1594164600,56
1594165500,77
1594166400,51
1594167300,60
1594168200,52
1594169100,86
1594170000,61
1594170900,62
1594171800,47
1594172700,67
1594173600,50
1594174500,49
1594175400,54
1594176300,59
1594177200,53
1594178100,46
1594179000,61
1594179900,55
1594180800,54
1594181700,61
1594182600,186
1594183500,106
1594184400,68
1594185300,51
1594186200,59
1594187100,42
1594188000,44
1594188900,35
1594189800,59
1594190700,140
1594191600,619
1594192500,373
1594193400,371
1594194300,352
1594195200,348
1594196100,624
1594197000,1031
1594197900,427
1594198800,276
1594199700,78
1594200600,202
1594201500,107
1594202400,108
1594203300,122
1594204200,138
1594205100,138
1594206000,164
1594206900,152
1594207800,164
1594208700,167
1594209600,144
1594210500,161
1594211400,149
1594212300,163
1594213200,157
1594214100,177
1594215000,163
1594215900,166
1594216800,162
1594217700,182
1594218600,162
1594219500,163
1594220400,155
1594221300,157
1594222200,157
1594223100,150
1594224000,178
1594224900,163
1594225800,166
1594226700,148
1594227600,191
1594228500,321
1594229400,155
1594230300,133
1594231200,145
1594232100,124
1594233000,142
1594233900,171
1594234800,216
1594235700,172
1594236600,159
1594237500,124
1594238400,77
1594239300,58
1594240200,47
1594241100,44
1594242000,53
1594242900,44
1594243800,38
1594244700,49
1594245600,111
1594246500,68
1594247400,50
1594248300,62
1594249200,69
1594250100,71
1594251000,60
1594251900,68
1594252800,51
1594253700,47
1594254600,37
1594255500,57
1594256400,40
1594257300,46
1594258200,37
1594259100,59
1594260000,38
1594260900,44
1594261800,37
1594262700,77
1594263600,53
1594264500,59
1594265400,40
1594266300,57
1594267200,40
1594268100,216
1594269000,56
1594269900,55
1594270800,93
1594271700,586
1594272600,196
1594273500,282
1594274400,48
1594275300,37
1594276200,56
1594277100,41
1594278000,47
1594278900,36
1594279800,60
1594280700,50
1594281600,56
1594282500,49
1594283400,72
1594284300,49
1594285200,88
1594286100,96
1594287000,142
1594287900,172
1594288800,127
1594289700,203
1594290600,206
1594291500,181
1594292400,161
1594293300,154
1594294200,150
1594295100,149
1594296000,118
1594296900,122
1594297800,119
1594298700,69
1594299600,72
1594300500,85
1594301400,67
1594302300,74
1594303200,60
1594304100,79
1594305000,54
1594305900,64
1594306800,59
1594307700,95
1594308600,71
1594309500,73
1594310400,57
1594311300,77
1594312200,54
1594313100,65
1594314000,76
1594314900,230
1594315800,100
1594316700,323
1594317600,131
1594318500,103
1594319400,105
1594320300,122
1594321200,140
1594322100,134
1594323000,200
1594323900,124
1594324800,139
1594325700,116
1594326600,119
1594327500,86
1594328400,126
1594329300,112
1594330200,113
1594331100,106
1594332000,125
1594332900,109
1594333800,126
1594334700,87
1594335600,75
1594336500,45
1594337400,56
1594338300,56
1594339200,58
1594340100,43
1594341000,49
1594341900,58
1594342800,50
1594343700,47
1594344600,45
1594345500,63
1594346400,45
1594347300,53
1594348200,60
1594349100,82
1594350000,51
1594350900,51
1594351800,48
1594352700,67
1594353600,227
1594354500,146
1594355400,102
1594356300,204
1594357200,450
1594358100,125
1594359000,245
1594359900,131
1594360800,106
1594361700,107
1594362600,216
1594363500,234
1594364400,89
1594365300,113
1594366200,152
1594367100,108
1594368000,73
1594368900,86
1594369800,129
1594370700,257
1594371600,265
1594372500,106
1594373400,119
1594374300,169
1594375200,315
1594376100,159
1594377000,537
1594377900,634
1594378800,438
1594379700,449
1594380600,137
1594381500,124
1594382400,133
1594383300,135
1594384200,128
1594385100,110
1594386000,265
1594386900,254
1594387800,117
1594388700,441
1594389600,270
1594390500,163
1594391400,151
1594392300,135
1594393200,132
1594394100,186
1594395000,277
1594395900,125
1594396800,138
1594397700,155
1594398600,136
1594399500,144
1594400400,147
1594401300,166
1594402200,136
1594403100,151
1594404000,167
1594404900,162
1594405800,182
1594406700,159
1594407600,144
1594408500,146
1594409400,163
1594410300,147
1594411200,145
1594412100,131
1594413000,76
1594413900,81
1594414800,79
1594415700,74
1594416600,66
1594417500,78
1594418400,74
1594419300,194
1594420200,96
1594421100,108
1594422000,92
1594422900,87
1594423800,80
1594424700,87
1594425600,76
1594426500,56
1594427400,56
1594428300,66
1594429200,62
1594430100,53
1594431000,56
1594431900,66
1594432800,60
1594433700,50
1594434600,59
1594435500,95
1594436400,80
1594437300,82
1594438200,76
1594439100,81
1594440000,76
1594440900,66
1594441800,185
1594442700,67
1594443600,59
1594444500,71
1594445400,1403
1594446300,2153
1594447200,2152
1594448100,1315
1594449000,1223
1594449900,948
1594450800,964
1594451700,948
1594452600,1075
1594453500,846
1594454400,917
1594455300,77
1594456200,75
1594457100,202
1594458000,260
1594458900,187
1594459800,250
1594460700,140
1594461600,151
1594462500,170
1594463400,289
1594464300,96
1594465200,89
1594466100,137
1594467000,139
1594467900,301
1594468800,151
1594469700,167
1594470600,636
1594471500,549
1594472400,110
1594473300,132
1594474200,168
1594475100,261
1594476000,145
1594476900,355
1594477800,1393
1594478700,1345
1594479600,1213
1594480500,1122
1594481400,466
1594482300,178
1594483200,144
1594484100,128
1594485000,114
1594485900,105
1594486800,118
1594487700,107
1594488600,105
1594489500,122
1594490400,112
1594491300,124
1594492200,127
1594493100,143
1594494000,629
1594494900,808
1594495800,781
1594496700,703
1594497600,305
1594498500,111
1594499400,103
1594500300,95
1594501200,81
1594502100,84
1594503000,96
1594503900,50
1594504800,47
1594505700,38
1594506600,61
1594507500,46
1594508400,61
1594509300,69
1594510200,55
1594511100,47
1594512000,40
1594512900,189
1594513800,101
1594514700,195
1594515600,249
1594516500,79
1594517400,106
1594518300,75
1594519200,88
1594520100,91
1594521000,82
1594521900,80
1594522800,53
1594523700,74
1594524600,53
1594525500,60
1594526400,53
1594527300,74
1594528200,58
1594529100,55
1594530000,60
1594530900,69
1594531800,77
1594532700,67
1594533600,67
1594534500,67
1594535400,60
1594536300,53
1594537200,64
1594538100,105
1594539000,95
1594539900,102
1594540800,91
1594541700,94
1594542600,69
1594543500,77
1594544400,69
1594545300,102
1594546200,92
1594547100,100
1594548000,81
1594548900,106
1594549800,81
1594550700,88
1594551600,84
1594552500,102
1594553400,85
1594554300,101
1594555200,177
1594556100,161
1594557000,139
1594557900,122
1594558800,120
1594559700,124
1594560600,117
1594561500,91
1594562400,105
1594563300,132
1594564200,118
1594565100,129
1594566000,133
1594566900,137
1594567800,146
1594568700,135
1594569600,148
1594570500,136
1594571400,124
1594572300,126
1594573200,124
1594574100,128
1594575000,104
1594575900,109
1594576800,97
1594577700,122
1594578600,114
1594579500,147
1594580400,150
1594581300,229
1594582200,164
1594583100,189
1594584000,131
1594584900,147
1594585800,162
1594586700,77
1594587600,70
1594588500,94
1594589400,61
1594590300,68
1594591200,60
1594592100,80
1594593000,55
1594593900,56
1594594800,58
1594595700,85
1594596600,73
1594597500,51
1594598400,47
1594599300,61
1594600200,115
1594601100,94
1594602000,91
1594602900,70
1594603800,48
1594604700,40
1594605600,47
1594606500,50
1594607400,49
1594608300,39
1594609200,49
1594610100,66
1594611000,68
1594611900,58
1594612800,53
1594613700,52
1594614600,71
1594615500,180
1594616400,127
1594617300,57
1594618200,227
1594619100,303
1594620000,534
1594620900,184
1594621800,393
1594622700,66
1594623600,51
1594624500,65
1594625400,58
1594626300,59
1594627200,49
1594628100,62
1594629000,59
1594629900,77
1594630800,185
1594631700,110
1594632600,131
1594633500,154
1594634400,201
1594635300,141
1594636200,143
1594637100,128
1594638000,134
1594638900,126
1594639800,150
1594640700,605
1594641600,559
1594642500,400
1594643400,545
1594644300,1048
1594645200,481
1594646100,142
1594647000,156
1594647900,132
1594648800,131
1594649700,108
1594650600,117
1594651500,753
1594652400,823
1594653300,674
1594654200,514
1594655100,109
1594656000,73
1594656900,125
1594657800,104
1594658700,136
1594659600,89
1594660500,94
1594661400,91
1594662300,79
1594663200,87
1594664100,95
1594665000,91
1594665900,95
1594666800,107
1594667700,110
1594668600,98
1594669500,145
1594670400,188
1594671300,165
1594672200,89
1594673100,75
1594674000,59
1594674900,81
1594675800,60
1594676700,66
1594677600,61
1594678500,78
1594679400,69
1594680300,62
1594681200,52
1594682100,57
1594683000,43
1594683900,39
1594684800,46
1594685700,51
1594686600,46
1594687500,32
1594688400,54
1594689300,41
1594690200,33
1594691100,24
1594692000,40
1594692900,51
1594693800,62
1594694700,59
1594695600,54
1594696500,57
1594697400,26
1594698300,33
1594699200,28
1594700100,45
1594701000,25
1594701900,33
1594702800,186
1594703700,73
1594704600,110
1594705500,87
1594706400,69
1594707300,96
1594708200,86
1594709100,89
1594710000,94
1594710900,103
1594711800,122
1594712700,639
1594713600,579
1594714500,899
1594715400,250
1594716300,362
1594717200,216
1594718100,107
1594719000,128
1594719900,150
1594720800,155
1594721700,220
1594722600,144
1594723500,138
1594724400,134
1594725300,151
1594726200,128
1594727100,141
1594728000,133
1594728900,298
1594729800,176
1594730700,138
1594731600,123
1594732500,109
1594733400,269
1594734300,69
1594735200,80
1594736100,87
1594737000,68
1594737900,132
1594738800,488
1594739700,280
1594740600,120
1594741500,145
1594742400,184
1594743300,245
1594744200,119
1594745100,127
1594746000,122
1594746900,159
1594747800,127
1594748700,129
1594749600,145
1594750500,153
1594751400,152
1594752300,141
1594753200,177
1594754100,683
1594755000,236
1594755900,584
1594756800,86
1594757700,107
1594758600,104
1594759500,102
1594760400,68
1594761300,75
1594762200,68
1594763100,257
1594764000,140
1594764900,95
1594765800,68
1594766700,64
1594767600,50
1594768500,69
1594769400,45
1594770300,50
1594771200,47
1594772100,52
1594773000,48
1594773900,37
1594774800,49
1594775700,52
1594776600,46
1594777500,55
1594778400,60
1594779300,77
1594780200,42
1594781100,54
1594782000,59
1594782900,78
1594783800,80
1594784700,1325
1594785600,2103
1594786500,2165
1594787400,1506
1594788300,1163
1594789200,1114
1594790100,1254
1594791000,1173
1594791900,1205
1594792800,401
1594793700,450
1594794600,82
1594795500,124
1594796400,103
1594797300,49
1594798200,63
1594799100,68
1594800000,260
1594800900,929
1594801800,1363
1594802700,1124
1594803600,498
1594804500,174
1594805400,82
1594806300,82
1594807200,174
1594808100,721
1594809000,762
1594809900,643
1594810800,617
1594811700,273
1594812600,89
1594813500,103
1594814400,127
1594815300,163
1594816200,120
1594817100,244
1594818000,435
1594818900,310
1594819800,313
1594820700,162
1594821600,165
1594822500,114
1594823400,110
1594824300,113
1594825200,180
1594826100,161
1594827000,170
1594827900,175
1594828800,184
1594829700,188
1594830600,147
1594831500,168
1594832400,138
1594833300,134
1594834200,125
1594835100,130
1594836000,121
1594836900,113
1594837800,119
1594838700,165
1594839600,187
1594840500,171
1594841400,167
1594842300,153
1594843200,140
1594844100,197
1594845000,101
1594845900,90
1594846800,75
1594847700,94
1594848600,77
1594849500,83
1594850400,61
1594851300,66
1594852200,58
1594853100,77
1594854000,53
1594854900,59
1594855800,73
1594856700,84
1594857600,75
1594858500,70
1594859400,86
1594860300,81
1594861200,76
1594862100,66
1594863000,83
1594863900,52
1594864800,43
1594865700,52
1594866600,58
1594867500,72
1594868400,51
1594869300,71
1594870200,68
1594871100,70
1594872000,56
1594872900,260
1594873800,123
1594874700,209
1594875600,53
1594876500,53
1594877400,82
1594878300,87
1594879200,96
1594880100,74
1594881000,95
1594881900,47
1594882800,55
1594883700,49
1594884600,116
1594885500,101
1594886400,162
1594887300,83
1594888200,68
1594889100,59
1594890000,129
1594890900,120
1594891800,147
1594892700,132
1594893600,107
1594894500,171
1594895400,140
1594896300,146
1594897200,162
1594898100,155
1594899000,177
1594899900,186
1594900800,246
1594901700,120
1594902600,164
1594903500,107
1594904400,112
1594905300,110
1594906200,98
1594907100,90
1594908000,98
1594908900,118
1594909800,134
1594910700,138
1594911600,85
1594912500,87
1594913400,65
1594914300,64
1594915200,55
1594916100,78
1594917000,75
1594917900,154
1594918800,89
1594919700,75
1594920600,64
1594921500,55
1594922400,66
1594923300,86
1594924200,135
1594925100,79
1594926000,99
1594926900,112
1594927800,145
1594928700,172
1594929600,209
1594930500,225
1594931400,152
1594932300,147
1594933200,140
1594934100,145
1594935000,66
1594935900,66
1594936800,72
1594937700,82
1594938600,68
1594939500,63
1594940400,65
1594941300,41
1594942200,44
1594943100,43
1594944000,76
1594944900,52
1594945800,52
1594946700,35
1594947600,60
1594948500,34
1594949400,43
1594950300,39
1594951200,55
1594952100,39
1594953000,46
1594953900,52
1594954800,48
1594955700,45
1594956600,67
1594957500,230
1594958400,124
1594959300,490
1594960200,431
1594961100,440
1594962000,150
1594962900,230
1594963800,138
1594964700,135
1594965600,172
1594966500,103
1594967400,128
1594968300,219
1594969200,87
1594970100,60
1594971000,175
1594971900,78
1594972800,98
1594973700,61
1594974600,400
1594975500,44
1594976400,41
1594977300,34
1594978200,61
1594979100,59
1594980000,53
1594980900,60
1594981800,64
1594982700,67
1594983600,80
1594984500,87
1594985400,91
1594986300,72
1594987200,65
1594988100,481
1594989000,634
1594989900,377
1594990800,105
1594991700,93
1594992600,140
1594993500,150
1594994400,157
1594995300,215
1594996200,218
1594997100,148
1594998000,158
1594998900,157
1594999800,121
1595000700,111
1595001600,107
1595002500,176
1595003400,205
1595004300,136
1595005200,352
1595006100,129
1595007000,107
1595007900,132
1595008800,122
1595009700,140
1595010600,112
1595011500,124
1595012400,115
1595013300,83
1595014200,70
1595015100,58
1595016000,72
1595016900,55
1595017800,50
1595018700,33
1595019600,58
1595020500,90
1595021400,66
1595022300,66
1595023200,113
1595024100,71
1595025000,53
1595025900,40
1595026800,50
1595027700,38
1595028600,36
1595029500,51
1595030400,41
1595031300,41
1595032200,33
1595033100,55
1595034000,36
1595034900,42
1595035800,52
1595036700,73
1595037600,44
1595038500,42
1595039400,36
1595040300,56
1595041200,38
1595042100,46
1595043000,43
1595043900,48
1595044800,39
1595045700,37
1595046600,170
1595047500,57
1595048400,71
1595049300,84
1595050200,90
1595051100,72
1595052000,75
1595052900,64
1595053800,104
1595054700,79
1595055600,147
1595056500,67
1595057400,80
1595058300,59
1595059200,48
1595060100,58
1595061000,78
1595061900,78
1595062800,54
1595063700,74
1595064600,90
1595065500,74
1595066400,61
1595067300,144
1595068200,123
1595069100,66
1595070000,53
1595070900,82
1595071800,61
1595072700,61
1595073600,61
1595074500,110
1595075400,144
1595076300,165
1595077200,154
1595078100,137
1595079000,127
1595079900,160
1595080800,152
1595081700,125
1595082600,133
1595083500,116
1595084400,103
1595085300,92
1595086200,140
1595087100,71
1595088000,90
1595088900,61
1595089800,56
1595090700,62
1595091600,66
1595092500,61
1595093400,53
1595094300,69
1595095200,61
1595096100,62
1595097000,53
1595097900,73
1595098800,67
1595099700,79
1595100600,71
1595101500,75
1595102400,57
1595103300,57
1595104200,49
1595105100,53
1595106000,44
1595106900,35
1595107800,48
1595108700,72
1595109600,65
1595110500,53
1595111400,68
1595112300,163
1595113200,47
1595114100,36
1595115000,54
1595115900,42
1595116800,44
1595117700,39
1595118600,56
1595119500,41
1595120400,40
1595121300,45
1595122200,51
1595123100,45
1595124000,51
1595124900,62
1595125800,63
1595126700,46
1595127600,35
1595128500,49
1595129400,47
1595130300,45
1595131200,35
1595132100,52
1595133000,44
1595133900,43
1595134800,38
1595135700,53
1595136600,1576
1595137500,2119
1595138400,2178
1595139300,1139
1595140200,1127
1595141100,1114
1595142000,969
1595142900,1103
1595143800,179
1595144700,155
1595145600,127
1595146500,420
1595147400,554
1595148300,140
1595149200,140
1595150100,353
1595151000,394
1595151900,411
1595152800,218
1595153700,134
1595154600,115
1595155500,119
1595156400,91
1595157300,99
1595158200,78
1595159100,73
1595160000,81
1595160900,139
1595161800,153
1595162700,268
1595163600,135
1595164500,146
1595165400,172
1595166300,182
1595167200,193
1595168100,182
1595169000,183
1595169900,186
1595170800,207
1595171700,181
1595172600,208
1595173500,224
1595174400,198
1595175300,168
1595176200,200
1595177100,105
1595178000,114
1595178900,119
1595179800,143
1595180700,147
1595181600,155
1595182500,261
1595183400,192
1595184300,173
1595185200,148
1595186100,155
1595187000,138
1595187900,148
1595188800,115
1595189700,114
1595190600,95
1595191500,100
1595192400,71
1595193300,83
1595194200,72
1595195100,98
1595196000,71
1595196900,81
1595197800,69
1595198700,73
1595199600,45
1595200500,46
1595201400,54
1595202300,52
1595203200,49
1595204100,40
1595205000,74
1595205900,63
1595206800,63
1595207700,42
1595208600,61
1595209500,42
1595210400,49
1595211300,40
1595212200,69
1595213100,48
1595214000,56
1595214900,59
1595215800,61
1595216700,45
1595217600,43
1595218500,249
1595219400,145
1595220300,106
1595221200,59
1595222100,133
1595223000,87
1595223900,127
1595224800,233
1595225700,977
1595226600,1033
1595227500,559
1595228400,121
1595229300,198
1595230200,677
1595231100,489
1595232000,364
1595232900,422
1595233800,612
1595234700,575
1595235600,1287
1595236500,856
1595237400,627
1595238300,902
1595239200,947
1595240100,536
1595241000,155
1595241900,133
1595242800,122
1595243700,82
1595244600,110
1595245500,96
1595246400,122
1595247300,363
1595248200,667
1595249100,666
1595250000,260
1595250900,145
1595251800,160
1595252700,142
1595253600,116
1595254500,380
1595255400,765
1595256300,675
1595257200,329
1595258100,115
1595259000,96
1595259900,115
1595260800,95
1595261700,95
1595262600,100
1595263500,131
1595264400,117
1595265300,105
1595266200,116
1595267100,115
1595268000,116
1595268900,121
1595269800,117
1595270700,152
1595271600,145
1595272500,142
1595273400,100
1595274300,86
1595275200,53
1595276100,60
1595277000,54
1595277900,46
1595278800,35
1595279700,43
1595280600,54
1595281500,41
1595282400,40
1595283300,67
1595284200,85
1595285100,71
1595286000,70
1595286900,58
1595287800,62
1595288700,55
1595289600,50
1595290500,40
1595291400,53
1595292300,35
1595293200,42
1595294100,45
1595295000,49
1595295900,37
1595296800,40
1595297700,51
1595298600,45
1595299500,59
1595300400,53
1595301300,70
1595302200,42
1595303100,57
1595304000,49
1595304900,217
1595305800,52
1595306700,66
1595307600,45
1595308500,61
1595309400,83
1595310300,77
1595311200,111
1595312100,264
1595313000,104
1595313900,59
1595314800,89
1595315700,88
1595316600,68
1595317500,52
1595318400,126
1595319300,96
1595320200,102
1595321100,101
1595322000,107
1595322900,97
1595323800,110
1595324700,130
1595325600,101
1595326500,204
1595327400,209
1595328300,122
1595329200,124
1595330100,148
1595331000,119
1595331900,136
1595332800,120
1595333700,83
1595334600,89
1595335500,90
1595336400,78
1595337300,245
1595338200,95
1595339100,445
1595340000,454
1595340900,86
1595341800,90
1595342700,80
1595343600,80
1595344500,85
1595345400,95
1595346300,195
1595347200,99
1595348100,90
1595349000,119
1595349900,105
1595350800,106
1595351700,103
1595352600,153
1595353500,89
1595354400,83
1595355300,92
1595356200,96
1595357100,100
1595358000,93
1595358900,113
1595359800,99
1595360700,117
1595361600,76
1595362500,91
1595363400,72
1595364300,41
1595365200,42
1595366100,52
1595367000,73
1595367900,63
1595368800,54
1595369700,44
1595370600,90
1595371500,64
1595372400,69
1595373300,46
1595374200,54
1595375100,46
1595376000,66
1595376900,56
1595377800,56
1595378700,58
1595379600,42
1595380500,44
1595381400,44
1595382300,56
1595383200,39
1595384100,45
1595385000,60
1595385900,66
1595386800,52
1595387700,54
1595388600,59
1595389500,65
1595390400,53
1595391300,54
1595392200,52
1595393100,45
1595394000,61
1595394900,244
1595395800,201
1595396700,507
1595397600,469
1595398500,325
1595399400,229
1595400300,226
1595401200,191
1595402100,311
1595403000,62
1595403900,38
1595404800,44
1595405700,310
1595406600,176
1595407500,99
1595408400,507
1595409300,156
1595410200,425
1595411100,64
1595412000,61
1595412900,97
1595413800,74
1595414700,84
1595415600,99
1595416500,111
1595417400,81
1595418300,125
1595419200,114
1595420100,117
1595421000,91
1595421900,71
1595422800,136
1595423700,108
1595424600,110
1595425500,105
1595426400,131
1595427300,106
1595428200,124
1595429100,146
1595430000,157
1595430900,117
1595431800,94
1595432700,96
1595433600,88
1595434500,112
1595435400,91
1595436300,146
1595437200,96
1595438100,112
1595439000,174
1595439900,136
1595440800,134
1595441700,162
1595442600,160
1595443500,170
1595444400,169
1595445300,203
1595446200,171
1595447100,165
1595448000,172
1595448900,167
1595449800,159
1595450700,139
1595451600,169
1595452500,133
1595453400,94
1595454300,95
1595455200,71
1595456100,62
1595457000,69
1595457900,78
1595458800,54
1595459700,52
1595460600,53
1595461500,61
1595462400,60
1595463300,70
1595464200,75
1595465100,52
1595466000,46
1595466900,56
1595467800,59
1595468700,52
1595469600,49
1595470500,57
1595471400,57
1595472300,48
1595473200,52
1595474100,61
1595475000,75
1595475900,81
1595476800,85
1595477700,229
1595478600,130
1595479500,56
1595480400,69
1595481300,101
1595482200,94
1595483100,117
1595484000,120
1595484900,116
1595485800,96
1595486700,82
1595487600,97
1595488500,100
1595489400,81
1595490300,127
1595491200,110
1595492100,99
1595493000,144
1595493900,189
1595494800,200
1595495700,216
1595496600,204
1595497500,96
1595498400,199
1595499300,184
1595500200,141
1595501100,174
1595502000,138
1595502900,127
1595503800,126
1595504700,94
1595505600,60
1595506500,67
1595507400,89
1595508300,87
1595509200,131
1595510100,119
1595511000,121
1595511900,232
1595512800,121
1595513700,173
1595514600,103
1595515500,90
1595516400,68
1595517300,90
1595518200,80
1595519100,92
1595520000,104
1595520900,122
1595521800,103
1595522700,132
1595523600,451
1595524500,224
1595525400,373
1595526300,177
1595527200,99
1595528100,102
1595529000,108
1595529900,91
1595530800,127
1595531700,127
1595532600,119
1595533500,104
1595534400,109
1595535300,94
1595536200,52
1595537100,40
1595538000,49
1595538900,106
1595539800,63
1595540700,61
1595541600,82
1595542500,75
1595543400,60
1595544300,65
1595545200,58
1595546100,53
1595547000,43
1595547900,52
1595548800,60
1595549700,55
1595550600,45
1595551500,49
1595552400,61
1595553300,46
1595554200,52
1595555100,70
1595556000,110
1595556900,84
1595557800,68
1595558700,51
1595559600,72
1595560500,57
1595561400,66
1595562300,56
1595563200,178
1595564100,66
1595565000,66
1595565900,69
1595566800,61
1595567700,43
1595568600,206
1595569500,103
1595570400,173
1595571300,133
1595572200,96
1595573100,166
1595574000,188
1595574900,190
1595575800,90
1595576700,120
1595577600,96
1595578500,128
1595579400,79
1595580300,197
1595581200,78
1595582100,86
1595583000,94
1595583900,114
1595584800,100
1595585700,102
1595586600,121
1595587500,118
1595588400,122
1595589300,124
1595590200,149
1595591100,410
1595592000,307
1595592900,131
1595593800,145
1595594700,135
1595595600,117
1595596500,106
1595597400,129
1595598300,108
1595599200,114
1595600100,115
1595601000,139
1595601900,138
1595602800,186
1595603700,173
1595604600,143
1595605500,116
1595606400,108
1595607300,129
1595608200,121
1595609100,130
1595610000,271
1595610900,313
1595611800,299
1595612700,369
1595613600,168
1595614500,177
1595615400,415
1595616300,175
1595617200,166
1595618100,691
1595619000,739
1595619900,733
1595620800,259
1595621700,247
1595622600,183
1595623500,158
1595624400,113
1595625300,108
1595626200,88
1595627100,92
1595628000,78
1595628900,89
1595629800,70
1595630700,82
1595631600,84
1595632500,97
1595633400,72
1595634300,64
1595635200,82
1595636100,61
1595637000,68
1595637900,70
1595638800,101
1595639700,75
1595640600,71
1595641500,62
1595642400,80
1595643300,60
1595644200,67
1595645100,69
1595646000,73
1595646900,67
1595647800,66
1595648700,82
1595649600,89
1595650500,98
1595651400,89
1595652300,530
1595653200,982
1595654100,856
1595655000,635
1595655900,349
1595656800,311
1595657700,147
1595658600,135
1595659500,121
1595660400,93
1595661300,89
1595662200,106
1595663100,99
1595664000,101
1595664900,136
1595665800,136
1595666700,229
1595667600,296
1595668500,258
1595669400,136
1595670300,139
1595671200,191
1595672100,146
1595673000,77
1595673900,75
1595674800,64
1595675700,152
1595676600,119
1595677500,145
1595678400,302
1595679300,139
1595680200,77
1595681100,65
1595682000,70
1595682900,66
1595683800,65
1595684700,67
1595685600,81
1595686500,66
1595687400,98
1595688300,88
1595689200,99
1595690100,71
1595691000,67
1595691900,73
1595692800,75
1595693700,71
1595694600,61
1595695500,78
1595696400,72
1595697300,71
1595698200,63
1595699100,83
1595700000,70
1595700900,82
1595701800,98
1595702700,105
1595703600,74
1595704500,71
1595705400,97
1595706300,99
1595707200,99
1595708100,87
1595709000,98
1595709900,128
1595710800,105
1595711700,88
1595712600,105
1595713500,78
1595714400,76
1595715300,87
1595716200,90
1595717100,82
1595718000,78
1595718900,84
1595719800,77
1595720700,79
1595721600,71
1595722500,88
1595723400,73
1595724300,91
1595725200,72
1595726100,110
1595727000,61
1595727900,58
1595728800,93
1595729700,64
1595730600,61
1595731500,50
1595732400,62
1595733300,56
1595734200,47
1595735100,41
1595736000,57
1595736900,55
1595737800,64
1595738700,55
1595739600,64
1595740500,44
1595741400,46
1595742300,140
1595743200,214
1595744100,76
1595745000,503
1595745900,293
1595746800,511
1595747700,88
1595748600,69
1595749500,83
1595750400,76
1595751300,76
1595752200,66
1595753100,87
1595754000,70
1595754900,76
1595755800,81
1595756700,105
1595757600,90
1595758500,94
1595759400,122
1595760300,124
1595761200,100
1595762100,70
1595763000,101
1595763900,116
1595764800,162
1595765700,126
1595766600,128
1595767500,110
1595768400,100
1595769300,68
1595770200,88
1595771100,71
1595772000,88
1595772900,88
1595773800,104
1595774700,102
1595775600,119
1595776500,120
1595777400,243
1595778300,66
1595779200,55
1595780100,77
1595781000,62
1595781900,66
1595782800,57
1595783700,83
1595784600,76
1595785500,81
1595786400,71
1595787300,77
1595788200,63
1595789100,59
1595790000,73
1595790900,72
1595791800,72
1595792700,61
1595793600,85
1595794500,73
1595795400,74
1595796300,66
1595797200,99
1595798100,71
1595799000,69
1595799900,49
1595800800,67
1595801700,42
1595802600,43
1595803500,49
1595804400,50
1595805300,108
1595806200,44
1595807100,56
1595808000,42
1595808900,58
1595809800,55
1595810700,76
1595811600,38
1595812500,47
1595813400,39
1595814300,60
1595815200,39
1595816100,45
1595817000,48
1595817900,51
1595818800,48
1595819700,45
1595820600,62
1595821500,59
1595822400,62
1595823300,46
1595824200,62
1595825100,37
1595826000,46
1595826900,39
1595827800,239
1595828700,118
1595829600,172
1595830500,69
1595831400,70
1595832300,273
1595833200,81
1595834100,104
1595835000,127
1595835900,326
1595836800,118
1595837700,83
1595838600,66
1595839500,533
1595840400,397
1595841300,316
1595842200,160
1595843100,114
1595844000,140
1595844900,156
1595845800,78
1595846700,96
1595847600,105
1595848500,218
1595849400,82
1595850300,70
1595851200,66
1595852100,76
1595853000,113
1595853900,150
1595854800,282
1595855700,652
1595856600,592
1595857500,502
1595858400,173
1595859300,487
1595860200,163
1595861100,131
1595862000,140
1595862900,474
1595863800,764
1595864700,717
1595865600,653
1595866500,544
1595867400,103
1595868300,97
1595869200,100
1595870100,87
1595871000,79
1595871900,76
1595872800,79
1595873700,66
1595874600,72
1595875500,76
1595876400,66
1595877300,76
1595878200,90
1595879100,86
1595880000,68
1595880900,130
1595881800,154
1595882700,107
1595883600,104
1595884500,116
1595885400,89
1595886300,81
1595887200,62
1595888100,65
1595889000,49
1595889900,55
1595890800,47
1595891700,66
1595892600,43
1595893500,52
1595894400,45
1595895300,63
1595896200,41
1595897100,52
1595898000,51
1595898900,57
1595899800,41
1595900700,62
1595901600,73
1595902500,65
1595903400,59
1595904300,61
1595905200,57
1595906100,61
1595907000,51
1595907900,53
1595908800,55
1595909700,44
1595910600,56
1595911500,215
1595912400,320
1595913300,253
1595914200,299
1595915100,402
1595916000,494
1595916900,277
1595917800,153
1595918700,102
1595919600,72
1595920500,139
1595921400,254
1595922300,405
1595923200,296
1595924100,566
1595925000,349
1595925900,153
1595926800,340
1595927700,158
1595928600,127
1595929500,269
1595930400,836
1595931300,338
1595932200,165
1595933100,208
1595934000,667
1595934900,241
1595935800,605
1595936700,193
1595937600,772
1595938500,870
1595939400,671
1595940300,365
1595941200,239
1595942100,222
1595943000,201
1595943900,183
1595944800,178
1595945700,134
1595946600,144
1595947500,125
1595948400,151
1595949300,126
1595950200,134
1595951100,124
1595952000,138
1595952900,114
1595953800,124
1595954700,126
1595955600,154
1595956500,134
1595957400,142
1595958300,140
1595959200,156
1595960100,323
1595961000,144
1595961900,170
1595962800,175
1595963700,172
1595964600,204
1595965500,208
1595966400,158
1595967300,138
1595968200,124
1595969100,147
1595970000,112
1595970900,119
1595971800,116
1595972700,149
1595973600,140
1595974500,135
1595975400,114
1595976300,92
1595977200,77
1595978100,62
1595979000,81
1595979900,73
1595980800,75
1595981700,58
1595982600,77
1595983500,63
1595984400,64
1595985300,61
1595986200,75
1595987100,66
1595988000,56
1595988900,67
1595989800,72
1595990700,64
1595991600,58
1595992500,71
1595993400,85
1595994300,87
1595995200,87
1595996100,87
1595997000,271
1595997900,79
1595998800,231
1595999700,99
1596000600,99
1596001500,82
1596002400,97
1596003300,135
1596004200,200
1596005100,206
1596006000,190
1596006900,120
1596007800,258
1596008700,809
1596009600,824
1596010500,594
1596011400,568
1596012300,574
1596013200,454
1596014100,170
1596015000,189
1596015900,616
1596016800,346
1596017700,1176
1596018600,770
1596019500,717
1596020400,684
1596021300,709
1596022200,677
1596023100,711
1596024000,396
1596024900,195
1596025800,193
1596026700,203
1596027600,188
1596028500,179
1596029400,185
1596030300,175
1596031200,141
1596032100,162
1596033000,157
1596033900,171
1596034800,206
1596035700,182
1596036600,202
1596037500,179
1596038400,163
1596039300,166
1596040200,182
1596041100,143
1596042000,131
1596042900,136
1596043800,136
1596044700,128
1596045600,113
1596046500,143
1596047400,123
1596048300,126
1596049200,137
1596050100,163
1596051000,174
1596051900,170
1596052800,157
1596053700,176
1596054600,135
1596055500,118
1596056400,131
1596057300,119
1596058200,101
1596059100,89
1596060000,110
1596060900,94
1596061800,85
1596062700,75
1596063600,97
1596064500,73
1596065400,80
1596066300,77
1596067200,93
1596068100,71
1596069000,82
1596069900,84
1596070800,85
1596071700,72
1596072600,80
1596073500,89
1596074400,81
1596075300,93
1596076200,96
1596077100,105
1596078000,92
1596078900,84
1596079800,91
1596080700,103
1596081600,110
1596082500,202
1596083400,172
1596084300,196
1596085200,96
1596086100,117
1596087000,110
1596087900,110
1596088800,106
1596089700,117
1596090600,97
1596091500,103
1596092400,96
1596093300,116
1596094200,93
1596095100,97
1596096000,98
1596096900,119
1596097800,113
1596098700,145
1596099600,143
1596100500,123
1596101400,174
1596102300,150
1596103200,194
1596104100,264
1596105000,250
1596105900,213
1596106800,222
1596107700,192
1596108600,162
1596109500,170
1596110400,175
1596111300,164
1596112200,193
1596113100,432
1596114000,379
1596114900,452
1596115800,301
1596116700,165
1596117600,171
1596118500,163
1596119400,183
1596120300,194
1596121200,192
1596122100,163
1596123000,112
1596123900,103
1596124800,99
1596125700,107
1596126600,81
1596127500,88
1596128400,94
1596129300,88
1596130200,83
1596131100,324
1596132000,135
1596132900,280
1596133800,185
1596134700,207
1596135600,186
1596136500,180
1596137400,144
1596138300,169
1596139200,147
1596140100,153
1596141000,138
1596141900,144
1596142800,123
1596143700,112
1596144600,99
1596145500,93
1596146400,85
1596147300,109
1596148200,127
1596149100,87
1596150000,79
1596150900,79
1596151800,70
1596152700,64
1596153600,68
1596154500,80
1596155400,67
1596156300,65
1596157200,77
1596158100,70
1596159000,68
1596159900,64
1596160800,83
1596161700,75
1596162600,87
1596163500,85
1596164400,244
1596165300,92
1596166200,89
1596167100,91
1596168000,226
1596168900,73
1596169800,154
1596170700,185
1596171600,112
1596172500,142
1596173400,263
1596174300,125
1596175200,203
1596176100,541
1596177000,202
1596177900,139
1596178800,143
1596179700,440
1596180600,302
1596181500,77
1596182400,75
1596183300,349
1596184200,150
1596185100,122
1596186000,322
1596186900,132
1596187800,167
1596188700,126
1596189600,136
1596190500,139
1596191400,203
1596192300,119
1596193200,121
1596194100,118
1596195000,170
1596195900,582
1596196800,223
1596197700,179
1596198600,295
1596199500,189
1596200400,156
1596201300,166
1596202200,176
1596203100,176
1596204000,153
1596204900,160
1596205800,170
1596206700,164
1596207600,158
1596208500,159
1596209400,153
1596210300,155
1596211200,160
1596212100,146
1596213000,195
1596213900,183
1596214800,186
1596215700,223
1596216600,157
1596217500,139
1596218400,162
1596219300,146
1596220200,150
1596221100,128
1596222000,217
1596222900,191
1596223800,214
1596224700,198
1596225600,338
1596226500,243
1596227400,131
1596228300,166
1596229200,368
1596230100,139
1596231000,291
1596231900,51
1596232800,46
1596233700,38
1596234600,56
1596235500,43
1596236400,45
1596237300,41
1596238200,57
1596239100,43
1596240000,42
1596240900,50
1596241800,52
1596242700,62
1596243600,57
1596244500,74
1596245400,43
1596246300,47
1596247200,40
1596248100,64
1596249000,53
1596249900,71
1596250800,67
1596251700,52
1596252600,49
1596253500,62
1596254400,67
1596255300,70
1596256200,62
1596257100,82
1596258000,187
1596258900,139
1596259800,232
1596260700,72
1596261600,134
1596262500,479
1596263400,43
1596264300,69
1596265200,53
1596266100,238
1596267000,99
1596267900,123
1596268800,140
1596269700,116
1596270600,123
1596271500,115
1596272400,194
1596273300,104
1596274200,118
1596275100,119
1596276000,113
1596276900,126
1596277800,122
1596278700,119
1596279600,302
1596280500,248
1596281400,179
1596282300,121
1596283200,99
1596284100,84
1596285000,103
1596285900,125
1596286800,136
1596287700,109
1596288600,87
1596289500,102
1596290400,233
1596291300,113
1596292200,118
1596293100,87
1596294000,144
1596294900,97
1596295800,61
1596296700,76
1596297600,57
1596298500,66
1596299400,72
1596300300,95
1596301200,72
1596302100,78
1596303000,81
1596303900,79
1596304800,64
1596305700,55
1596306600,76
1596307500,58
1596308400,64
1596309300,53
1596310200,81
1596311100,60
1596312000,59
1596312900,72
1596313800,54
1596314700,47
1596315600,38
1596316500,61
1596317400,57
1596318300,64
1596319200,56
1596320100,75
1596321000,57
1596321900,53
1596322800,56
1596323700,45
1596324600,80
1596325500,52
1596326400,62
1596327300,38
1596328200,48
1596329100,43
1596330000,57
1596330900,44
1596331800,40
1596332700,57
1596333600,43
1596334500,48
1596335400,37
1596336300,75
1596337200,53
1596338100,63
1596339000,59
1596339900,71
1596340800,53
1596341700,43
1596342600,59
1596343500,41
1596344400,48
1596345300,38
1596346200,61
1596347100,37
1596348000,47
1596348900,46
1596349800,51
1596350700,50
1596351600,95
1596352500,155
1596353400,115
1596354300,196
1596355200,117
1596356100,155
1596357000,154
1596357900,335
1596358800,445
1596359700,172
1596360600,214
1596361500,625
1596362400,308
1596363300,644
1596364200,246
1596365100,228
1596366000,126
1596366900,83
1596367800,86
1596368700,100
1596369600,74
1596370500,102
1596371400,97
1596372300,110
1596373200,82
1596374100,91
1596375000,102
1596375900,120
1596376800,111
1596377700,93
1596378600,99
1596379500,53
1596380400,63
1596381300,56
1596382200,65
1596383100,48
1596384000,56
1596384900,65
1596385800,55
1596386700,52
1596387600,55
1596388500,69
1596389400,47
1596390300,56
1596391200,61
1596392100,59
1596393000,56
1596393900,72
1596394800,77
1596395700,73
1596396600,66
1596397500,77
1596398400,74
1596399300,67
1596400200,71
1596401100,46
1596402000,40
1596402900,30
1596403800,44
1596404700,40
1596405600,39
1596406500,31
1596407400,52
1596408300,32
1596409200,119
1596410100,37
1596411000,54
1596411900,33
1596412800,37
1596413700,56
1596414600,58
1596415500,64
1596416400,50
1596417300,68
1596418200,48
1596419100,48
1596420000,36
1596420900,48
1596421800,29
1596422700,40
1596423600,48
1596424500,50
1596425400,47
1596426300,58
1596427200,46
1596428100,39
1596429000,30
1596429900,51
1596430800,427
1596431700,220
1596432600,343
1596433500,483
1596434400,399
1596435300,271
1596436200,89
1596437100,83
1596438000,77
1596438900,69
1596439800,83
1596440700,287
1596441600,86
1596442500,80
1596443400,85
1596444300,67
1596445200,245
1596446100,786
1596447000,941
1596447900,843
1596448800,655
1596449700,393
1596450600,189
1596451500,139
1596452400,149
1596453300,561
1596454200,1257
1596455100,1339
1596456000,661
1596456900,239
1596457800,108
1596458700,110
1596459600,114
1596460500,121
1596461400,177
1596462300,96
1596463200,123
1596464100,123
1596465000,118
1596465900,125
1596466800,153
1596467700,169
1596468600,201
1596469500,775
1596470400,750
1596471300,659
1596472200,208
1596473100,66
1596474000,56
1596474900,80
1596475800,56
1596476700,59
1596477600,51
1596478500,70
1596479400,48
1596480300,58
1596481200,60
1596482100,60
1596483000,48
1596483900,58
1596484800,64
1596485700,54
1596486600,58
1596487500,65
1596488400,88
1596489300,98
1596490200,89
1596491100,70
1596492000,55
1596492900,42
1596493800,61
1596494700,42
1596495600,48
1596496500,38
1596497400,60
1596498300,36
1596499200,46
1596500100,45
1596501000,49
1596501900,32
1596502800,38
1596503700,41
1596504600,45
1596505500,43
1596506400,61
1596507300,49
1596508200,50
1596509100,44
1596510000,53
1596510900,43
1596511800,32
1596512700,43
1596513600,35
1596514500,33
1596515400,29
1596516300,51
1596517200,330
1596518100,291
1596519000,47
1596519900,127
1596520800,50
1596521700,56
1596522600,76
1596523500,170
1596524400,310
1596525300,735
1596526200,666
1596527100,483
1596528000,560
1596528900,464
1596529800,836
1596530700,462
1596531600,537
1596532500,534
1596533400,180
1596534300,187
1596535200,134
1596536100,125
1596537000,118
1596537900,156
1596538800,139
1596539700,133
1596540600,126
1596541500,140
1596542400,132
1596543300,138
1596544200,152
1596545100,167
1596546000,130
1596546900,133
1596547800,136
1596548700,131
1596549600,120
1596550500,112
1596551400,111
1596552300,95
1596553200,99
1596554100,114
1596555000,115
1596555900,98
1596556800,118
1596557700,110
1596558600,114
1596559500,115
1596560400,131
1596561300,138
1596562200,170
1596563100,161
1596564000,149
1596564900,143
1596565800,165
1596566700,184
1596567600,194
1596568500,222
1596569400,204
1596570300,246
1596571200,267
1596572100,234
1596573000,189
1596573900,170
1596574800,158
1596575700,160
1596576600,114
1596577500,123
1596578400,102
1596579300,68
1596580200,86
1596581100,84
1596582000,72
1596582900,79
1596583800,86
1596584700,78
1596585600,78
1596586500,72
1596587400,92
1596588300,72
1596589200,77
1596590100,88
1596591000,78
1596591900,95
1596592800,88
1596593700,107
1596594600,100
1596595500,88
1596596400,101
1596597300,96
1596598200,77
1596599100,79
1596600000,78
1596600900,85
1596601800,69
1596602700,77
1596603600,244
1596604500,66
1596605400,246
1596606300,245
1596607200,379
1596608100,41
1596609000,44
1596609900,55
1596610800,66
1596611700,73
1596612600,71
1596613500,201
1596614400,69
1596615300,69
1596616200,72
1596617100,80
1596618000,71
1596618900,87
1596619800,198
1596620700,191
1596621600,137
1596622500,170
1596623400,234
1596624300,666
1596625200,184
1596626100,419
1596627000,407
1596627900,189
1596628800,501
1596629700,545
1596630600,494
1596631500,398
1596632400,302
1596633300,151
1596634200,149
1596635100,162
1596636000,100
1596636900,131
1596637800,75
1596638700,82
1596639600,606
1596640500,154
1596641400,112
1596642300,117
1596643200,141
1596644100,125
1596645000,123
1596645900,159
1596646800,169
1596647700,210
1596648600,167
1596649500,140
1596650400,145
1596651300,118
1596652200,160
1596653100,192
1596654000,118
1596654900,172
1596655800,154
1596656700,125
1596657600,70
1596658500,61
1596659400,68
1596660300,59
1596661200,53
1596662100,66
1596663000,99
1596663900,58
1596664800,68
1596665700,63
1596666600,78
1596667500,61
1596668400,82
1596669300,86
1596670200,77
1596671100,56
1596672000,62
1596672900,71
1596673800,59
1596674700,60
1596675600,53
1596676500,59
1596677400,44
1596678300,49
1596679200,54
1596680100,63
1596681000,76
1596681900,68
1596682800,63
1596683700,68
1596684600,55
1596685500,74
1596686400,77
1596687300,255
1596688200,114
1596689100,105
1596690000,101
1596690900,144
1596691800,95
1596692700,119
1596693600,213
1596694500,93
1596695400,232
1596696300,57
1596697200,52
1596698100,67
1596699000,50
1596699900,53
1596700800,65
1596701700,51
1596702600,61
1596703500,77
1596704400,75
1596705300,55
1596706200,73
1596707100,74
1596708000,76
1596708900,66
1596709800,91
1596710700,65
1596711600,75
1596712500,74
1596713400,81
1596714300,67
1596715200,81
1596716100,88
1596717000,80
1596717900,64
1596718800,82
1596719700,78
1596720600,72
1596721500,70
1596722400,87
1596723300,74
1596724200,70
1596725100,78
1596726000,79
1596726900,82
1596727800,85
1596728700,95
1596729600,65
1596730500,77
1596731400,531
1596732300,350
1596733200,235
1596734100,196
1596735000,115
1596735900,116
1596736800,103
1596737700,88
1596738600,112
1596739500,92
1596740400,111
1596741300,84
1596742200,113
1596743100,95
1596744000,95
1596744900,101
1596745800,80
1596746700,75
1596747600,82
1596748500,102
1596749400,69
1596750300,69
1596751200,61
1596752100,78
1596753000,59
1596753900,49
1596754800,57
1596755700,51
1596756600,51
1596757500,44
1596758400,66
1596759300,53
1596760200,69
1596761100,61
1596762000,70
1596762900,45
1596763800,51
1596764700,55
1596765600,54
1596766500,51
1596767400,45
1596768300,63
1596769200,45
1596770100,52
1596771000,50
1596771900,84
1596772800,57
1596773700,56
1596774600,49
1596775500,60
1596776400,43
1596777300,42
1596778200,48
1596779100,45
1596780000,41
1596780900,36
1596781800,59
1596782700,43
1596783600,59
1596784500,58
1596785400,61
1596786300,45
1596787200,53
1596788100,54
1596789000,59
1596789900,49
1596790800,47
1596791700,68
1596792600,59
1596793500,72
1596794400,75
1596795300,104
1596796200,80
1596797100,72
1596798000,71
1596798900,86
1596799800,216
1596800700,411
1596801600,215
1596802500,149
1596803400,145
1596804300,146
1596805200,191
1596806100,149
1596807000,163
1596807900,131
1596808800,154
1596809700,127
1596810600,134
1596811500,141
1596812400,139
1596813300,121
1596814200,122
1596815100,136
1596816000,156
1596816900,315
1596817800,348
1596818700,478
1596819600,250
1596820500,142
1596821400,137
1596822300,151
1596823200,259
1596824100,152
1596825000,179
1596825900,74
1596826800,67
1596827700,90
1596828600,103
1596829500,75
1596830400,67
1596831300,59
1596832200,64
1596833100,35
1596834000,46
1596834900,46
1596835800,51
1596836700,37
1596837600,45
1596838500,55
1596839400,46
1596840300,59
1596841200,58
1596842100,64
1596843000,102
1596843900,610
1596844800,90
1596845700,95
1596846600,79
1596847500,72
1596848400,71
1596849300,63
1596850200,49
1596851100,64
1596852000,84
1596852900,71
1596853800,57
1596854700,60
1596855600,65
1596856500,49
1596857400,58
1596858300,63
1596859200,60
1596860100,50
1596861000,57
1596861900,66
1596862800,66
1596863700,66
1596864600,80
1596865500,61
1596866400,57
1596867300,50
1596868200,65
1596869100,59
1596870000,50
1596870900,60
1596871800,71
1596872700,65
1596873600,59
1596874500,84
1596875400,86
1596876300,81
1596877200,59
1596878100,76
1596879000,77
1596879900,85
1596880800,76
1596881700,99
1596882600,82
1596883500,704
1596884400,603
1596885300,153
1596886200,124
1596887100,114
1596888000,299
1596888900,648
1596889800,292
1596890700,106
1596891600,100
1596892500,97
1596893400,85
1596894300,91
1596895200,238
1596896100,1123
1596897000,860
1596897900,749
1596898800,521
1596899700,168
1596900600,141
1596901500,214
1596902400,289
1596903300,751
1596904200,348
1596905100,167
1596906000,179
1596906900,150
1596907800,180
1596908700,160
1596909600,123
1596910500,85
1596911400,74
1596912300,71
1596913200,58
1596914100,71
1596915000,123
1596915900,80
1596916800,57
1596917700,70
1596918600,57
1596919500,49
1596920400,61
1596921300,67
1596922200,51
1596923100,36
1596924000,46
1596924900,52
1596925800,46
1596926700,37
1596927600,52
1596928500,47
1596929400,45
1596930300,43
1596931200,66
1596932100,63
1596933000,51
1596933900,47
1596934800,52
1596935700,45
1596936600,38
1596937500,54
1596938400,44
1596939300,46
1596940200,37
1596941100,60
1596942000,43
1596942900,102
1596943800,107
1596944700,65
1596945600,46
1596946500,38
1596947400,55
1596948300,45
1596949200,45
1596950100,38
1596951000,61
1596951900,38
1596952800,44
1596953700,45
1596954600,71
1596955500,59
1596956400,49
1596957300,54
1596958200,46
1596959100,45
1596960000,36
1596960900,63
1596961800,47
1596962700,55
1596963600,51
1596964500,66
1596965400,68
1596966300,89
1596967200,100
1596968100,77
1596969000,76
1596969900,68
1596970800,90
1596971700,67
1596972600,77
1596973500,311
1596974400,339
1596975300,107
1596976200,144
1596977100,169
1596978000,166
1596978900,427
1596979800,190
1596980700,84
1596981600,115
1596982500,98
1596983400,101
1596984300,103
1596985200,89
1596986100,150
1596987000,340
1596987900,296
1596988800,250
1596989700,533
1596990600,259
1596991500,255
1596992400,250
1596993300,455
1596994200,237
1596995100,393
1596996000,811
1596996900,491
1596997800,200
1596998700,169
1596999600,151
1597000500,135
1597001400,143
1597002300,154
1597003200,101
1597004100,106
1597005000,59
1597005900,141
1597006800,67
1597007700,65
1597008600,60
1597009500,60
1597010400,78
1597011300,70
1597012200,74
1597013100,66
1597014000,41
1597014900,33
1597015800,47
1597016700,42
1597017600,41
1597018500,35
1597019400,53
1597020300,66
1597021200,102
1597022100,111
1597023000,58
1597023900,384
1597024800,2150
1597025700,2160
1597026600,1916
1597027500,856
1597028400,1137
1597029300,896
1597030200,1133
1597031100,857
1597032000,867
1597032900,816
1597033800,1152
1597034700,1573
1597035600,665
1597036500,621
1597037400,1064
1597038300,1009
1597039200,717
1597040100,317
1597041000,90
1597041900,480
1597042800,735
1597043700,559
1597044600,677
1597045500,224
1597046400,105
1597047300,149
1597048200,161
1597049100,106
1597050000,241
1597050900,309
1597051800,613
1597052700,979
1597053600,636
1597054500,362
1597055400,456
1597056300,506
1597057200,283
1597058100,199
1597059000,101
1597059900,145
1597060800,124
1597061700,104
1597062600,117
1597063500,118
1597064400,123
1597065300,113
1597066200,120
1597067100,112
1597068000,94
1597068900,110
1597069800,91
1597070700,109
1597071600,115
1597072500,98
1597073400,104
1597074300,136
1597075200,117
1597076100,109
1597077000,163
1597077900,151
1597078800,247
1597079700,186
1597080600,191
1597081500,157
1597082400,143
1597083300,158
1597084200,165
1597085100,510
1597086000,849
1597086900,871
1597087800,785
1597088700,997
1597089600,526
1597090500,432
1597091400,111
1597092300,110
1597093200,107
1597094100,67
1597095000,74
1597095900,69
1597096800,85
1597097700,71
1597098600,74
1597099500,101
1597100400,63
1597101300,67
1597102200,65
1597103100,75
1597104000,70
1597104900,47
1597105800,59
1597106700,52
1597107600,48
1597108500,64
1597109400,74
1597110300,51
1597111200,42
1597112100,54
1597113000,59
1597113900,47
1597114800,51
1597115700,52
1597116600,69
1597117500,52
1597118400,59
1597119300,74
1597120200,172
1597121100,78
1597122000,90
1597122900,104
1597123800,154
1597124700,96
1597125600,133
1597126500,482
1597127400,534
1597128300,416
1597129200,529
1597130100,388
1597131000,464
1597131900,481
1597132800,465
1597133700,350
1597134600,181
1597135500,361
1597136400,482
1597137300,169
1597138200,129
1597139100,139
1597140000,140
1597140900,159
1597141800,170
1597142700,105
1597143600,131
1597144500,303
1597145400,528
1597146300,448
1597147200,361
1597148100,173
1597149000,122
1597149900,129
1597150800,144
1597151700,164
1597152600,236
1597153500,208
1597154400,165
1597155300,243
1597156200,696
1597157100,787
1597158000,766
1597158900,605
1597159800,546
1597160700,750
1597161600,855
1597162500,621
1597163400,556
1597164300,188
1597165200,204
1597166100,249
1597167000,179
1597167900,362
1597168800,695
1597169700,255
1597170600,473
1597171500,242
1597172400,264
1597173300,276
1597174200,319
1597175100,389
1597176000,297
1597176900,288
1597177800,298
1597178700,268
1597179600,260
1597180500,303
1597181400,266
1597182300,277
1597183200,261
1597184100,293
1597185000,431
1597185900,464
1597186800,425
1597187700,111
1597188600,91
1597189500,82
1597190400,87
1597191300,78
1597192200,70
1597193100,86
1597194000,82
1597194900,68
1597195800,75
1597196700,88
1597197600,72
1597198500,76
1597199400,71
1597200300,98
1597201200,82
1597202100,76
1597203000,70
1597203900,60
1597204800,63
1597205700,56
1597206600,68
1597207500,57
1597208400,92
1597209300,375
1597210200,373
1597211100,152
1597212000,95
1597212900,235
1597213800,492
1597214700,424
1597215600,460
1597216500,455
1597217400,378
1597218300,374
1597219200,715
1597220100,379
1597221000,375
1597221900,347
1597222800,130
1597223700,193
1597224600,295
1597225500,182
1597226400,423
1597227300,900
1597228200,364
1597229100,286
1597230000,144
1597230900,150
1597231800,216
1597232700,240
1597233600,129
1597234500,128
1597235400,135
1597236300,157
1597237200,114
1597238100,127
1597239000,131
1597239900,154
1597240800,163
1597241700,175
1597242600,152
1597243500,161
1597244400,177
1597245300,164
1597246200,151
1597247100,165
1597248000,194
1597248900,189
1597249800,194
1597250700,184
1597251600,177
1597252500,135
1597253400,185
1597254300,230
1597255200,245
1597256100,217
1597257000,207
1597257900,208
1597258800,120
1597259700,83
1597260600,66
1597261500,73
1597262400,77
1597263300,70
1597264200,56
1597265100,51
1597266000,65
1597266900,52
1597267800,111
1597268700,91
1597269600,114
1597270500,43
1597271400,55
1597272300,53
1597273200,65
1597274100,44
1597275000,53
1597275900,58
1597276800,61
1597277700,52
1597278600,44
1597279500,60
1597280400,50
1597281300,51
1597282200,45
1597283100,79
1597284000,65
1597284900,67
1597285800,44
1597286700,65
1597287600,48
1597288500,57
1597289400,54
1597290300,66
1597291200,78
1597292100,80
1597293000,87
1597293900,102
1597294800,255
1597295700,255
1597296600,295
1597297500,212
1597298400,561
1597299300,424
1597300200,258
1597301100,89
1597302000,79
1597302900,90
1597303800,121
1597304700,110
1597305600,120
1597306500,116
1597307400,109
1597308300,127
1597309200,102
1597310100,148
1597311000,1005
1597311900,489
1597312800,302
1597313700,209
1597314600,140
1597315500,160
1597316400,159
1597317300,199
1597318200,185
1597319100,143
1597320000,129
1597320900,107
1597321800,165
1597322700,117
1597323600,120
1597324500,145
1597325400,123
1597326300,109
1597327200,106
1597328100,103
1597329000,133
1597329900,143
1597330800,154
1597331700,201
1597332600,162
1597333500,150
1597334400,137
1597335300,155
1597336200,154
1597337100,155
1597338000,168
1597338900,194
1597339800,154
1597340700,156
1597341600,153
1597342500,281
1597343400,453
1597344300,404
1597345200,513
1597346100,157
1597347000,174
1597347900,122
1597348800,108
1597349700,123
1597350600,92
1597351500,61
1597352400,55
1597353300,64
1597354200,70
1597355100,64
1597356000,64
1597356900,61
1597357800,55
1597358700,81
1597359600,53
1597360500,61
1597361400,41
1597362300,44
1597363200,50
1597364100,51
1597365000,38
1597365900,47
1597366800,69
1597367700,66
1597368600,49
1597369500,47
1597370400,56
1597371300,43
1597372200,42
1597373100,41
1597374000,61
1597374900,55
1597375800,52
1597376700,47
1597377600,229
1597378500,67
1597379400,160
1597380300,62
1597381200,99
1597382100,138
1597383000,178
1597383900,139
1597384800,98
1597385700,140
1597386600,188
1597387500,147
1597388400,81
1597389300,100
1597390200,103
1597391100,123
1597392000,81
1597392900,85
1597393800,248
1597394700,190
1597395600,135
1597396500,153
1597397400,137
1597398300,167
1597399200,174
1597400100,408
1597401000,635
1597401900,207
1597402800,121
1597403700,214
1597404600,176
1597405500,647
1597406400,182
1597407300,544
1597408200,145
1597409100,303
1597410000,140
1597410900,172
1597411800,478
1597412700,681
1597413600,629
1597414500,232
1597415400,168
1597416300,169
1597417200,173
1597418100,224
1597419000,1108
1597419900,950
1597420800,743
1597421700,476
1597422600,170
1597423500,153
1597424400,145
1597425300,172
1597426200,161
1597427100,142
1597428000,158
1597428900,165
1597429800,174
1597430700,174
1597431600,211
1597432500,192
1597433400,164
1597434300,136
1597435200,126
1597436100,108
1597437000,81
1597437900,84
1597438800,91
1597439700,84
1597440600,74
1597441500,87
1597442400,89
1597443300,92
1597444200,111
1597445100,156
1597446000,142
1597446900,111
1597447800,117
1597448700,118
1597449600,129
1597450500,110
1597451400,117
1597452300,118
1597453200,121
1597454100,96
1597455000,79
1597455900,90
1597456800,95
1597457700,96
1597458600,89
1597459500,107
1597460400,91
1597461300,95
1597462200,73
1597463100,97
1597464000,71
1597464900,82
1597465800,74
1597466700,95
1597467600,73
1597468500,223
1597469400,215
1597470300,314
1597471200,408
1597472100,137
1597473000,280
1597473900,162
1597474800,90
1597475700,71
1597476600,75
1597477500,148
1597478400,492
1597479300,428
1597480200,319
1597481100,219
1597482000,130
1597482900,164
1597483800,677
1597484700,171
1597485600,569
1597486500,127
1597487400,132
1597488300,125
1597489200,113
1597490100,112
1597491000,148
1597491900,139
1597492800,168
1597493700,152
1597494600,148
1597495500,111
1597496400,117
1597497300,157
1597498200,166
1597499100,226
1597500000,279
1597500900,222
1597501800,152
1597502700,82
1597503600,85
1597504500,84
1597505400,73
1597506300,89
1597507200,64
1597508100,66
1597509000,61
1597509900,79
1597510800,63
1597511700,61
1597512600,70
1597513500,69
1597514400,68
1597515300,56
1597516200,104
1597517100,186
1597518000,133
1597518900,125
1597519800,105
1597520700,95
1597521600,87
1597522500,105
1597523400,91
1597524300,81
1597525200,76
1597526100,112
1597527000,88
1597527900,115
1597528800,58
1597529700,65
1597530600,39
1597531500,41
1597532400,46
1597533300,49
1597534200,43
1597535100,37
1597536000,56
1597536900,40
1597537800,45
1597538700,34
1597539600,87
1597540500,80
1597541400,85
1597542300,69
1597543200,70
1597544100,50
1597545000,57
1597545900,58
1597546800,62
1597547700,55
1597548600,50
1597549500,70
1597550400,52
1597551300,100
1597552200,98
1597553100,106
1597554000,51
1597554900,57
1597555800,53
1597556700,218
1597557600,48
1597558500,80
1597559400,83
1597560300,111
1597561200,80
1597562100,63
1597563000,80
1597563900,60
1597564800,66
1597565700,65
1597566600,276
1597567500,154
1597568400,110
1597569300,190
1597570200,171
1597571100,126
1597572000,138
1597572900,167
1597573800,156
1597574700,148
1597575600,108
1597576500,102
1597577400,79
1597578300,76
1597579200,76
1597580100,87
1597581000,77
1597581900,95
1597582800,99
1597583700,83
1597584600,71
1597585500,77
1597586400,90
1597587300,73
1597588200,76
1597589100,75
1597590000,88
1597590900,69
1597591800,77
1597592700,70
1597593600,79
1597594500,75
1597595400,83
1597596300,74
1597597200,66
1597598100,59
1597599000,69
1597599900,113
1597600800,120
1597601700,138
1597602600,166
1597603500,134
1597604400,115
1597605300,108
1597606200,103
1597607100,90
1597608000,81
1597608900,99
1597609800,84
1597610700,78
1597611600,76
1597612500,71
1597613400,57
1597614300,56
1597615200,65
1597616100,76
1597617000,68
1597617900,43
1597618800,59
1597619700,50
1597620600,52
1597621500,42
1597622400,65
1597623300,43
1597624200,50
1597625100,44
1597626000,80
1597626900,62
1597627800,63
1597628700,55
1597629600,52
1597630500,50
1597631400,42
1597632300,66
1597633200,42
1597634100,50
1597635000,50
1597635900,67
1597636800,46
1597637700,64
1597638600,72
1597639500,71
1597640400,215
1597641300,51
1597642200,155
1597643100,585
1597644000,795
1597644900,211
1597645800,490
1597646700,105
1597647600,174
1597648500,168
1597649400,357
1597650300,102
1597651200,503
1597652100,1154
1597653000,890
1597653900,1008
1597654800,620
1597655700,509
1597656600,241
1597657500,146
1597658400,409
1597659300,194
1597660200,189
1597661100,582
1597662000,187
1597662900,552
1597663800,571
1597664700,647
1597665600,444
1597666500,144
1597667400,177
1597668300,168
1597669200,188
1597670100,184
1597671000,126
1597671900,121
1597672800,116
1597673700,147
1597674600,150
1597675500,140
1597676400,146
1597677300,157
1597678200,170
1597679100,681
1597680000,768
1597680900,725
1597681800,538
1597682700,141
1597683600,193
1597684500,266
1597685400,166
1597686300,250
1597687200,172
1597688100,193
1597689000,220
1597689900,208
1597690800,222
1597691700,183
1597692600,242
1597693500,173
1597694400,154
1597695300,99
1597696200,86
1597697100,106
1597698000,95
1597698900,87
1597699800,74
1597700700,96
1597701600,72
1597702500,75
1597703400,64
1597704300,79
1597705200,65
1597706100,63
1597707000,103
1597707900,98
1597708800,116
1597709700,87
1597710600,82
1597711500,51
1597712400,61
1597713300,64
1597714200,63
1597715100,58
1597716000,58
1597716900,76
1597717800,55
1597718700,62
1597719600,65
1597720500,93
1597721400,85
1597722300,93
1597723200,75
1597724100,60
1597725000,58
1597725900,62
1597726800,245
1597727700,49
1597728600,78
1597729500,74
1597730400,88
1597731300,149
1597732200,100
1597733100,116
1597734000,84
1597734900,95
1597735800,230
1597736700,78
1597737600,63
1597738500,78
1597739400,188
1597740300,638
1597741200,403
1597742100,133
1597743000,75
1597743900,436
1597744800,282
1597745700,160
1597746600,152
1597747500,688
1597748400,180
1597749300,576
1597750200,116
1597751100,180
1597752000,141
1597752900,109
1597753800,114
1597754700,93
1597755600,97
1597756500,92
1597757400,185
1597758300,159
1597759200,115
1597760100,137
1597761000,122
1597761900,129
1597762800,134
1597763700,138
1597764600,103
1597765500,114
1597766400,368
1597767300,282
1597768200,597
1597769100,184
1597770000,180
1597770900,168
1597771800,199
1597772700,287
1597773600,248
1597774500,151
1597775400,149
1597776300,118
1597777200,114
1597778100,122
1597779000,124
1597779900,120
1597780800,109
1597781700,133
1597782600,99
1597783500,95
1597784400,96
1597785300,114
1597786200,112
1597787100,114
1597788000,78
1597788900,56
1597789800,61
1597790700,62
1597791600,58
1597792500,34
1597793400,43
1597794300,49
1597795200,43
1597796100,34
1597797000,50
1597797900,65
1597798800,54
1597799700,48
1597800600,50
1597801500,43
1597802400,34
1597803300,49
1597804200,42
1597805100,42
1597806000,34
1597806900,61
1597807800,43
1597808700,56
1597809600,74
1597810500,80
1597811400,232
1597812300,75
1597813200,92
1597814100,72
1597815000,142
1597815900,104
1597816800,64
1597817700,61
1597818600,70
1597819500,72
1597820400,87
1597821300,67
1597822200,78
1597823100,68
1597824000,65
1597824900,61
1597825800,77
1597826700,63
1597827600,58
1597828500,74
1597829400,95
1597830300,99
1597831200,139
1597832100,421
1597833000,92
1597833900,115
1597834800,123
1597835700,147
1597836600,124
1597837500,127
1597838400,123
1597839300,122
1597840200,127
1597841100,127
1597842000,177
1597842900,559
1597843800,232
1597844700,544
1597845600,161
1597846500,162
1597847400,160
1597848300,161
1597849200,171
1597850100,167
1597851000,213
1597851900,182
1597852800,195
1597853700,210
1597854600,206
1597855500,209
1597856400,180
1597857300,189
1597858200,146
1597859100,138
1597860000,156
1597860900,207
1597861800,198
1597862700,208
1597863600,217
1597864500,218
1597865400,401
1597866300,399
1597867200,486
1597868100,180
1597869000,85
1597869900,91
1597870800,75
1597871700,67
1597872600,72
1597873500,78
1597874400,69
1597875300,60
1597876200,72
1597877100,90
1597878000,80
1597878900,85
1597879800,68
1597880700,67
1597881600,53
1597882500,62
1597883400,75
1597884300,57
1597885200,63
1597886100,60
1597887000,80
1597887900,61
1597888800,86
1597889700,88
1597890600,82
1597891500,67
1597892400,90
1597893300,116
1597894200,73
1597895100,71
1597896000,97
1597896900,100
1597897800,75
1597898700,219
1597899600,382
1597900500,195
1597901400,71
1597902300,109
1597903200,115
1597904100,142
1597905000,172
1597905900,331
1597906800,385
1597907700,463
1597908600,198
1597909500,363
1597910400,183
1597911300,281
1597912200,280
1597913100,503
1597914000,339
1597914900,660
1597915800,193
1597916700,143
1597917600,353
1597918500,222
1597919400,149
1597920300,154
1597921200,161
1597922100,146
1597923000,118
1597923900,132
1597924800,127
1597925700,506
1597926600,714
1597927500,377
1597928400,543
1597929300,154
1597930200,517
1597931100,111
1597932000,134
1597932900,113
1597933800,93
1597934700,89
1597935600,100
1597936500,88
1597937400,89
1597938300,106
1597939200,89
1597940100,97
1597941000,85
1597941900,82
1597942800,72
1597943700,96
1597944600,72
1597945500,82
1597946400,90
1597947300,79
1597948200,78
1597949100,99
1597950000,161
1597950900,139
1597951800,173
1597952700,130
1597953600,125
1597954500,149
1597955400,237
1597956300,89
1597957200,77
1597958100,86
1597959000,59
1597959900,55
1597960800,60
1597961700,42
1597962600,34
1597963500,45
1597964400,42
1597965300,42
1597966200,31
1597967100,75
1597968000,37
1597968900,58
1597969800,61
1597970700,56
1597971600,34
1597972500,44
1597973400,48
1597974300,37
1597975200,39
1597976100,48
1597977000,41
1597977900,34
1597978800,49
1597979700,54
1597980600,60
1597981500,45
1597982400,194
1597983300,52
1597984200,123
1597985100,97
1597986000,145
1597986900,111
1597987800,163
1597988700,75
1597989600,128
1597990500,69
1597991400,406
1597992300,752
1597993200,756
1597994100,659
1597995000,318
1597995900,69
1597996800,108
1597997700,101
1597998600,108
1597999500,154
1598000400,142
1598001300,115
1598002200,98
1598003100,229
1598004000,142
1598004900,106
1598005800,122
1598006700,124
1598007600,137
1598008500,107
1598009400,352
1598010300,295
1598011200,103
1598012100,89
1598013000,101
1598013900,95
1598014800,86
1598015700,76
1598016600,101
1598017500,92
1598018400,93
1598019300,86
1598020200,110
1598021100,86
1598022000,110
1598022900,135
1598023800,161
1598024700,132
1598025600,119
1598026500,124
1598027400,110
1598028300,274
1598029200,140
1598030100,206
1598031000,173
1598031900,151
1598032800,239
1598033700,250
1598034600,217
1598035500,212
1598036400,178
1598037300,180
1598038200,138
1598039100,152
1598040000,139
1598040900,136
1598041800,97
1598042700,90
1598043600,80
1598044500,83
1598045400,112
1598046300,68
1598047200,44
1598048100,38
1598049000,53
1598049900,35
1598050800,41
1598051700,53
1598052600,41
1598053500,40
1598054400,42
1598055300,53
1598056200,50
1598057100,60
1598058000,59
1598058900,44
1598059800,35
1598060700,47
1598061600,47
1598062500,43
1598063400,46
1598064300,67
1598065200,63
1598066100,55
1598067000,71
1598067900,116
1598068800,101
1598069700,229
1598070600,317
1598071500,349
1598072400,80
1598073300,96
1598074200,175
1598075100,112
1598076000,623
1598076900,326
1598077800,122
1598078700,113
1598079600,134
1598080500,667
1598081400,778
1598082300,700
1598083200,189
1598084100,73
1598085000,62
1598085900,69
1598086800,84
1598087700,80
1598088600,78
1598089500,103
1598090400,118
1598091300,528
1598092200,828
1598093100,630
1598094000,544
1598094900,310
1598095800,142
1598096700,105
1598097600,92
1598098500,84
1598099400,105
1598100300,77
1598101200,95
1598102100,171
1598103000,210
1598103900,216
1598104800,207
1598105700,227
1598106600,208
1598107500,208
1598108400,189
1598109300,207
1598110200,113
1598111100,120
1598112000,134
1598112900,124
1598113800,111
1598114700,204
1598115600,170
1598116500,128
1598117400,148
1598118300,117
1598119200,133
1598120100,125
1598121000,172
1598121900,105
1598122800,127
1598123700,106
1598124600,85
1598125500,67
1598126400,74
1598127300,61
1598128200,51
1598129100,71
1598130000,58
1598130900,61
1598131800,50
1598132700,53
1598133600,39
1598134500,49
1598135400,54
1598136300,48
1598137200,39
1598138100,58
1598139000,47
1598139900,46
1598140800,59
1598141700,76
1598142600,51
1598143500,42
1598144400,54
1598145300,76
1598146200,75
1598147100,49
1598148000,71
1598148900,49
1598149800,50
1598150700,42
1598151600,67
1598152500,55
1598153400,64
1598154300,45
1598155200,57
1598156100,46
1598157000,45
1598157900,72
1598158800,55
1598159700,311
1598160600,856
1598161500,676
1598162400,416
1598163300,592
1598164200,483
1598165100,569
1598166000,209
1598166900,66
1598167800,52
1598168700,75
1598169600,55
1598170500,326
1598171400,466
1598172300,383
1598173200,293
1598174100,411
1598175000,412
1598175900,310
1598176800,201
1598177700,187
1598178600,213
1598179500,190
1598180400,163
1598181300,150
1598182200,106
1598183100,105
1598184000,146
1598184900,152
1598185800,190
1598186700,547
1598187600,194
1598188500,507
1598189400,150
1598190300,119
1598191200,110
1598192100,133
1598193000,107
1598193900,112
1598194800,111
1598195700,131
1598196600,100
1598197500,99
1598198400,102
1598199300,108
1598200200,89
1598201100,172
1598202000,183
1598202900,138
1598203800,116
1598204700,118
1598205600,122
1598206500,100
1598207400,121
1598208300,148
1598209200,169
1598210100,133
1598211000,138
1598211900,151
1598212800,143
1598213700,128
1598214600,128
1598215500,223
1598216400,115
1598217300,71
1598218200,73
1598219100,53
1598220000,54
1598220900,51
1598221800,67
1598222700,56
1598223600,62
1598224500,73
1598225400,73
1598226300,56
1598227200,47
1598228100,64
1598229000,54
1598229900,52
1598230800,43
1598231700,67
1598232600,42
1598233500,51
1598234400,46
1598235300,69
1598236200,66
1598237100,70
1598238000,53
1598238900,52
1598239800,42
1598240700,45
1598241600,63
1598242500,42
1598243400,49
1598244300,47
1598245200,55
1598246100,196
1598247000,89
1598247900,212
1598248800,219
1598249700,82
1598250600,89
1598251500,310
1598252400,107
1598253300,129
1598254200,145
1598255100,118
1598256000,123
1598256900,441
1598257800,507
1598258700,506
1598259600,400
1598260500,447
1598261400,126
1598262300,121
1598263200,96
1598264100,117
1598265000,101
1598265900,283
1598266800,328
1598267700,336
1598268600,173
1598269500,548
1598270400,261
1598271300,578
1598272200,140
1598273100,335
1598274000,196
1598274900,135
1598275800,127
1598276700,152
1598277600,139
1598278500,119
1598279400,387
1598280300,176
1598281200,298
1598282100,154
1598283000,131
1598283900,111
1598284800,130
1598285700,169
1598286600,95
1598287500,62
1598288400,61
1598289300,59
1598290200,73
1598291100,62
1598292000,54
1598292900,73
1598293800,60
1598294700,68
1598295600,70
1598296500,93
1598297400,56
1598298300,63
1598299200,60
1598300100,72
1598301000,43
1598301900,75
1598302800,74
1598303700,55
1598304600,36
1598305500,47
1598306400,57
1598307300,58
1598308200,55
1598309100,52
1598310000,47
1598310900,36
1598311800,44
1598312700,51
1598313600,44
1598314500,35
1598315400,53
1598316300,43
1598317200,45
1598318100,35
1598319000,74
1598319900,51
1598320800,53
1598321700,38
1598322600,54
1598323500,35
1598324400,44
1598325300,50
1598326200,53
1598327100,48
1598328000,98
1598328900,57
1598329800,42
1598330700,72
1598331600,214
1598332500,87
1598333400,300
1598334300,353
1598335200,347
1598336100,77
1598337000,59
1598337900,54
1598338800,57
1598339700,56
1598340600,46
1598341500,68
1598342400,51
1598343300,53
1598344200,59
1598345100,83
1598346000,66
1598346900,49
1598347800,77
1598348700,72
1598349600,75
1598350500,66
1598351400,90
1598352300,69
1598353200,135
1598354100,86
1598355000,110
1598355900,101
1598356800,88
1598357700,81
1598358600,77
1598359500,71
1598360400,86
1598361300,136
1598362200,84
1598363100,95
1598364000,96
1598364900,99
1598365800,76
1598366700,67
1598367600,84
1598368500,53
1598369400,64
1598370300,67
1598371200,67
1598372100,113
1598373000,102
1598373900,121
1598374800,110
1598375700,119
1598376600,137
1598377500,268
1598378400,500
1598379300,369
1598380200,324
1598381100,113
1598382000,108
1598382900,121
1598383800,144
1598384700,115
1598385600,115
1598386500,123
1598387400,89
1598388300,78
1598389200,88
1598390100,86
1598391000,79
1598391900,73
1598392800,82
1598393700,59
1598394600,52
1598395500,64
1598396400,58
1598397300,44
1598398200,39
1598399100,55
1598400000,45
1598400900,37
1598401800,48
1598402700,46
1598403600,43
1598404500,35
1598405400,50
1598406300,42
1598407200,34
1598408100,43
1598409000,43
1598409900,40
1598410800,47
1598411700,67
1598412600,62
1598413500,53
1598414400,56
1598415300,44
1598416200,42
1598417100,37
1598418000,206
1598418900,79
1598419800,92
1598420700,59
1598421600,157
1598422500,265
1598423400,647
1598424300,278
1598425200,211
1598426100,50
1598427000,233
1598427900,215
1598428800,186
1598429700,41
1598430600,89
1598431500,919
1598432400,977
1598433300,1026
1598434200,321
1598435100,538
1598436000,324
1598436900,256
1598437800,226
1598438700,122
1598439600,72
1598440500,67
1598441400,102
1598442300,95
1598443200,102
1598444100,151
1598445000,104
1598445900,120
1598446800,115
1598447700,143
1598448600,116
1598449500,142
1598450400,306
1598451300,167
1598452200,173
1598453100,160
1598454000,165
1598454900,162
1598455800,142
1598456700,222
1598457600,230
1598458500,210
1598459400,217
1598460300,212
1598461200,368
1598462100,227
1598463000,209
1598463900,209
1598464800,217
1598465700,212
1598466600,163
1598467500,185
1598468400,164
1598469300,175
1598470200,157
1598471100,147
1598472000,136
1598472900,142
1598473800,148
1598474700,119
1598475600,128
1598476500,142
1598477400,117
1598478300,101
1598479200,51
1598480100,48
1598481000,38
1598481900,54
1598482800,47
1598483700,46
1598484600,43
1598485500,56
1598486400,46
1598487300,39
1598488200,60
1598489100,40
1598490000,47
1598490900,60
1598491800,72
1598492700,53
1598493600,62
1598494500,70
1598495400,50
1598496300,43
1598497200,52
1598498100,49
1598499000,39
1598499900,47
1598500800,51
1598501700,46
1598502600,37
1598503500,65
1598504400,54
1598505300,205
1598506200,112
1598507100,200
1598508000,95
1598508900,101
1598509800,435
1598510700,626
1598511600,301
1598512500,126
1598513400,308
1598514300,119
1598515200,198
1598516100,484
1598517000,545
1598517900,413
1598518800,174
1598519700,124
1598520600,119
1598521500,213
1598522400,136
1598523300,198
1598524200,566
1598525100,220
1598526000,425
1598526900,136
1598527800,113
1598528700,153
1598529600,329
1598530500,771
1598531400,710
1598532300,687
1598533200,632
1598534100,155
1598535000,385
1598535900,424
1598536800,436
1598537700,142
1598538600,148
1598539500,133
1598540400,145
1598541300,158
1598542200,175
1598543100,159
1598544000,383
1598544900,204
1598545800,153
1598546700,151
1598547600,130
1598548500,148
1598549400,136
1598550300,127
1598551200,150
1598552100,143
1598553000,174
1598553900,262
1598554800,228
1598555700,196
1598556600,212
1598557500,79
1598558400,75
1598559300,91
1598560200,71
1598561100,58
1598562000,68
1598562900,60
1598563800,42
1598564700,59
1598565600,77
1598566500,91
1598567400,98
1598568300,65
1598569200,47
1598570100,52
1598571000,48
1598571900,46
1598572800,45
1598573700,54
1598574600,39
1598575500,62
1598576400,72
1598577300,57
1598578200,62
1598579100,66
1598580000,56
1598580900,37
1598581800,60
1598582700,42
1598583600,42
1598584500,54
1598585400,41
1598586300,57
1598587200,211
1598588100,73
1598589000,69
1598589900,87
1598590800,257
1598591700,290
1598592600,137
1598593500,110
1598594400,105
1598595300,161
1598596200,115
1598597100,95
1598598000,83
1598598900,97
1598599800,123
1598600700,346
1598601600,119
1598602500,293
1598603400,141
1598604300,180
1598605200,148
1598606100,582
1598607000,175
1598607900,551
1598608800,153
1598609700,126
1598610600,222
1598611500,264
1598612400,159
1598613300,140
1598614200,130
1598615100,109
1598616000,136
1598616900,113
1598617800,98
1598618700,99
1598619600,98
1598620500,106
1598621400,99
1598622300,123
1598623200,134
1598624100,224
1598625000,158
1598625900,160
1598626800,174
1598627700,138
1598628600,133
1598629500,182
1598630400,128
1598631300,121
1598632200,144
1598633100,148
1598634000,150
1598634900,167
1598635800,132
1598636700,159
1598637600,158
1598638500,163
1598639400,230
1598640300,252
1598641200,254
1598642100,199
1598643000,182
1598643900,99
1598644800,146
1598645700,166
1598646600,83
1598647500,69
1598648400,65
1598649300,79
1598650200,61
1598651100,71
1598652000,74
1598652900,66
1598653800,80
1598654700,93
1598655600,87
1598656500,77
1598657400,104
1598658300,75
1598659200,141
1598660100,72
1598661000,60
1598661900,56
1598662800,48
1598663700,58
1598664600,41
1598665500,50
1598666400,56
1598667300,54
1598668200,44
1598669100,61
1598670000,50
1598670900,48
1598671800,71
1598672700,66
1598673600,83
1598674500,71
1598675400,78
1598676300,58
1598677200,137
1598678100,215
1598679000,227
1598679900,381
1598680800,97
1598681700,115
1598682600,92
1598683500,94
1598684400,122
1598685300,493
1598686200,256
1598687100,175
1598688000,369
1598688900,386
1598689800,370
1598690700,305
1598691600,196
1598692500,261
1598693400,155
1598694300,161
1598695200,148
1598696100,142
1598697000,150
1598697900,143
1598698800,149
1598699700,244
1598700600,161
1598701500,186
1598702400,416
1598703300,415
1598704200,192
1598705100,204
1598706000,225
1598706900,185
1598707800,208
1598708700,249
1598709600,279
1598710500,288
1598711400,289
1598712300,286
1598713200,263
1598714100,239
1598715000,226
1598715900,323
1598716800,712
1598717700,254
1598718600,263
1598719500,246
1598720400,255
1598721300,289
1598722200,294
1598723100,294
1598724000,277
1598724900,267
1598725800,256
1598726700,261
1598727600,271
1598728500,466
1598729400,709
1598730300,514
1598731200,520
1598732100,235
1598733000,199
1598733900,232
1598734800,240
1598735700,209
1598736600,218
1598737500,175
1598738400,149
1598739300,92
1598740200,101
1598741100,93
1598742000,122
1598742900,124
1598743800,110
1598744700,116
1598745600,112
1598746500,133
1598747400,111
1598748300,115
1598749200,93
1598750100,109
1598751000,109
1598751900,102
1598752800,94
1598753700,98
1598754600,105
1598755500,111
1598756400,106
1598757300,122
1598758200,127
1598759100,112
1598760000,133
1598760900,105
1598761800,107
1598762700,102
1598763600,112
1598764500,128
1598765400,206
1598766300,134
1598767200,413
1598768100,152
1598769000,290
1598769900,177
1598770800,76
1598771700,86
1598772600,69
1598773500,95
1598774400,81
1598775300,78
1598776200,71
1598777100,94
1598778000,174
1598778900,215
1598779800,296
1598780700,223
1598781600,592
1598782500,446
1598783400,602
1598784300,256
1598785200,175
1598786100,98
1598787000,97
1598787900,123
1598788800,172
1598789700,159
1598790600,153
1598791500,160
1598792400,195
1598793300,169
1598794200,127
1598795100,130
1598796000,113
1598796900,92
1598797800,91
1598798700,94
1598799600,68
1598800500,68
1598801400,80
1598802300,87
1598803200,105
1598804100,84
1598805000,87
1598805900,76
1598806800,86
1598807700,82
1598808600,85
1598809500,63
1598810400,70
1598811300,76
1598812200,206
1598813100,168
1598814000,118
1598814900,109
1598815800,103
1598816700,110
1598817600,136
1598818500,123
1598819400,84
1598820300,84
1598821200,93
1598822100,101
1598823000,81
1598823900,73
1598824800,61
1598825700,60
1598826600,51
1598827500,52
1598828400,66
1598829300,45
1598830200,52
1598831100,40
1598832000,51
1598832900,56
1598833800,96
1598834700,71
1598835600,69
1598836500,56
1598837400,74
1598838300,78
1598839200,68
1598840100,61
1598841000,58
1598841900,67
1598842800,88
1598843700,111
1598844600,94
1598845500,94
1598846400,85
1598847300,91
1598848200,85
1598849100,67
1598850000,54
1598850900,200
1598851800,58
1598852700,84
1598853600,67
1598854500,61
1598855400,58
1598856300,91
1598857200,395
1598858100,548
1598859000,264
1598859900,120
1598860800,129
1598861700,113
1598862600,137
1598863500,123
1598864400,439
1598865300,124
1598866200,137
1598867100,147
1598868000,146
1598868900,130
1598869800,131
1598870700,132
1598871600,151
1598872500,163
1598873400,186
1598874300,173
1598875200,590
1598876100,257
1598877000,507
1598877900,105
1598878800,93
1598879700,126
1598880600,135
1598881500,178
1598882400,162
1598883300,236
1598884200,152
1598885100,142
1598886000,151
1598886900,108
1598887800,94
1598888700,81
1598889600,515
1598890500,627
1598891400,792
1598892300,494
1598893200,100
1598894100,98
1598895000,93
1598895900,116
1598896800,432
1598897700,695
1598898600,631
1598899500,336
1598900400,208
1598901300,148
1598902200,130
1598903100,80
1598904000,82
1598904900,65
1598905800,97
1598906700,88
1598907600,84
1598908500,46
1598909400,46
1598910300,46
1598911200,41
1598912100,60
1598913000,55
1598913900,49
1598914800,39
1598915700,50
1598916600,41
1598917500,63
1598918400,58
1598919300,43
1598920200,86
1598921100,80
1598922000,91
1598922900,97
1598923800,88
1598924700,69
1598925600,74
1598926500,53
1598927400,78
1598928300,72
1598929200,64
1598930100,58
1598931000,56
1598931900,72
1598932800,77
1598933700,95
1598934600,64
1598935500,93
1598936400,135
1598937300,90
1598938200,271
1598939100,141
1598940000,128
1598940900,128
1598941800,96
1598942700,117
1598943600,137
1598944500,114
1598945400,82
1598946300,65
1598947200,73
1598948100,61
1598949000,90
1598949900,73
1598950800,71
1598951700,61
1598952600,85
1598953500,84
1598954400,117
1598955300,97
1598956200,99
1598957100,163
1598958000,115
1598958900,117
1598959800,130
1598960700,119
1598961600,105
1598962500,110
1598963400,90
1598964300,118
1598965200,116
1598966100,108
1598967000,103
1598967900,103
1598968800,107
1598969700,111
1598970600,121
1598971500,101
1598972400,106
1598973300,95
1598974200,97
1598975100,103
1598976000,634
1598976900,294
1598977800,98
1598978700,135
1598979600,103
1598980500,112
1598981400,80
1598982300,80
1598983200,79
1598984100,62
1598985000,74
1598985900,76
1598986800,71
1598987700,59
1598988600,75
1598989500,154
1598990400,142
1598991300,115
1598992200,73
1598993100,67
1598994000,56
1598994900,66
1598995800,70
1598996700,95
1598997600,75
1598998500,73
1598999400,83
1599000300,74
1599001200,103
1599002100,85
1599003000,81
1599003900,67
1599004800,67
1599005700,69
1599006600,84
1599007500,71
1599008400,62
1599009300,67
1599010200,61
1599011100,70
1599012000,64
1599012900,53
1599013800,39
1599014700,47
1599015600,47
1599016500,64
1599017400,59
1599018300,52
1599019200,64
1599020100,54
1599021000,64
1599021900,73
1599022800,72
1599023700,45
1599024600,217
1599025500,66
1599026400,83
1599027300,163
1599028200,86
1599029100,515
1599030000,489
1599030900,668
1599031800,468
1599032700,462
1599033600,358
1599034500,399
1599035400,415
1599036300,596
1599037200,905
1599038100,695
1599039000,1094
1599039900,510
1599040800,901
1599041700,142
1599042600,154
1599043500,112
1599044400,117
1599045300,128
1599046200,129
1599047100,157
1599048000,186
1599048900,158
1599049800,202
1599050700,167
1599051600,117
1599052500,136
1599053400,114
1599054300,132
1599055200,129
1599056100,169
1599057000,180
1599057900,182
1599058800,172
1599059700,154
1599060600,125
1599061500,141
1599062400,153
1599063300,143
1599064200,130
1599065100,136
1599066000,132
1599066900,156
1599067800,163
1599068700,162
1599069600,175
1599070500,193
1599071400,209
1599072300,244
1599073200,217
1599074100,169
1599075000,134
1599075900,120
1599076800,117
1599077700,135
1599078600,133
1599079500,105
1599080400,114
1599081300,114
1599082200,105
1599083100,114
1599084000,108
1599084900,97
1599085800,98
1599086700,109
1599087600,120
1599088500,135
1599089400,131
1599090300,125
1599091200,118
1599092100,115
1599093000,117
1599093900,130
1599094800,101
1599095700,115
1599096600,139
1599097500,90
1599098400,92
1599099300,100
1599100200,77
1599101100,88
1599102000,54
1599102900,63
1599103800,65
1599104700,52
1599105600,46
1599106500,170
1599107400,102
1599108300,108
1599109200,106
1599110100,99
1599111000,108
1599111900,80
1599112800,110
1599113700,117
1599114600,130
1599115500,106
1599116400,157
1599117300,135
1599118200,123
1599119100,100
1599120000,95
1599120900,74
1599121800,82
1599122700,97
1599123600,189
1599124500,131
1599125400,160
1599126300,169
1599127200,167
1599128100,187
1599129000,182
1599129900,176
1599130800,155
1599131700,172
1599132600,165
1599133500,225
1599134400,264
1599135300,171
1599136200,152
1599137100,150
1599138000,142
1599138900,128
1599139800,96
1599140700,91
1599141600,150
1599142500,75
1599143400,88
1599144300,252
1599145200,121
1599146100,129
1599147000,136
1599147900,164
1599148800,164
1599149700,129
1599150600,131
1599151500,150
1599152400,152
1599153300,94
1599154200,127
1599155100,297
1599156000,161
1599156900,152
1599157800,190
1599158700,116
1599159600,131
1599160500,146
1599161400,148
1599162300,138
1599163200,126
1599164100,111
1599165000,121
1599165900,101
1599166800,86
1599167700,76
1599168600,68
1599169500,37
1599170400,60
1599171300,48
1599172200,46
1599173100,35
1599174000,46
1599174900,37
1599175800,64
1599176700,74
1599177600,71
1599178500,55
1599179400,66
1599180300,84
1599181200,81
1599182100,56
1599183000,44
1599183900,40
1599184800,42
1599185700,54
1599186600,55
1599187500,49
1599188400,47
1599189300,56
1599190200,56
1599191100,62
1599192000,246
1599192900,271
1599193800,205
1599194700,149
1599195600,150
1599196500,404
1599197400,347
1599198300,539
1599199200,189
1599200100,193
1599201000,94
1599201900,118
1599202800,265
1599203700,187
1599204600,83
1599205500,148
1599206400,112
1599207300,132
1599208200,465
1599209100,567
1599210000,189
1599210900,119
1599211800,130
1599212700,140
1599213600,131
1599214500,163
1599215400,289
1599216300,110
1599217200,115
1599218100,90
1599219000,79
1599219900,66
1599220800,77
1599221700,68
1599222600,85
1599223500,60
1599224400,66
1599225300,62
1599226200,114
1599227100,135
1599228000,455
1599228900,745
1599229800,246
1599230700,147
1599231600,158
1599232500,161
1599233400,165
1599234300,307
1599235200,159
1599236100,194
1599237000,716
1599237900,675
1599238800,192
1599239700,198
1599240600,206
1599241500,199
1599242400,198
1599243300,230
1599244200,516
1599245100,279
1599246000,529
1599246900,223
1599247800,161
1599248700,128
1599249600,116
1599250500,104
1599251400,85
1599252300,100
1599253200,76
1599254100,81
1599255000,73
1599255900,82
1599256800,88
1599257700,96
1599258600,80
1599259500,73
1599260400,114
1599261300,151
1599262200,147
1599263100,131
1599264000,127
1599264900,105
1599265800,113
1599266700,110
1599267600,123
1599268500,109
1599269400,99
1599270300,136
1599271200,115
1599272100,108
1599273000,112
1599273900,103
1599274800,94
1599275700,99
1599276600,100
1599277500,121
1599278400,134
1599279300,107
1599280200,108
1599281100,98
1599282000,131
1599282900,181
1599283800,244
1599284700,115
1599285600,239
1599286500,627
1599287400,917
1599288300,773
1599289200,626
1599290100,463
1599291000,224
1599291900,83
1599292800,76
1599293700,76
1599294600,46
1599295500,163
1599296400,259
1599297300,294
1599298200,247
1599299100,118
1599300000,111
1599300900,110
1599301800,122
1599302700,95
1599303600,80
1599304500,128
1599305400,136
1599306300,129
1599307200,107
1599308100,74
1599309000,77
1599309900,74
1599310800,161
1599311700,194
1599312600,129
1599313500,79
1599314400,82
1599315300,79
1599316200,222
1599317100,66
1599318000,93
1599318900,89
1599319800,111
1599320700,100
1599321600,117
1599322500,365
1599323400,99
1599324300,142
1599325200,139
1599326100,165
1599327000,138
1599327900,153
1599328800,410
1599329700,576
1599330600,410
1599331500,349
1599332400,224
1599333300,186
1599334200,182
1599335100,171
1599336000,125
1599336900,110
1599337800,92
1599338700,69
1599339600,122
1599340500,80
1599341400,77
1599342300,83
1599343200,102
1599344100,71
1599345000,54
1599345900,36
1599346800,47
1599347700,36
1599348600,58
1599349500,55
1599350400,42
1599351300,41
1599352200,67
1599353100,71
1599354000,89
1599354900,90
1599355800,88
1599356700,155
1599357600,113
1599358500,123
1599359400,122
1599360300,119
1599361200,106
1599362100,112
1599363000,103
1599363900,151
1599364800,111
1599365700,71
1599366600,66
1599367500,74
1599368400,89
1599369300,103
1599370200,80
1599371100,69
1599372000,69
1599372900,68
1599373800,614
1599374700,474
1599375600,443
1599376500,319
1599377400,368
1599378300,696
1599379200,493
1599380100,466
1599381000,832
1599381900,460
1599382800,361
1599383700,424
1599384600,561
1599385500,360
1599386400,355
1599387300,291
1599388200,432
1599389100,344
1599390000,336
1599390900,104
1599391800,101
1599392700,102
1599393600,122
1599394500,149
1599395400,167
1599396300,114
1599397200,171
1599398100,184
1599399000,179
1599399900,192
1599400800,172
1599401700,184
1599402600,139
1599403500,132
1599404400,130
1599405300,143
1599406200,116
1599407100,128
1599408000,119
1599408900,126
1599409800,128
1599410700,145
1599411600,214
1599412500,231
1599413400,156
1599414300,157
1599415200,183
1599416100,211
1599417000,195
1599417900,174
1599418800,276
1599419700,146
1599420600,179
1599421500,144
1599422400,142
1599423300,117
1599424200,147
1599425100,135
1599426000,115
1599426900,63
1599427800,97
1599428700,77
1599429600,72
1599430500,82
1599431400,90
1599432300,67
1599433200,76
1599434100,62
1599435000,72
1599435900,81
1599436800,94
1599437700,125
1599438600,136
1599439500,107
1599440400,106
1599441300,107
1599442200,71
1599443100,56
1599444000,63
1599444900,61
1599445800,70
1599446700,80
1599447600,60
1599448500,68
1599449400,72
1599450300,77
1599451200,124
1599452100,135
1599453000,100
1599453900,97
1599454800,171
1599455700,196
1599456600,75
1599457500,82
1599458400,60
1599459300,202
1599460200,95
1599461100,72
1599462000,335
1599462900,85
1599463800,90
1599464700,391
1599465600,159
1599466500,494
1599467400,208
1599468300,131
1599469200,142
1599470100,227
1599471000,378
1599471900,171
1599472800,174
1599473700,169
1599474600,129
1599475500,335
1599476400,139
1599477300,169
1599478200,145
1599479100,135
1599480000,123
1599480900,120
1599481800,125
1599482700,139
1599483600,134
1599484500,134
1599485400,133
1599486300,134
1599487200,616
1599488100,280
1599489000,660
1599489900,480
1599490800,206
1599491700,340
1599492600,328
1599493500,153
1599494400,349
1599495300,142
1599496200,205
1599497100,473
1599498000,564
1599498900,481
1599499800,436
1599500700,149
1599501600,563
1599502500,712
1599503400,721
1599504300,653
1599505200,168
1599506100,153
1599507000,173
1599507900,144
1599508800,131
1599509700,102
1599510600,89
1599511500,80
1599512400,70
1599513300,86
1599514200,91
1599515100,80
1599516000,75
1599516900,60
1599517800,89
1599518700,98
1599519600,80
1599520500,57
1599521400,68
1599522300,59
1599523200,87
1599524100,95
1599525000,96
1599525900,76
1599526800,65
1599527700,67
1599528600,63
1599529500,84
1599530400,63
1599531300,66
1599532200,62
1599533100,82
1599534000,93
1599534900,113
1599535800,90
1599536700,70
1599537600,58
1599538500,84
1599539400,93
1599540300,97
1599541200,165
1599542100,465
1599543000,917
1599543900,1056
1599544800,623
1599545700,516
1599546600,92
1599547500,66
1599548400,78
1599549300,73
1599550200,91
1599551100,119
1599552000,102
1599552900,136
1599553800,101
1599554700,76
1599555600,83
1599556500,118
1599557400,137
1599558300,144
1599559200,125
1599560100,141
1599561000,164
1599561900,160
1599562800,143
1599563700,265
1599564600,171
1599565500,267
1599566400,150
1599567300,143
1599568200,120
1599569100,104
1599570000,112
1599570900,112
1599571800,115
1599572700,112
1599573600,137
1599574500,127
1599575400,165
1599576300,144
1599577200,140
1599578100,121
1599579000,94
1599579900,148
1599580800,832
1599581700,448
1599582600,650
1599583500,102
1599584400,102
1599585300,116
1599586200,91
1599587100,78
1599588000,79
1599588900,114
1599589800,155
1599590700,153
1599591600,120
1599592500,116
1599593400,113
1599594300,96
1599595200,89
1599596100,68
1599597000,54
1599597900,40
1599598800,46
1599599700,49
1599600600,62
1599601500,49
1599602400,57
1599603300,63
1599604200,51
1599605100,60
1599606000,53
1599606900,48
1599607800,38
1599608700,49
1599609600,39
1599610500,67
1599611400,45
1599612300,48
1599613200,41
1599614100,46
1599615000,51
1599615900,62
1599616800,60
1599617700,62
1599618600,74
1599619500,166
1599620400,79
1599621300,90
1599622200,88
1599623100,80
1599624000,60
1599624900,142
1599625800,282
1599626700,65
1599627600,318
1599628500,54
1599629400,236
1599630300,109
1599631200,68
1599632100,234
1599633000,119
1599633900,45
1599634800,426
1599635700,170
1599636600,403
1599637500,160
1599638400,169
1599639300,629
1599640200,654
1599641100,293
1599642000,206
1599642900,132
1599643800,215
1599644700,155
1599645600,213
1599646500,1275
1599647400,1307
1599648300,1025
1599649200,510
1599650100,186
1599651000,185
1599651900,191
1599652800,156
1599653700,141
1599654600,645
1599655500,667
1599656400,665
1599657300,629
1599658200,156
1599659100,113
1599660000,124
1599660900,202
1599661800,160
1599662700,142
1599663600,142
1599664500,141
1599665400,151
1599666300,160
1599667200,127
1599668100,135
1599669000,124
1599669900,369
1599670800,486
1599671700,909
1599672600,359
1599673500,456
1599674400,186
1599675300,194
1599676200,199
1599677100,184
1599678000,177
1599678900,109
1599679800,112
1599680700,106
1599681600,111
1599682500,95
1599683400,90
1599684300,77
1599685200,86
1599686100,98
1599687000,79
1599687900,99
1599688800,88
1599689700,91
1599690600,91
1599691500,70
1599692400,37
1599693300,48
1599694200,40
1599695100,54
1599696000,61
1599696900,43
1599697800,44
1599698700,41
1599699600,48
1599700500,56
1599701400,69
1599702300,54
1599703200,63
1599704100,38
1599705000,57
1599705900,54
1599706800,46
1599707700,37
1599708600,55
1599709500,83
1599710400,269
1599711300,184
1599712200,173
1599713100,90
1599714000,80
1599714900,108
1599715800,111
1599716700,94
1599717600,80
1599718500,80
1599719400,74
1599720300,104
1599721200,134
1599722100,112
1599723000,105
1599723900,99
1599724800,106
1599725700,132
1599726600,101
1599727500,120
1599728400,134
1599729300,153
1599730200,155
1599731100,143
1599732000,150
1599732900,240
1599733800,189
1599734700,200
1599735600,207
1599736500,112
1599737400,80
1599738300,76
1599739200,185
1599740100,150
1599741000,168
1599741900,113
1599742800,86
1599743700,71
1599744600,98
1599745500,202
1599746400,81
1599747300,98
1599748200,107
1599749100,120
1599750000,141
1599750900,158
1599751800,226
1599752700,224
1599753600,186
1599754500,204
1599755400,185
1599756300,186
1599757200,180
1599758100,192
1599759000,190
1599759900,209
1599760800,196
1599761700,144
1599762600,139
1599763500,148
1599764400,146
1599765300,132
1599766200,108
1599767100,96
1599768000,97
1599768900,103
1599769800,106
1599770700,73
1599771600,83
1599772500,76
1599773400,51
1599774300,59
1599775200,64
1599776100,56
1599777000,66
1599777900,41
1599778800,63
1599779700,53
1599780600,48
1599781500,41
1599782400,49
1599783300,46
1599784200,66
1599785100,44
1599786000,45
1599786900,45
1599787800,45
1599788700,71
1599789600,67
1599790500,64
1599791400,42
1599792300,48
1599793200,50
1599794100,63
1599795000,40
1599795900,50
1599796800,199
1599797700,89
1599798600,122
1599799500,142
1599800400,276
1599801300,90
1599802200,163
1599803100,582
1599804000,190
1599804900,705
1599805800,112
1599806700,46
1599807600,63
1599808500,80
1599809400,110
1599810300,54
1599811200,280
1599812100,91
1599813000,83
1599813900,59
1599814800,58
1599815700,49
1599816600,69
1599817500,77
1599818400,109
1599819300,86
1599820200,95
1599821100,80
1599822000,80
1599822900,92
1599823800,414
1599824700,242
1599825600,114
1599826500,106
1599827400,102
1599828300,96
1599829200,74
1599830100,85
1599831000,84
1599831900,104
1599832800,100
1599833700,74
1599834600,63
1599835500,71
1599836400,63
1599837300,89
1599838200,70
1599839100,188
1599840000,247
1599840900,145
1599841800,161
1599842700,143
1599843600,139
1599844500,133
1599845400,256
1599846300,523
1599847200,365
1599848100,347
1599849000,122
1599849900,114
1599850800,122
1599851700,133
1599852600,161
1599853500,121
1599854400,514
1599855300,260
1599856200,205
1599857100,95
1599858000,84
1599858900,78
1599859800,82
1599860700,81
1599861600,102
1599862500,87
1599863400,80
1599864300,86
1599865200,95
1599866100,117
1599867000,96
1599867900,80
1599868800,67
1599869700,75
1599870600,73
1599871500,94
1599872400,71
1599873300,77
1599874200,69
1599875100,75
1599876000,84
1599876900,83
1599877800,115
1599878700,118
1599879600,112
1599880500,106
1599881400,106
1599882300,79
1599883200,61
1599884100,60
1599885000,61
1599885900,73
1599886800,76
1599887700,234
1599888600,216
1599889500,282
1599890400,421
1599891300,96
1599892200,119
1599893100,171
1599894000,347
1599894900,114
1599895800,148
1599896700,116
1599897600,106
1599898500,100
1599899400,168
1599900300,117
1599901200,133
1599902100,98
1599903000,130
1599903900,132
1599904800,140
1599905700,142
1599906600,143
1599907500,145
1599908400,92
1599909300,90
1599910200,104
1599911100,110
1599912000,95
1599912900,94
1599913800,91
1599914700,83
1599915600,625
1599916500,312
1599917400,174
1599918300,176
1599919200,165
1599920100,175
1599921000,298
1599921900,304
1599922800,182
1599923700,191
1599924600,156
1599925500,128
1599926400,106
1599927300,105
1599928200,114
1599929100,130
1599930000,180
1599930900,214
1599931800,179
1599932700,196
1599933600,176
1599934500,192
1599935400,203
1599936300,148
1599937200,127
1599938100,132
1599939000,165
1599939900,196
1599940800,158
1599941700,131
1599942600,119
1599943500,83
1599944400,80
1599945300,55
1599946200,54
1599947100,44
1599948000,54
1599948900,60
1599949800,66
1599950700,46
1599951600,54
1599952500,46
1599953400,70
1599954300,62
1599955200,69
1599956100,60
1599957000,64
1599957900,52
1599958800,71
1599959700,46
1599960600,103
1599961500,69
1599962400,76
1599963300,85
1599964200,76
1599965100,59
1599966000,64
1599966900,56
1599967800,83
1599968700,73
1599969600,683
1599970500,2189
1599971400,2200
1599972300,1936
1599973200,1448
1599974100,1379
1599975000,1096
1599975900,946
1599976800,1122
1599977700,152
1599978600,81
1599979500,86
1599980400,122
1599981300,131
1599982200,98
1599983100,105
1599984000,105
1599984900,128
1599985800,515
1599986700,431
1599987600,183
1599988500,160
1599989400,174
1599990300,201
1599991200,213
1599992100,265
1599993000,235
1599993900,247
1599994800,203
1599995700,195
1599996600,178
1599997500,186
1599998400,209
1599999300,207
1600000200,460
1600001100,212
1600002000,392
1600002900,152
1600003800,172
1600004700,158
1600005600,160
1600006500,166
1600007400,148
1600008300,190
1600009200,186
1600010100,88
1600011000,75
1600011900,72
1600012800,95
1600013700,95
1600014600,79
1600015500,64
1600016400,241
1600017300,188
1600018200,216
1600019100,193
1600020000,191
1600020900,162
1600021800,148
1600022700,181
1600023600,153
1600024500,128
1600025400,118
1600026300,112
1600027200,107
1600028100,131
1600029000,100
1600029900,95
1600030800,84
1600031700,94
1600032600,96
1600033500,72
1600034400,67
1600035300,160
1600036200,80
1600037100,84
1600038000,82
1600038900,74
1600039800,67
1600040700,67
1600041600,67
1600042500,71
1600043400,70
1600044300,51
1600045200,60
1600046100,51
1600047000,65
1600047900,66
1600048800,79
1600049700,67
1600050600,68
1600051500,49
1600052400,68
1600053300,59
1600054200,55
1600055100,51
1600056000,74
1600056900,90
1600057800,94
1600058700,84
1600059600,60
1600060500,65
1600061400,211
1600062300,279
1600063200,515
1600064100,193
1600065000,299
1600065900,84
1600066800,207
1600067700,337
1600068600,174
1600069500,371
1600070400,242
1600071300,760
1600072200,698
1600073100,841
1600074000,682
1600074900,496
1600075800,184
1600076700,200
1600077600,176
1600078500,191
1600079400,221
1600080300,193
1600081200,489
1600082100,739
1600083000,695
1600083900,617
1600084800,119
1600085700,105
1600086600,89
1600087500,109
1600088400,83
1600089300,83
1600090200,77
1600091100,83
1600092000,89
1600092900,98
1600093800,77
1600094700,81
1600095600,79
1600096500,90
1600097400,117
1600098300,98
1600099200,89
1600100100,145
1600101000,196
1600101900,217
1600102800,108
1600103700,97
1600104600,155
1600105500,211
1600106400,231
1600107300,240
1600108200,221
1600109100,161
1600110000,168
1600110900,162
1600111800,208
1600112700,157
1600113600,153
1600114500,146
1600115400,142
1600116300,162
1600117200,159
1600118100,128
1600119000,117
1600119900,73
1600120800,79
1600121700,90
1600122600,92
1600123500,75
1600124400,64
1600125300,57
1600126200,77
1600127100,80
1600128000,82
1600128900,60
1600129800,58
1600130700,45
1600131600,72
1600132500,50
1600133400,52
1600134300,45
1600135200,53
1600136100,61
1600137000,69
1600137900,60
1600138800,59
1600139700,85
1600140600,76
1600141500,95
1600142400,67
1600143300,66
1600144200,52
1600145100,198
1600146000,61
1600146900,78
1600147800,75
1600148700,110
1600149600,383
1600150500,652
1600151400,452
1600152300,269
1600153200,87
1600154100,320
1600155000,277
1600155900,211
1600156800,126
1600157700,237
1600158600,308
1600159500,337
1600160400,225
1600161300,336
1600162200,151
1600163100,525
1600164000,531
1600164900,304
1600165800,149
1600166700,156
1600167600,140
1600168500,157
1600169400,149
1600170300,183
1600171200,189
1600172100,130
1600173000,342
1600173900,671
1600174800,327
1600175700,161
1600176600,164
1600177500,343
1600178400,563
1600179300,434
1600180200,1056
1600181100,1137
1600182000,798
1600182900,716
1600183800,480
1600184700,2181
1600185600,2213
1600186500,2086
1600187400,1209
1600188300,1080
1600189200,1092
1600190100,1160
1600191000,1059
1600191900,899
1600192800,799
1600193700,1108
1600194600,349
1600195500,265
1600196400,282
1600197300,273
1600198200,258
1600199100,237
1600200000,258
1600200900,272
1600201800,251
1600202700,277
1600203600,248
1600204500,257
1600205400,296
1600206300,242
1600207200,94
1600208100,98
1600209000,95
1600209900,81
1600210800,92
1600211700,80
1600212600,54
1600213500,44
1600214400,53
1600215300,50
1600216200,72
1600217100,47
1600218000,54
1600218900,48
1600219800,49
1600220700,66
1600221600,80
1600222500,85
1600223400,71
1600224300,85
1600225200,80
1600226100,93
1600227000,49
1600227900,50
1600228800,43
1600229700,48
1600230600,58
1600231500,75
1600232400,235
1600233300,67
1600234200,254
1600235100,181
1600236000,233
1600236900,180
1600237800,204
1600238700,97
1600239600,60
1600240500,57
1600241400,83
1600242300,294
1600243200,471
1600244100,733
1600245000,917
1600245900,467
1600246800,717
1600247700,454
1600248600,162
1600249500,134
1600250400,123
1600251300,205
1600252200,102
1600253100,82
1600254000,109
1600254900,135
1600255800,171
1600256700,189
1600257600,663
1600258500,206
1600259400,599
1600260300,119
1600261200,124
1600262100,77
1600263000,74
1600263900,59
1600264800,68
1600265700,71
1600266600,114
1600267500,108
1600268400,184
1600269300,152
1600270200,147
1600271100,176
1600272000,191
1600272900,168
1600273800,158
1600274700,167
1600275600,155
1600276500,213
1600277400,176
1600278300,170
1600279200,166
1600280100,259
1600281000,184
1600281900,214
1600282800,208
1600283700,172
1600284600,166
1600285500,160
1600286400,149
1600287300,162
1600288200,138
1600289100,112
1600290000,111
1600290900,179
1600291800,125
1600292700,148
1600293600,109
1600294500,89
1600295400,81
1600296300,72
1600297200,86
1600298100,89
1600299000,81
1600299900,40
1600300800,50
1600301700,40
1600302600,59
1600303500,59
1600304400,50
1600305300,41
1600306200,47
1600307100,41
1600308000,80
1600308900,69
1600309800,64
1600310700,42
1600311600,49
1600312500,38
1600313400,68
1600314300,48
1600315200,231
1600316100,101
1600317000,319
1600317900,81
1600318800,106
1600319700,103
1600320600,68
1600321500,62
1600322400,61
1600323300,79
1600324200,98
1600325100,118
1600326000,119
1600326900,85
1600327800,76
1600328700,98
1600329600,72
1600330500,82
1600331400,79
1600332300,72
1600333200,74
1600334100,96
1600335000,87
1600335900,85
1600336800,168
1600337700,179
1600338600,137
1600339500,155
1600340400,139
1600341300,183
1600342200,145
1600343100,142
1600344000,89
1600344900,97
1600345800,72
1600346700,70
1600347600,63
1600348500,72
1600349400,78
1600350300,84
1600351200,62
1600352100,71
1600353000,61
1600353900,71
1600354800,79
1600355700,86
1600356600,80
1600357500,95
1600358400,117
1600359300,199
1600360200,179
1600361100,597
1600362000,723
1600362900,432
1600363800,626
1600364700,362
1600365600,215
1600366500,170
1600367400,189
1600368300,172
1600369200,161
1600370100,162
1600371000,159
1600371900,123
1600372800,115
1600373700,87
1600374600,95
1600375500,123
1600376400,122
1600377300,105
1600378200,113
1600379100,106
1600380000,116
1600380900,99
1600381800,77
1600382700,70
1600383600,74
1600384500,67
1600385400,68
1600386300,65
1600387200,58
1600388100,44
1600389000,49
1600389900,39
1600390800,58
1600391700,58
1600392600,49
1600393500,39
1600394400,49
1600395300,40
1600396200,60
1600397100,61
1600398000,63
1600398900,56
1600399800,53
1600400700,48
1600401600,268
1600402500,110
1600403400,208
1600404300,101
1600405200,236
1600406100,153
1600407000,136
1600407900,151
1600408800,83
1600409700,58
1600410600,99
1600411500,89
1600412400,114
1600413300,150
1600414200,55
1600415100,57
1600416000,53
1600416900,103
1600417800,212
1600418700,159
1600419600,68
1600420500,73
1600421400,133
1600422300,105
1600423200,237
1600424100,161
1600425000,334
1600425900,137
1600426800,121
1600427700,142
1600428600,511
1600429500,666
1600430400,646
1600431300,668
1600432200,686
1600433100,483
1600434000,564
1600434900,180
1600435800,120
1600436700,113
1600437600,133
1600438500,132
1600439400,134
1600440300,93
1600441200,81
1600442100,115
1600443000,149
1600443900,132
1600444800,131
1600445700,355
1600446600,1155
1600447500,803
1600448400,716
1600449300,472
1600450200,176
1600451100,588
1600452000,321
1600452900,221
1600453800,240
1600454700,211
1600455600,197
1600456500,149
1600457400,144
1600458300,347
1600459200,589
1600460100,205
1600461000,467
1600461900,53
1600462800,42
1600463700,70
1600464600,50
1600465500,51
1600466400,42
1600467300,60
1600468200,69
1600469100,81
1600470000,51
1600470900,47
1600471800,48
1600472700,68
1600473600,105
1600474500,101
1600475400,74
1600476300,66
1600477200,73
1600478100,66
1600479000,92
1600479900,71
1600480800,87
1600481700,79
1600482600,82
1600483500,65
1600484400,86
1600485300,64
1600486200,69
1600487100,60
1600488000,89
1600488900,251
1600489800,107
1600490700,76
1600491600,85
1600492500,255
1600493400,104
1600494300,135
1600495200,138
1600496100,113
1600497000,364
1600497900,166
1600498800,91
1600499700,109
1600500600,94
1600501500,94
1600502400,304
1600503300,352
1600504200,133
1600505100,174
1600506000,381
1600506900,483
1600507800,137
1600508700,119
1600509600,139
1600510500,223
1600511400,151
1600512300,124
1600513200,125
1600514100,118
1600515000,143
1600515900,151
1600516800,161
1600517700,171
1600518600,222
1600519500,605
1600520400,358
1600521300,443
1600522200,262
1600523100,269
1600524000,306
1600524900,247
1600525800,243
1600526700,327
1600527600,337
1600528500,327
1600529400,311
1600530300,283
1600531200,331
1600532100,312
1600533000,272
1600533900,305
1600534800,367
1600535700,331
1600536600,282
1600537500,283
1600538400,263
1600539300,303
1600540200,290
1600541100,342
1600542000,295
1600542900,345
1600543800,369
1600544700,363
1600545600,363
1600546500,316
1600547400,309
1600548300,295
1600549200,364
1600550100,315
1600551000,323
1600551900,298
1600552800,290
1600553700,295
1600554600,304
1600555500,312
1600556400,286
1600557300,294
1600558200,273
1600559100,338
1600560000,302
1600560900,301
1600561800,286
1600562700,257
1600563600,262
1600564500,256
1600565400,237
1600566300,222
1600567200,220
1600568100,217
1600569000,232
1600569900,230
1600570800,146
1600571700,69
1600572600,73
1600573500,90
1600574400,92
1600575300,67
1600576200,66
1600577100,59
1600578000,68
1600578900,69
1600579800,82
1600580700,58
1600581600,71
1600582500,73
1600583400,110
1600584300,634
1600585200,271
1600586100,510
1600587000,145
1600587900,106
1600588800,93
1600589700,249
1600590600,124
1600591500,96
1600592400,88
1600593300,104
1600594200,166
1600595100,139
1600596000,156
1600596900,129
1600597800,140
1600598700,134
1600599600,140
1600600500,110
1600601400,122
1600602300,113
1600603200,120
1600604100,130
1600605000,130
1600605900,112
1600606800,134
1600607700,135
1600608600,223
1600609500,170
1600610400,146
1600611300,174
1600612200,207
1600613100,173
1600614000,183
1600614900,195
1600615800,283
1600616700,211
1600617600,661
1600618500,413
1600619400,544
1600620300,338
1600621200,218
1600622100,239
1600623000,184
1600623900,210
1600624800,186
1600625700,177
1600626600,116
1600627500,124
1600628400,245
1600629300,142
1600630200,165
1600631100,149
1600632000,153
1600632900,148
1600633800,129
1600634700,109
1600635600,119
1600636500,98
1600637400,97
1600638300,83
1600639200,80
1600640100,72
1600641000,80
1600641900,59
1600642800,68
1600643700,61
1600644600,66
1600645500,50
1600646400,50
1600647300,57
1600648200,60
1600649100,40
1600650000,49
1600650900,39
1600651800,57
1600652700,58
1600653600,51
1600654500,39
1600655400,48
1600656300,43
1600657200,81
1600658100,72
1600659000,62
1600659900,55
1600660800,251
1600661700,183
1600662600,85
1600663500,43
1600664400,229
1600665300,165
1600666200,259
1600667100,133
1600668000,112
1600668900,74
1600669800,296
1600670700,128
1600671600,86
1600672500,96
1600673400,98
1600674300,87
1600675200,88
1600676100,87
1600677000,97
1600677900,104
1600678800,103
1600679700,117
1600680600,152
1600681500,145
1600682400,146
1600683300,143
1600684200,225
1600685100,153
1600686000,122
1600686900,122
1600687800,137
1600688700,127
1600689600,259
1600690500,240
1600691400,149
1600692300,155
1600693200,155
1600694100,134
1600695000,119
1600695900,186
1600696800,124
1600697700,141
1600698600,182
1600699500,168
1600700400,407
1600701300,561
1600702200,275
1600703100,546
1600704000,171
1600704900,361
1600705800,277
1600706700,370
1600707600,367
1600708500,187
1600709400,163
1600710300,170
1600711200,197
1600712100,198
1600713000,201
1600713900,196
1600714800,200
1600715700,193
1600716600,179
1600717500,176
1600718400,183
1600719300,164
1600720200,155
1600721100,145
1600722000,151
1600722900,151
1600723800,159
1600724700,135
1600725600,128
1600726500,102
1600727400,115
1600728300,124
1600729200,137
1600730100,121
1600731000,121
1600731900,96
1600732800,111
1600733700,114
1600734600,100
1600735500,87
1600736400,95
1600737300,86
1600738200,107
1600739100,102
1600740000,95
1600740900,86
1600741800,83
1600742700,88
1600743600,117
1600744500,96
1600745400,93
1600746300,100
1600747200,99
1600748100,95
1600749000,113
1600749900,77
1600750800,216
1600751700,338
1600752600,121
1600753500,564
1600754400,607
1600755300,397
1600756200,401
1600757100,137
1600758000,56
1600758900,62
1600759800,67
1600760700,51
1600761600,59
1600762500,51
1600763400,68
1600764300,74
1600765200,73
1600766100,66
1600767000,86
1600767900,68
1600768800,219
1600769700,188
1600770600,114
1600771500,124
1600772400,131
1600773300,127
1600774200,138
1600775100,314
1600776000,157
1600776900,181
1600777800,166
1600778700,403
1600779600,693
1600780500,465
1600781400,136
1600782300,147
1600783200,207
1600784100,208
1600785000,219
1600785900,149
1600786800,152
1600787700,655
1600788600,816
1600789500,857
1600790400,876
1600791300,1207
1600792200,850
1600793100,521
1600794000,279
1600794900,307
1600795800,263
1600796700,315
1600797600,280
1600798500,260
1600799400,170
1600800300,166
1600801200,219
1600802100,214
1600803000,223
1600803900,190
1600804800,163
1600805700,148
1600806600,136
1600807500,111
1600808400,119
1600809300,129
1600810200,132
1600811100,111
1600812000,96
1600812900,87
1600813800,96
1600814700,71
1600815600,72
1600816500,72
1600817400,98
1600818300,87
1600819200,66
1600820100,61
1600821000,60
1600821900,80
1600822800,56
1600823700,62
1600824600,53
1600825500,68
1600826400,70
1600827300,64
1600828200,52
1600829100,72
1600830000,60
1600830900,86
1600831800,85
1600832700,88
1600833600,71
1600834500,77
1600835400,101
1600836300,388
1600837200,802
1600838100,721
1600839000,308
1600839900,306
1600840800,77
1600841700,154
1600842600,87
1600843500,65
1600844400,73
1600845300,76
1600846200,165
1600847100,139
1600848000,140
1600848900,336
1600849800,620
1600850700,550
1600851600,737
1600852500,483
1600853400,694
1600854300,322
1600855200,191
1600856100,153
1600857000,142
1600857900,139
1600858800,150
1600859700,164
1600860600,175
1600861500,99
1600862400,120
1600863300,108
1600864200,111
1600865100,111
1600866000,122
1600866900,95
1600867800,94
1600868700,93
1600869600,90
1600870500,119
1600871400,144
1600872300,137
1600873200,309
1600874100,180
1600875000,162
1600875900,560
1600876800,206
1600877700,119
1600878600,107
1600879500,122
1600880400,119
1600881300,158
1600882200,171
1600883100,221
1600884000,246
1600884900,160
1600885800,160
1600886700,208
1600887600,186
1600888500,182
1600889400,163
1600890300,160
1600891200,149
1600892100,168
1600893000,127
1600893900,113
1600894800,111
1600895700,112
1600896600,107
1600897500,110
1600898400,80
1600899300,61
1600900200,77
1600901100,71
1600902000,75
1600902900,73
1600903800,55
1600904700,42
1600905600,50
1600906500,41
1600907400,59
1600908300,58
1600909200,54
1600910100,40
1600911000,51
1600911900,41
1600912800,60
1600913700,74
1600914600,67
1600915500,51
1600916400,48
1600917300,42
1600918200,67
1600919100,92
1600920000,201
1600920900,169
1600921800,101
1600922700,91
1600923600,102
1600924500,101
1600925400,61
1600926300,49
1600927200,58
1600928100,49
1600929000,77
1600929900,64
1600930800,62
1600931700,51
1600932600,61
1600933500,75
1600934400,108
1600935300,115
1600936200,85
1600937100,56
1600938000,52
1600938900,41
1600939800,81
1600940700,71
1600941600,104
1600942500,152
1600943400,200
1600944300,167
1600945200,155
1600946100,145
1600947000,129
1600947900,126
1600948800,119
1600949700,169
1600950600,180
1600951500,142
1600952400,122
1600953300,102
1600954200,99
1600955100,83
1600956000,90
1600956900,86
1600957800,76
1600958700,169
1600959600,92
1600960500,117
1600961400,127
1600962300,101
1600963200,96
1600964100,126
1600965000,126
1600965900,168
1600966800,164
1600967700,439
1600968600,465
1600969500,422
1600970400,260
1600971300,237
1600972200,180
1600973100,166
1600974000,156
1600974900,154
1600975800,157
1600976700,162
1600977600,123
1600978500,131
1600979400,107
1600980300,117
1600981200,136
1600982100,136
1600983000,107
1600983900,108
1600984800,101
1600985700,106
1600986600,80
1600987500,62
1600988400,44
1600989300,51
1600990200,43
1600991100,61
1600992000,58
1600992900,51
1600993800,40
1600994700,63
1600995600,58
1600996500,80
1600997400,54
1600998300,50
1600999200,41
1601000100,50
1601001000,44
1601001900,68
1601002800,49
1601003700,49
1601004600,48
1601005500,215
1601006400,78
1601007300,143
1601008200,130
1601009100,366
1601010000,204
1601010900,104
1601011800,101
1601012700,105
1601013600,233
1601014500,98
1601015400,77
1601016300,88
1601017200,119
1601018100,186
1601019000,168
1601019900,116
1601020800,102
1601021700,105
1601022600,118
1601023500,375
1601024400,237
1601025300,635
1601026200,185
1601027100,137
1601028000,321
1601028900,399
1601029800,126
1601030700,142
1601031600,136
1601032500,141
1601033400,112
1601034300,315
1601035200,158
1601036100,130
1601037000,366
1601037900,138
1601038800,115
1601039700,236
1601040600,210
1601041500,117
1601042400,113
1601043300,139
1601044200,120
1601045100,130
1601046000,136
1601046900,139
1601047800,96
1601048700,130
1601049600,171
1601050500,157
1601051400,139
1601052300,376
1601053200,384
1601054100,295
1601055000,331
1601055900,330
1601056800,218
1601057700,507
1601058600,765
1601059500,570
1601060400,386
1601061300,283
1601062200,223
1601063100,240
1601064000,184
1601064900,192
1601065800,135
1601066700,142
1601067600,107
1601068500,122
1601069400,105
1601070300,84
1601071200,55
1601072100,54
1601073000,50
1601073900,58
1601074800,61
1601075700,44
1601076600,44
1601077500,44
1601078400,56
1601079300,62
1601080200,46
1601081100,43
1601082000,54
1601082900,68
1601083800,79
1601084700,50
1601085600,47
1601086500,41
1601087400,47
1601088300,60
1601089200,57
1601090100,41
1601091000,45
1601091900,51
1601092800,83
1601093700,175
1601094600,279
1601095500,318
1601096400,118
1601097300,938
1601098200,956
1601099100,791
1601100000,595
1601100900,303
1601101800,74
1601102700,75
1601103600,117
1601104500,261
1601105400,99
1601106300,242
1601107200,405
1601108100,240
1601109000,122
1601109900,149
1601110800,185
1601111700,161
1601112600,256
1601113500,151
1601114400,344
1601115300,436
1601116200,467
1601117100,144
1601118000,151
1601118900,147
1601119800,146
1601120700,160
1601121600,148
1601122500,153
1601123400,154
1601124300,173
1601125200,288
1601126100,264
1601127000,285
1601127900,264
1601128800,304
1601129700,248
1601130600,249
1601131500,252
1601132400,265
1601133300,249
1601134200,262
1601135100,263
1601136000,249
1601136900,324
1601137800,514
1601138700,598
1601139600,468
1601140500,410
1601141400,399
1601142300,423
1601143200,402
1601144100,386
1601145000,334
1601145900,342
1601146800,348
1601147700,366
1601148600,349
1601149500,344
1601150400,353
1601151300,449
1601152200,392
1601153100,330
1601154000,347
1601154900,305
1601155800,326
1601156700,324
1601157600,284
1601158500,255
1601159400,280
1601160300,631
1601161200,168
1601162100,354
1601163000,127
1601163900,167
1601164800,127
1601165700,104
1601166600,90
1601167500,87
1601168400,91
1601169300,93
1601170200,105
1601171100,94
1601172000,87
1601172900,87
1601173800,93
1601174700,198
1601175600,136
1601176500,99
1601177400,82
1601178300,88
1601179200,95
1601180100,108
1601181000,81
1601181900,92
1601182800,81
1601183700,98
1601184600,121
1601185500,99
1601186400,80
1601187300,96
1601188200,137
1601189100,131
1601190000,104
1601190900,153
1601191800,244
1601192700,545
1601193600,104
1601194500,170
1601195400,831
1601196300,409
1601197200,143
1601198100,185
1601199000,591
1601199900,442
1601200800,391
1601201700,161
1601202600,151
1601203500,201
1601204400,134
1601205300,128
1601206200,120
1601207100,127
1601208000,192
1601208900,322
1601209800,231
1601210700,250
1601211600,161
1601212500,121
1601213400,102
1601214300,113
1601215200,125
1601216100,163
1601217000,160
1601217900,157
1601218800,153
1601219700,219
1601220600,180
1601221500,169
1601222400,157
1601223300,158
1601224200,152
1601225100,273
1601226000,169
1601226900,212
1601227800,202
1601228700,192
1601229600,194
1601230500,206
1601231400,191
1601232300,203
1601233200,231
1601234100,180
1601235000,175
1601235900,138
1601236800,126
1601237700,113
1601238600,110
1601239500,95
1601240400,114
1601241300,112
1601242200,108
1601243100,95
1601244000,66
1601244900,58
1601245800,78
1601246700,75
1601247600,76
1601248500,75
1601249400,84
1601250300,62
1601251200,82
1601252100,103
1601253000,67
1601253900,58
1601254800,67
1601255700,57
1601256600,81
1601257500,74
1601258400,66
1601259300,59
1601260200,66
1601261100,59
1601262000,89
1601262900,2003
1601263800,2144
1601264700,887
1601265600,1709
1601266500,2342
1601267400,988
1601268300,1134
1601269200,141
1601270100,666
1601271000,403
1601271900,525
1601272800,416
1601273700,134
1601274600,182
1601275500,288
1601276400,82
1601277300,75
1601278200,81
1601279100,86
1601280000,71
1601280900,75
1601281800,72
1601282700,86
1601283600,473
1601284500,327
1601285400,162
1601286300,629
1601287200,699
1601288100,240
1601289000,192
1601289900,192
1601290800,172
1601291700,178
1601292600,175
1601293500,147
1601294400,181
1601295300,205
1601296200,300
1601297100,389
1601298000,418
1601298900,153
1601299800,157
1601300700,111
1601301600,94
1601302500,95
1601303400,83
1601304300,92
1601305200,103
1601306100,79
1601307000,892
1601307900,1256
1601308800,1237
1601309700,1198
1601310600,888
1601311500,167
1601312400,163
1601313300,173
1601314200,175
1601315100,142
1601316000,181
1601316900,148
1601317800,140
1601318700,133
1601319600,148
1601320500,162
1601321400,194
1601322300,276
1601323200,135
1601324100,123
1601325000,120
1601325900,114
1601326800,124
1601327700,88
1601328600,98
1601329500,90
1601330400,75
1601331300,71
1601332200,71
1601333100,53
1601334000,63
1601334900,66
1601335800,75
1601336700,72
1601337600,56
1601338500,42
1601339400,49
1601340300,41
1601341200,57
1601342100,59
1601343000,54
1601343900,42
1601344800,50
1601345700,41
1601346600,58
1601347500,59
1601348400,51
1601349300,57
1601350200,66
1601351100,58
1601352000,67
1601352900,62
1601353800,97
1601354700,172
1601355600,452
1601356500,71
1601357400,78
1601358300,70
1601359200,69
1601360100,137
1601361000,67
1601361900,57
1601362800,94
1601363700,734
1601364600,891
1601365500,1041
1601366400,650
1601367300,478
1601368200,674
1601369100,557
1601370000,305
1601370900,91
1601371800,96
1601372700,117
1601373600,152
1601374500,880
1601375400,510
1601376300,698
1601377200,131
1601378100,125
1601379000,157
1601379900,126
1601380800,239
1601381700,131
1601382600,177
1601383500,186
1601384400,195
1601385300,159
1601386200,145
1601387100,142
1601388000,138
1601388900,169
1601389800,150
1601390700,197
1601391600,160
1601392500,170
1601393400,156
1601394300,181
1601395200,190
1601396100,200
1601397000,182
1601397900,169
1601398800,159
1601399700,186
1601400600,271
1601401500,283
1601402400,315
1601403300,284
1601404200,280
1601405100,282
1601406000,199
1601406900,202
1601407800,155
1601408700,158
1601409600,162
1601410500,157
1601411400,125
1601412300,126
1601413200,120
1601414100,103
1601415000,92
1601415900,86
1601416800,84
1601417700,76
1601418600,74
1601419500,106
1601420400,88
1601421300,59
1601422200,46
1601423100,55
1601424000,51
1601424900,70
1601425800,56
1601426700,54
1601427600,47
1601428500,57
1601429400,65
1601430300,69
1601431200,49
1601432100,53
1601433000,62
1601433900,67
1601434800,79
1601435700,62
1601436600,48
1601437500,49
1601438400,53
1601439300,68
1601440200,82
1601441100,233
1601442000,217
1601442900,106
1601443800,95
1601444700,68
1601445600,71
1601446500,46
1601447400,45
1601448300,43
1601449200,48
1601450100,60
1601451000,57
1601451900,42
1601452800,50
1601453700,40
1601454600,55
1601455500,57
1601456400,52
1601457300,40
1601458200,75
1601459100,83
1601460000,107
1601460900,302
1601461800,210
1601462700,101
1601463600,123
1601464500,115
1601465400,115
1601466300,91
1601467200,89
1601468100,129
1601469000,125
1601469900,100
1601470800,122
1601471700,113
1601472600,519
1601473500,155
1601474400,448
1601475300,78
1601476200,86
1601477100,74
1601478000,106
1601478900,126
1601479800,122
1601480700,129
1601481600,137
1601482500,148
1601483400,160
1601484300,191
1601485200,237
1601486100,273
1601487000,253
1601487900,294
1601488800,295
1601489700,251
1601490600,263
1601491500,261
1601492400,223
1601493300,192
1601494200,179
1601495100,177
1601496000,164
1601496900,149
1601497800,146
1601498700,139
1601499600,125
1601500500,132
1601501400,129
1601502300,117
1601503200,52
1601504100,50
1601505000,58
1601505900,58
1601506800,52
1601507700,48
1601508600,41
1601509500,51
1601510400,69
1601511300,48
1601512200,50
1601513100,66
1601514000,58
1601514900,74
1601515800,74
1601516700,47
1601517600,46
1601518500,51
1601519400,44
1601520300,62
1601521200,62
1601522100,45
1601523000,44
1601523900,53
1601524800,175
1601525700,202
1601526600,407
1601527500,102
1601528400,132
1601529300,397
1601530200,149
1601531100,123
1601532000,102
1601532900,112
1601533800,111
1601534700,102
1601535600,106
1601536500,94
1601537400,88
1601538300,75
1601539200,112
1601540100,98
1601541000,113
1601541900,100
1601542800,109
1601543700,85
1601544600,130
1601545500,166
1601546400,165
1601547300,166
1601548200,167
1601549100,163
1601550000,207
1601550900,167
1601551800,135
1601552700,143
1601553600,137
1601554500,117
1601555400,136
1601556300,244
1601557200,253
1601558100,166
1601559000,142
1601559900,106
1601560800,109
1601561700,116
1601562600,126
1601563500,148
1601564400,140
1601565300,150
1601566200,157
1601567100,153
1601568000,144
1601568900,182
1601569800,164
1601570700,156
1601571600,172
1601572500,136
1601573400,120
1601574300,110
1601575200,120
1601576100,117
1601577000,308
1601577900,131
1601578800,104
1601579700,105
1601580600,111
1601581500,108
1601582400,122
1601583300,95
1601584200,88
1601585100,93
1601586000,90
1601586900,114
1601587800,90
1601588700,85
1601589600,84
1601590500,48
1601591400,51
1601592300,61
1601593200,59
1601594100,47
1601595000,46
1601595900,49
1601596800,48
1601597700,68
1601598600,45
1601599500,48
1601600400,49
1601601300,41
1601602200,80
1601603100,73
1601604000,65
1601604900,46
1601605800,46
1601606700,49
1601607600,60
1601608500,59
1601609400,42
1601610300,84
1601611200,231
1601612100,135
1601613000,112
1601613900,103
1601614800,139
1601615700,678
1601616600,313
1601617500,541
1601618400,258
1601619300,120
1601620200,190
1601621100,178
1601622000,187
1601622900,110
1601623800,144
1601624700,130
1601625600,193
1601626500,86
1601627400,105
1601628300,101
1601629200,98
1601630100,85
1601631000,122
1601631900,120
1601632800,148
1601633700,238
1601634600,217
1601635500,150
1601636400,164
1601637300,170
1601638200,156
1601639100,152
1601640000,129
1601640900,204
1601641800,217
1601642700,197
1601643600,236
1601644500,175
1601645400,176
1601646300,181
1601647200,175
1601648100,281
1601649000,273
1601649900,153
1601650800,123
1601651700,181
1601652600,132
1601653500,156
1601654400,146
1601655300,176
1601656200,216
1601657100,151
1601658000,181
1601658900,167
1601659800,156
1601660700,609
1601661600,290
1601662500,208
1601663400,186
1601664300,167
1601665200,121
1601666100,98
1601667000,104
1601667900,103
1601668800,112
1601669700,98
1601670600,95
1601671500,88
1601672400,82
1601673300,85
1601674200,86
1601675100,76
1601676000,69
1601676900,76
1601677800,67
1601678700,95
1601679600,77
1601680500,76
1601681400,68
1601682300,77
1601683200,93
1601684100,84
1601685000,54
1601685900,68
1601686800,58
1601687700,60
1601688600,56
1601689500,63
1601690400,42
1601691300,84
1601692200,87
1601693100,61
1601694000,65
1601694900,59
1601695800,42
1601696700,51
1601697600,41
1601698500,60
1601699400,58
1601700300,52
1601701200,43
1601702100,50
1601703000,55
1601703900,100
1601704800,174
1601705700,376
1601706600,608
1601707500,392
1601708400,746
1601709300,354
1601710200,611
1601711100,698
1601712000,519
1601712900,417
1601713800,665
1601714700,780
1601715600,354
1601716500,128
1601717400,143
1601718300,170
1601719200,131
1601720100,178
1601721000,829
1601721900,540
1601722800,316
1601723700,300
1601724600,357
1601725500,151
1601726400,159
1601727300,139
1601728200,152
1601729100,475
1601730000,669
1601730900,741
1601731800,547
1601732700,697
1601733600,242
1601734500,256
1601735400,227
1601736300,233
1601737200,245
1601738100,407
1601739000,834
1601739900,843
1601740800,717
1601741700,195
1601742600,155
1601743500,159
1601744400,198
1601745300,184
1601746200,183
1601747100,229
1601748000,265
1601748900,216
1601749800,208
1601750700,163
1601751600,180
1601752500,173
1601753400,191
1601754300,184
1601755200,177
1601756100,163
1601757000,203
1601757900,176
1601758800,194
1601759700,118
1601760600,57
1601761500,44
1601762400,45
1601763300,39
1601764200,63
1601765100,45
1601766000,45
1601766900,39
1601767800,60
1601768700,62
1601769600,77
1601770500,42
1601771400,52
1601772300,66
1601773200,64
1601774100,70
1601775000,72
1601775900,53
1601776800,60
1601777700,52
1601778600,61
1601779500,68
1601780400,66
1601781300,51
1601782200,57
1601783100,51
1601784000,78
1601784900,89
1601785800,101
1601786700,114
1601787600,111
1601788500,101
1601789400,120
1601790300,118
1601791200,107
1601792100,106
1601793000,269
1601793900,353
1601794800,85
1601795700,387
1601796600,653
1601797500,361
1601798400,148
1601799300,136
1601800200,311
1601801100,202
1601802000,360
1601802900,188
1601803800,477
1601804700,333
1601805600,421
1601806500,145
1601807400,136
1601808300,129
1601809200,133
1601810100,138
1601811000,146
1601811900,189
1601812800,125
1601813700,122
1601814600,125
1601815500,476
1601816400,548
1601817300,283
1601818200,138
1601819100,158
1601820000,168
1601820900,181
1601821800,178
1601822700,174
1601823600,162
1601824500,184
1601825400,183
1601826300,233
1601827200,261
1601828100,205
1601829000,185
1601829900,196
1601830800,190
1601831700,232
1601832600,315
1601833500,300
1601834400,274
1601835300,263
1601836200,240
1601837100,230
1601838000,198
1601838900,197
1601839800,183
1601840700,300
1601841600,158
1601842500,214
1601843400,133
1601844300,135
1601845200,104
1601846100,81
1601847000,85
1601847900,76
1601848800,62
1601849700,80
1601850600,48
1601851500,65
1601852400,63
1601853300,55
1601854200,45
1601855100,49
1601856000,39
1601856900,60
1601857800,55
1601858700,59
1601859600,55
1601860500,63
1601861400,42
1601862300,62
1601863200,52
1601864100,47
1601865000,39
1601865900,46
1601866800,37
1601867700,63
1601868600,52
1601869500,63
1601870400,64
1601871300,62
1601872200,46
1601873100,65
1601874000,48
1601874900,77
1601875800,219
1601876700,67
1601877600,143
1601878500,113
1601879400,97
1601880300,267
1601881200,780
1601882100,748
1601883000,676
1601883900,666
1601884800,358
1601885700,119
1601886600,97
1601887500,107
1601888400,97
1601889300,120
1601890200,112
1601891100,483
1601892000,936
1601892900,379
1601893800,165
1601894700,494
1601895600,303
1601896500,498
1601897400,120
1601898300,115
1601899200,122
1601900100,267
1601901000,135
1601901900,128
1601902800,144
1601903700,154
1601904600,150
1601905500,217
1601906400,345
1601907300,522
1601908200,472
1601909100,442
1601910000,156
1601910900,166
1601911800,150
1601912700,320
1601913600,156
1601914500,140
1601915400,125
1601916300,192
1601917200,199
1601918100,286
1601919000,267
1601919900,296
1601920800,321
1601921700,346
1601922600,302
1601923500,266
1601924400,274
1601925300,213
1601926200,204
1601927100,222
1601928000,204
1601928900,143
1601929800,122
1601930700,98
1601931600,118
1601932500,117
1601933400,86
1601934300,81
1601935200,88
1601936100,82
1601937000,87
1601937900,78
1601938800,70
1601939700,62
1601940600,67
1601941500,63
1601942400,80
1601943300,77
1601944200,64
1601945100,66
1601946000,63
1601946900,67
1601947800,79
1601948700,79
1601949600,72
1601950500,86
1601951400,78
1601952300,77
1601953200,76
1601954100,77
1601955000,60
1601955900,1307
1601956800,2105
1601957700,2108
1601958600,1708
1601959500,1049
1601960400,1080
1601961300,1252
1601962200,893
1601963100,1083
1601964000,272
1601964900,71
1601965800,44
1601966700,86
1601967600,75
1601968500,94
1601969400,91
1601970300,87
1601971200,89
1601972100,836
1601973000,1047
1601973900,699
1601974800,319
1601975700,189
1601976600,610
1601977500,211
1601978400,520
1601979300,139
1601980200,215
1601981100,132
1601982000,147
1601982900,787
1601983800,745
1601984700,682
1601985600,685
1601986500,413
1601987400,118
1601988300,99
1601989200,127
1601990100,277
1601991000,164
1601991900,228
1601992800,152
1601993700,137
1601994600,149
1601995500,145
1601996400,160
1601997300,125
1601998200,127
1601999100,128
1602000000,174
1602000900,150
1602001800,165
1602002700,154
1602003600,175
1602004500,174
1602005400,208
1602006300,228
1602007200,226
1602008100,256
1602009000,237
1602009900,228
1602010800,215
1602011700,191
1602012600,145
1602013500,164
1602014400,131
1602015300,130
1602016200,107
1602017100,128
1602018000,106
1602018900,109
1602019800,85
1602020700,72
1602021600,54
1602022500,69
1602023400,49
1602024300,67
1602025200,58
1602026100,66
1602027000,49
1602027900,68
1602028800,46
1602029700,50
1602030600,43
1602031500,51
1602032400,51
1602033300,69
1602034200,43
1602035100,52
1602036000,42
1602036900,54
1602037800,54
1602038700,70
1602039600,42
1602040500,68
1602041400,59
1602042300,65
1602043200,54
1602044100,66
1602045000,42
1602045900,68
1602046800,77
1602047700,231
1602048600,362
1602049500,483
1602050400,373
1602051300,90
1602052200,60
1602053100,62
1602054000,115
1602054900,112
1602055800,79
1602056700,74
1602057600,67
1602058500,72
1602059400,65
1602060300,68
1602061200,52
1602062100,61
1602063000,65
1602063900,79
1602064800,86
1602065700,181
1602066600,88
1602067500,100
1602068400,92
1602069300,94
1602070200,89
1602071100,107
1602072000,79
1602072900,90
1602073800,73
1602074700,80
1602075600,90
1602076500,90
1602077400,64
1602078300,70
1602079200,70
1602080100,75
1602081000,77
1602081900,76
1602082800,58
1602083700,69
1602084600,67
1602085500,112
1602086400,127
1602087300,137
1602088200,141
1602089100,305
1602090000,201
1602090900,135
1602091800,128
1602092700,135
1602093600,223
1602094500,677
1602095400,177
1602096300,575
1602097200,143
1602098100,140
1602099000,126
1602099900,139
1602100800,137
1602101700,165
1602102600,153
1602103500,94
1602104400,63
1602105300,75
1602106200,61
1602107100,80
1602108000,77
1602108900,70
1602109800,58
1602110700,68
1602111600,58
1602112500,82
1602113400,74
1602114300,70
1602115200,61
1602116100,70
1602117000,63
1602117900,98
1602118800,92
1602119700,86
1602120600,68
1602121500,73
1602122400,63
1602123300,90
1602124200,74
1602125100,71
1602126000,61
1602126900,68
1602127800,65
1602128700,94
1602129600,218
1602130500,204
1602131400,136
1602132300,136
1602133200,118
1602134100,148
1602135000,133
1602135900,135
1602136800,109
1602137700,109
1602138600,100
1602139500,97
1602140400,66
1602141300,52
1602142200,44
1602143100,47
1602144000,69
1602144900,214
1602145800,72
1602146700,268
1602147600,188
1602148500,295
1602149400,182
1602150300,184
1602151200,164
1602152100,158
1602153000,129
1602153900,135
1602154800,143
1602155700,153
1602156600,118
1602157500,142
1602158400,148
1602159300,127
1602160200,145
1602161100,111
1602162000,92
1602162900,101
1602163800,518
1602164700,342
1602165600,168
1602166500,164
1602167400,147
1602168300,150
1602169200,130
1602170100,151
1602171000,174
1602171900,151
1602172800,141
1602173700,153
1602174600,195
1602175500,188
1602176400,206
1602177300,211
1602178200,186
1602179100,163
1602180000,200
1602180900,218
1602181800,207
1602182700,192
1602183600,166
1602184500,136
1602185400,103
1602186300,151
1602187200,137
1602188100,103
1602189000,141
1602189900,170
1602190800,129
1602191700,158
1602192600,129
1602193500,77
1602194400,61
1602195300,70
1602196200,60
1602197100,86
1602198000,68
1602198900,65
1602199800,58
1602200700,68
1602201600,62
1602202500,85
1602203400,65
1602204300,65
1602205200,59
1602206100,67
1602207000,79
1602207900,102
1602208800,78
1602209700,68
1602210600,60
1602211500,66
1602212400,68
1602213300,82
1602214200,60
1602215100,76
1602216000,216
1602216900,117
1602217800,598
1602218700,287
1602219600,543
1602220500,316
1602221400,162
1602222300,265
1602223200,148
1602224100,158
1602225000,117
1602225900,160
1602226800,212
1602227700,92
1602228600,121
1602229500,87
1602230400,92
1602231300,80
1602232200,141
1602233100,377
1602234000,106
1602234900,101
1602235800,103
1602236700,82
1602237600,99
1602238500,236
1602239400,186
1602240300,169
1602241200,381
1602242100,208
1602243000,144
1602243900,223
1602244800,568
1602245700,272
1602246600,154
1602247500,130
1602248400,137
1602249300,307
1602250200,150
1602251100,128
1602252000,116
1602252900,104
1602253800,113
1602254700,116
1602255600,149
1602256500,181
1602257400,951
1602258300,797
1602259200,1023
1602260100,317
1602261000,195
1602261900,165
1602262800,133
1602263700,124
1602264600,134
1602265500,128
1602266400,197
1602267300,147
1602268200,141
1602269100,127
1602270000,136
1602270900,147
1602271800,147
1602272700,114
1602273600,130
1602274500,113
1602275400,113
1602276300,104
1602277200,73
1602278100,50
1602279000,60
1602279900,52
1602280800,59
1602281700,67
1602282600,73
1602283500,49
1602284400,89
1602285300,65
1602286200,69
1602287100,77
1602288000,81
1602288900,77
1602289800,84
1602290700,69
1602291600,67
1602292500,74
1602293400,74
1602294300,56
1602295200,65
1602296100,55
1602297000,66
1602297900,78
1602298800,75
1602299700,583
1602300600,2113
1602301500,2123
1602302400,1719
1602303300,1251
1602304200,1089
1602305100,1100
1602306000,1098
1602306900,910
1602307800,1213
1602308700,146
1602309600,456
1602310500,90
1602311400,743
1602312300,761
1602313200,668
1602314100,256
1602315000,103
1602315900,75
1602316800,77
1602317700,95
1602318600,308
1602319500,91
1602320400,164
1602321300,104
1602322200,84
1602323100,97
1602324000,76
1602324900,90
1602325800,80
1602326700,68
1602327600,70
1602328500,68
1602329400,74
1602330300,89
1602331200,84
1602332100,68
1602333000,80
1602333900,93
1602334800,102
1602335700,111
1602336600,112
1602337500,100
1602338400,138
1602339300,185
1602340200,197
1602341100,330
1602342000,136
1602342900,248
1602343800,526
1602344700,516
1602345600,381
1602346500,235
1602347400,258
1602348300,236
1602349200,251
1602350100,199
1602351000,245
1602351900,187
1602352800,201
1602353700,174
1602354600,192
1602355500,164
1602356400,215
1602357300,130
1602358200,109
1602359100,86
1602360000,79
1602360900,63
1602361800,50
1602362700,62
1602363600,58
1602364500,42
1602365400,48
1602366300,43
1602367200,50
1602368100,63
1602369000,53
1602369900,44
1602370800,47
1602371700,47
1602372600,63
1602373500,83
1602374400,64
1602375300,49
1602376200,45
1602377100,48
1602378000,53
1602378900,67
1602379800,48
1602380700,48
1602381600,103
1602382500,57
1602383400,66
1602384300,74
1602385200,55
1602386100,55
1602387000,54
1602387900,72
1602388800,77
1602389700,83
1602390600,91
1602391500,93
1602392400,94
1602393300,103
1602394200,119
1602395100,93
1602396000,237
1602396900,143
1602397800,95
1602398700,422
1602399600,330
1602400500,269
1602401400,46
1602402300,46
1602403200,45
1602404100,67
1602405000,591
1602405900,383
1602406800,363
1602407700,525
1602408600,535
1602409500,212
1602410400,198
1602411300,208
1602412200,240
1602413100,245
1602414000,203
1602414900,170
1602415800,200
1602416700,188
1602417600,168
1602418500,152
1602419400,149
1602420300,114
1602421200,103
1602422100,98
1602423000,122
1602423900,150
1602424800,144
1602425700,140
1602426600,162
1602427500,148
1602428400,187
1602429300,159
1602430200,177
1602431100,214
1602432000,187
1602432900,169
1602433800,177
1602434700,193
1602435600,176
1602436500,169
1602437400,164
1602438300,202
1602439200,581
1602440100,278
1602441000,408
1602441900,144
1602442800,97
1602443700,83
1602444600,83
1602445500,70
1602446400,81
1602447300,105
1602448200,102
1602449100,69
1602450000,91
1602450900,74
1602451800,96
1602452700,101
1602453600,93
1602454500,66
1602455400,78
1602456300,66
1602457200,61
1602458100,38
1602459000,61
1602459900,40
1602460800,46
1602461700,50
1602462600,49
1602463500,41
1602464400,46
1602465300,69
1602466200,60
1602467100,59
1602468000,54
1602468900,48
1602469800,41
1602470700,46
1602471600,64
1602472500,62
1602473400,55
1602474300,71
1602475200,65
1602476100,90
1602477000,69
1602477900,91
1602478800,83
1602479700,246
1602480600,196
1602481500,110
1602482400,54
1602483300,73
1602484200,79
1602485100,356
1602486000,747
1602486900,648
1602487800,425
1602488700,174
1602489600,100
1602490500,130
1602491400,81
1602492300,95
1602493200,57
1602494100,85
1602495000,65
1602495900,62
1602496800,68
1602497700,125
1602498600,84
1602499500,80
1602500400,97
1602501300,74
1602502200,67
1602503100,59
1602504000,215
1602504900,756
1602505800,776
1602506700,657
1602507600,730
1602508500,543
1602509400,362
1602510300,144
1602511200,476
1602512100,600
1602513000,561
1602513900,273
1602514800,199
1602515700,155
1602516600,178
1602517500,188
1602518400,205
1602519300,196
1602520200,238
1602521100,229
1602522000,393
1602522900,301
1602523800,339
1602524700,306
1602525600,265
1602526500,194
1602527400,170
1602528300,142
1602529200,152
1602530100,153
1602531000,150
1602531900,146
1602532800,146
1602533700,149
1602534600,155
1602535500,146
1602536400,153
1602537300,123
1602538200,86
1602539100,70
1602540000,77
1602540900,65
1602541800,69
1602542700,82
1602543600,71
1602544500,63
1602545400,50
1602546300,54
1602547200,49
1602548100,67
1602549000,70
1602549900,54
1602550800,42
1602551700,57
1602552600,47
1602553500,51
1602554400,42
1602555300,64
1602556200,44
1602557100,53
1602558000,48
1602558900,56
1602559800,42
1602560700,55
1602561600,253
1602562500,87
1602563400,68
1602564300,88
1602565200,80
1602566100,237
1602567000,1114
1602567900,1222
1602568800,1104
1602569700,967
1602570600,335
1602571500,111
1602572400,99
1602573300,94
1602574200,106
1602575100,94
1602576000,132
1602576900,127
1602577800,129
1602578700,121
1602579600,390
1602580500,254
1602581400,233
1602582300,161
1602583200,196
1602584100,138
1602585000,111
1602585900,83
1602586800,102
1602587700,81
1602588600,131
1602589500,147
1602590400,584
1602591300,156
1602592200,449
1602593100,83
1602594000,93
1602594900,213
1602595800,177
1602596700,364
1602597600,418
1602598500,586
1602599400,211
1602600300,110
1602601200,118
1602602100,138
1602603000,146
1602603900,151
1602604800,272
1602605700,138
1602606600,140
1602607500,164
1602608400,171
1602609300,232
1602610200,310
1602611100,212
1602612000,245
1602612900,228
1602613800,164
1602614700,161
1602615600,157
1602616500,136
1602617400,124
1602618300,155
1602619200,163
1602620100,167
1602621000,164
1602621900,143
1602622800,112
1602623700,127
1602624600,139
1602625500,127
1602626400,108
1602627300,110
1602628200,72
1602629100,53
1602630000,59
1602630900,53
1602631800,57
1602632700,64
1602633600,88
1602634500,59
1602635400,58
1602636300,60
1602637200,58
1602638100,49
1602639000,55
1602639900,56
1602640800,53
1602641700,56
1602642600,90
1602643500,69
1602644400,78
1602645300,69
1602646200,64
1602647100,54
1602648000,175
1602648900,315
1602649800,120
1602650700,124
1602651600,131
1602652500,155
1602653400,97
1602654300,105
1602655200,110
1602656100,99
1602657000,71
1602657900,85
1602658800,131
1602659700,131
1602660600,95
1602661500,104
1602662400,254
1602663300,482
1602664200,290
1602665100,436
1602666000,110
1602666900,121
1602667800,114
1602668700,99
1602669600,109
1602670500,300
1602671400,188
1602672300,221
1602673200,178
1602674100,155
1602675000,135
1602675900,125
1602676800,148
1602677700,247
1602678600,112
1602679500,80
1602680400,83
1602681300,59
1602682200,80
1602683100,100
1602684000,118
1602684900,119
1602685800,126
1602686700,127
1602687600,122
1602688500,339
1602689400,477
1602690300,195
1602691200,162
1602692100,178
1602693000,193
1602693900,232
1602694800,243
1602695700,200
1602696600,226
1602697500,222
1602698400,273
1602699300,194
1602700200,243
1602701100,150
1602702000,156
1602702900,141
1602703800,134
1602704700,143
1602705600,119
1602706500,82
1602707400,73
1602708300,103
1602709200,83
1602710100,85
1602711000,58
1602711900,61
1602712800,54
1602713700,66
1602714600,50
1602715500,53
1602716400,41
1602717300,60
1602718200,39
1602719100,47
1602720000,51
1602720900,66
1602721800,55
1602722700,61
1602723600,50
1602724500,44
1602725400,44
1602726300,53
1602727200,47
1602728100,51
1602729000,81
1602729900,70
1602730800,74
1602731700,61
1602732600,71
1602733500,59
1602734400,89
1602735300,256
1602736200,436
1602737100,112
1602738000,98
1602738900,147
1602739800,112
1602740700,113
1602741600,122
1602742500,156
1602743400,147
1602744300,143
1602745200,182
1602746100,97
1602747000,92
1602747900,106
1602748800,88
1602749700,80
1602750600,74
1602751500,112
1602752400,98
1602753300,123
1602754200,152
1602755100,174
1602756000,160
1602756900,293
1602757800,256
1602758700,202
1602759600,213
1602760500,186
1602761400,168
1602762300,152
1602763200,140
1602764100,139
1602765000,191
1602765900,105
1602766800,126
1602767700,119
1602768600,111
1602769500,130
1602770400,153
1602771300,160
1602772200,154
1602773100,174
1602774000,136
1602774900,143
1602775800,137
1602776700,153
1602777600,137
1602778500,165
1602779400,232
1602780300,216
1602781200,212
1602782100,263
1602783000,273
1602783900,615
1602784800,314
1602785700,431
1602786600,202
1602787500,219
1602788400,164
1602789300,122
1602790200,148
1602791100,131
1602792000,122
1602792900,112
1602793800,127
1602794700,108
1602795600,98
1602796500,108
1602797400,105
1602798300,102
1602799200,100
1602800100,114
1602801000,70
1602801900,71
1602802800,81
1602803700,62
1602804600,41
1602805500,75
1602806400,61
1602807300,60
1602808200,44
1602809100,57
1602810000,45
1602810900,44
1602811800,60
1602812700,42
1602813600,52
1602814500,52
1602815400,57
1602816300,43
1602817200,50
1602818100,63
1602819000,66
1602819900,65
1602820800,229
1602821700,104
1602822600,110
1602823500,124
1602824400,333
1602825300,431
1602826200,122
1602827100,210
1602828000,113
1602828900,145
1602829800,115
1602830700,186
1602831600,190
1602832500,86
1602833400,86
1602834300,101
1602835200,104
1602836100,148
1602837000,109
1602837900,253
1602838800,107
1602839700,124
1602840600,144
1602841500,277
1602842400,247
1602843300,150
1602844200,133
1602845100,119
1602846000,135
1602846900,118
1602847800,119
1602848700,740
1602849600,566
1602850500,456
1602851400,181
1602852300,200
1602853200,178
1602854100,188
1602855000,189
1602855900,190
1602856800,374
1602857700,232
1602858600,189
1602859500,1722
1602860400,2484
1602861300,2235
1602862200,1423
1602863100,1530
1602864000,1557
1602864900,1696
1602865800,1212
1602866700,1379
1602867600,1191
1602868500,1079
1602869400,946
1602870300,1206
1602871200,952
1602872100,878
1602873000,161
1602873900,146
1602874800,147
1602875700,155
1602876600,138
1602877500,124
1602878400,111
1602879300,118
1602880200,94
1602881100,100
1602882000,58
1602882900,49
1602883800,45
1602884700,60
1602885600,41
1602886500,49
1602887400,56
1602888300,44
1602889200,47
1602890100,54
1602891000,50
1602891900,48
1602892800,76
1602893700,62
1602894600,54
1602895500,46
1602896400,59
1602897300,44
1602898200,80
1602899100,88
1602900000,53
1602900900,48
1602901800,53
1602902700,72
1602903600,65
1602904500,79
1602905400,64
1602906300,64
1602907200,57
1602908100,86
1602909000,55
1602909900,64
1602910800,93
1602911700,109
1602912600,217
1602913500,265
1602914400,1003
1602915300,651
1602916200,624
1602917100,617
1602918000,176
1602918900,187
1602919800,188
1602920700,140
1602921600,94
1602922500,265
1602923400,153
1602924300,64
1602925200,47
1602926100,63
1602927000,63
1602927900,64
1602928800,60
1602929700,81
1602930600,60
1602931500,67
1602932400,86
1602933300,90
1602934200,75
1602935100,90
1602936000,1002
1602936900,690
1602937800,665
1602938700,685
1602939600,918
1602940500,318
1602941400,241
1602942300,244
1602943200,225
1602944100,268
1602945000,239
1602945900,212
1602946800,215
1602947700,201
1602948600,230
1602949500,220
1602950400,202
1602951300,207
1602952200,211
1602953100,203
1602954000,233
1602954900,250
1602955800,248
1602956700,223
1602957600,234
1602958500,220
1602959400,166
1602960300,172
1602961200,145
1602962100,143
1602963000,157
1602963900,186
1602964800,122
1602965700,118
1602966600,84
1602967500,63
1602968400,52
1602969300,54
1602970200,44
1602971100,60
1602972000,67
1602972900,68
1602973800,48
1602974700,62
1602975600,45
1602976500,47
1602977400,60
1602978300,44
1602979200,51
1602980100,57
1602981000,54
1602981900,85
1602982800,77
1602983700,70
1602984600,83
1602985500,80
1602986400,98
1602987300,49
1602988200,62
1602989100,83
1602990000,79
1602990900,70
1602991800,66
1602992700,55
1602993600,47
1602994500,52
1602995400,57
1602996300,66
1602997200,69
1602998100,90
1602999000,96
1602999900,133
1603000800,610
1603001700,673
1603002600,446
1603003500,396
1603004400,314
1603005300,91
1603006200,81
1603007100,87
1603008000,85
1603008900,76
1603009800,112
1603010700,737
1603011600,674
1603012500,223
1603013400,344
1603014300,478
1603015200,421
1603016100,344
1603017000,213
1603017900,167
1603018800,174
1603019700,183
1603020600,124
1603021500,159
1603022400,164
1603023300,204
1603024200,185
1603025100,188
1603026000,162
1603026900,145
1603027800,98
1603028700,105
1603029600,87
1603030500,88
1603031400,85
1603032300,99
1603033200,83
1603034100,105
1603035000,113
1603035900,132
1603036800,108
1603037700,385
1603038600,373
1603039500,286
1603040400,214
1603041300,170
1603042200,201
1603043100,208
1603044000,226
1603044900,171
1603045800,181
1603046700,173
1603047600,154
1603048500,146
1603049400,170
1603050300,109
1603051200,100
1603052100,79
1603053000,64
1603053900,50
1603054800,72
1603055700,63
1603056600,76
1603057500,66
1603058400,75
1603059300,52
1603060200,52
1603061100,74
1603062000,49
1603062900,57
1603063800,56
1603064700,62
1603065600,58
1603066500,55
1603067400,56
1603068300,67
1603069200,60
1603070100,101
1603071000,79
1603071900,84
1603072800,90
1603073700,91
1603074600,47
1603075500,51
1603076400,86
1603077300,66
1603078200,74
1603079100,60
1603080000,50
1603080900,48
1603081800,73
1603082700,293
1603083600,361
1603084500,475
1603085400,380
1603086300,394
1603087200,295
1603088100,243
1603089000,56
1603089900,62
1603090800,45
1603091700,98
1603092600,101
1603093500,160
1603094400,118
1603095300,127
1603096200,90
1603097100,129
1603098000,151
1603098900,138
1603099800,154
1603100700,156
1603101600,225
1603102500,197
1603103400,245
1603104300,282
1603105200,730
1603106100,532
1603107000,179
1603107900,145
1603108800,137
1603109700,182
1603110600,151
1603111500,298
1603112400,162
1603113300,180
1603114200,666
1603115100,1253
1603116000,1053
1603116900,897
1603117800,468
1603118700,404
1603119600,513
1603120500,912
1603121400,296
1603122300,403
1603123200,175
1603124100,251
1603125000,198
1603125900,197
1603126800,274
1603127700,289
1603128600,285
1603129500,272
1603130400,297
1603131300,314
1603132200,298
1603133100,216
1603134000,226
1603134900,185
1603135800,163
1603136700,152
1603137600,139
1603138500,112
1603139400,107
1603140300,119
1603141200,105
1603142100,113
1603143000,117
1603143900,103
1603144800,83
1603145700,106
1603146600,86
1603147500,93
1603148400,83
1603149300,87
1603150200,83
1603151100,93
1603152000,110
1603152900,89
1603153800,121
1603154700,132
1603155600,110
1603156500,85
1603157400,79
1603158300,50
1603159200,52
1603160100,45
1603161000,63
1603161900,46
1603162800,45
1603163700,82
1603164600,69
1603165500,74
1603166400,66
1603167300,65
1603168200,79
1603169100,232
1603170000,91
1603170900,123
1603171800,126
1603172700,106
1603173600,104
1603174500,85
1603175400,82
1603176300,78
1603177200,75
1603178100,126
1603179000,127
1603179900,83
1603180800,117
1603181700,155
1603182600,172
1603183500,125
1603184400,131
1603185300,160
1603186200,172
1603187100,427
1603188000,368
1603188900,151
1603189800,187
1603190700,634
1603191600,238
1603192500,554
1603193400,156
1603194300,208
1603195200,231
1603196100,168
1603197000,145
1603197900,141
1603198800,138
1603199700,141
1603200600,144
1603201500,166
1603202400,135
1603203300,374
1603204200,412
1603205100,558
1603206000,439
1603206900,170
1603207800,182
1603208700,1630
1603209600,2137
1603210500,2164
1603211400,1467
1603212300,1124
1603213200,602
1603214100,504
1603215000,845
1603215900,1014
1603216800,752
1603217700,938
1603218600,415
1603219500,283
1603220400,219
1603221300,210
1603222200,235
1603223100,236
1603224000,240
1603224900,250
1603225800,234
1603226700,178
1603227600,125
1603228500,121
1603229400,104
1603230300,83
1603231200,82
1603232100,70
1603233000,67
1603233900,51
1603234800,59
1603235700,49
1603236600,48
1603237500,62
1603238400,48
1603239300,50
1603240200,55
1603241100,56
1603242000,45
1603242900,55
1603243800,73
1603244700,70
1603245600,62
1603246500,83
1603247400,61
1603248300,56
1603249200,50
1603250100,66
1603251000,69
1603251900,80
1603252800,91
1603253700,280
1603254600,385
1603255500,191
1603256400,155
1603257300,120
1603258200,106
1603259100,134
1603260000,95
1603260900,81
1603261800,81
1603262700,60
1603263600,60
1603264500,66
1603265400,277
1603266300,483
1603267200,84
1603268100,117
1603269000,324
1603269900,84
1603270800,100
1603271700,94
1603272600,78
1603273500,73
1603274400,85
1603275300,164
1603276200,110
1603277100,109
1603278000,127
1603278900,99
1603279800,94
1603280700,88
1603281600,103
1603282500,84
1603283400,93
1603284300,83
1603285200,77
1603286100,71
1603287000,75
1603287900,86
1603288800,60
1603289700,68
1603290600,67
1603291500,73
1603292400,60
1603293300,69
1603294200,96
1603295100,140
1603296000,178
1603296900,312
1603297800,229
1603298700,211
1603299600,161
1603300500,225
1603301400,585
1603302300,266
1603303200,493
1603304100,156
1603305000,160
1603305900,126
1603306800,135
1603307700,116
1603308600,119
1603309500,110
1603310400,129
1603311300,86
1603312200,87
1603313100,154
1603314000,140
1603314900,127
1603315800,105
1603316700,100
1603317600,84
1603318500,74
1603319400,76
1603320300,71
1603321200,61
1603322100,73
1603323000,69
1603323900,66
1603324800,58
1603325700,79
1603326600,58
1603327500,66
1603328400,65
1603329300,70
1603330200,64
1603331100,59
1603332000,78
1603332900,59
1603333800,70
1603334700,87
1603335600,118
1603336500,98
1603337400,107
1603338300,97
1603339200,103
1603340100,273
1603341000,150
1603341900,94
1603342800,343
1603343700,238
1603344600,144
1603345500,118
1603346400,134
1603347300,141
1603348200,112
1603349100,96
1603350000,111
1603350900,147
1603351800,124
1603352700,109
1603353600,120
1603354500,135
1603355400,128
1603356300,103
1603357200,98
1603358100,102
1603359000,108
1603359900,147
1603360800,168
1603361700,197
1603362600,368
1603363500,192
1603364400,172
1603365300,173
1603366200,112
1603367100,120
1603368000,101
1603368900,88
1603369800,82
1603370700,84
1603371600,69
1603372500,75
1603373400,95
1603374300,158
1603375200,526
1603376100,174
1603377000,422
1603377900,99
1603378800,95
1603379700,89
1603380600,122
1603381500,105
1603382400,99
1603383300,130
1603384200,141
1603385100,120
1603386000,160
1603386900,118
1603387800,181
1603388700,194
1603389600,176
1603390500,193
1603391400,154
1603392300,166
1603393200,209
1603394100,208
1603395000,215
1603395900,245
1603396800,198
1603397700,138
1603398600,109
1603399500,98
1603400400,108
1603401300,96
1603402200,107
1603403100,78
1603404000,87
1603404900,79
1603405800,87
1603406700,91
1603407600,105
1603408500,98
1603409400,104
1603410300,112
1603411200,97
1603412100,85
1603413000,84
1603413900,110
1603414800,62
1603415700,72
1603416600,74
1603417500,83
1603418400,122
1603419300,112
1603420200,119
1603421100,97
1603422000,85
1603422900,97
1603423800,112
1603424700,108
1603425600,167
1603426500,207
1603427400,144
1603428300,134
1603429200,160
1603430100,337
1603431000,275
1603431900,123
1603432800,187
1603433700,144
1603434600,98
1603435500,281
1603436400,108
1603437300,139
1603438200,68
1603439100,105
1603440000,82
1603440900,71
1603441800,52
1603442700,63
1603443600,349
1603444500,205
1603445400,111
1603446300,110
1603447200,100
1603448100,102
1603449000,103
1603449900,115
1603450800,94
1603451700,61
1603452600,66
1603453500,72
1603454400,65
1603455300,61
1603456200,61
1603457100,77
1603458000,59
1603458900,65
1603459800,65
1603460700,75
1603461600,72
1603462500,84
1603463400,93
1603464300,93
1603465200,88
1603466100,114
1603467000,138
1603467900,166
1603468800,197
1603469700,480
1603470600,756
1603471500,915
1603472400,412
1603473300,447
1603474200,500
1603475100,532
1603476000,546
1603476900,356
1603477800,264
1603478700,262
1603479600,332
1603480500,289
1603481400,334
1603482300,165
1603483200,91
1603484100,68
1603485000,40
1603485900,48
1603486800,47
1603487700,54
1603488600,41
1603489500,46
1603490400,55
1603491300,43
1603492200,44
1603493100,41
1603494000,73
1603494900,57
1603495800,63
1603496700,63
1603497600,70
1603498500,103
1603499400,101
1603500300,72
1603501200,54
1603502100,45
1603503000,68
1603503900,86
1603504800,67
1603505700,66
1603506600,46
1603507500,58
1603508400,39
1603509300,74
1603510200,70
1603511100,78
1603512000,71
1603512900,69
1603513800,84
1603514700,70
1603515600,237
1603516500,99
1603517400,131
1603518300,110
1603519200,200
1603520100,252
1603521000,217
1603521900,78
1603522800,172
1603523700,129
1603524600,119
1603525500,75
1603526400,60
1603527300,96
1603528200,87
1603529100,94
1603530000,87
1603530900,114
1603531800,176
1603532700,161
1603533600,501
1603534500,340
1603535400,178
1603536300,216
1603537200,153
1603538100,193
1603539000,193
1603539900,219
1603540800,177
1603541700,132
1603542600,140
1603543500,354
1603544400,332
1603545300,432
1603546200,194
1603547100,184
1603548000,216
1603548900,210
1603549800,207
1603550700,210
1603551600,211
1603552500,172
1603553400,184
1603554300,224
1603555200,201
1603556100,188
1603557000,92
1603557900,79
1603558800,82
1603559700,75
1603560600,105
1603561500,76
1603562400,85
1603563300,93
1603564200,105
1603565100,97
1603566000,99
1603566900,110
1603567800,108
1603568700,140
1603569600,86
1603570500,65
1603571400,48
1603572300,54
1603573200,60
1603574100,56
1603575000,48
1603575900,63
1603576800,53
1603577700,56
1603578600,47
1603579500,67
1603580400,48
1603581300,53
1603582200,54
1603583100,73
1603584000,99
1603584900,46
1603585800,66
1603586700,46
1603587600,54
1603588500,53
1603589400,82
1603590300,61
1603591200,72
1603592100,78
1603593000,99
1603593900,73
1603594800,146
1603595700,104
1603596600,59
1603597500,66
1603598400,58
1603599300,81
1603600200,66
1603601100,90
1603602000,87
1603602900,101
1603603800,87
1603604700,103
1603605600,87
1603606500,67
1603607400,60
1603608300,65
1603609200,123
1603610100,86
1603611000,121
1603611900,186
1603612800,199
1603613700,75
1603614600,81
1603615500,260
1603616400,522
1603617300,441
1603618200,363
1603619100,141
1603620000,131
1603620900,145
1603621800,632
1603622700,232
1603623600,562
1603624500,90
1603625400,102
1603626300,160
1603627200,107
1603628100,107
1603629000,114
1603629900,124
1603630800,107
1603631700,109
1603632600,118
1603633500,113
1603634400,114
1603635300,206
1603636200,182
1603637100,121
1603638000,111
1603638900,102
1603639800,139
1603640700,122
1603641600,130
1603642500,128
1603643400,125
1603644300,117
1603645200,112
1603646100,131
1603647000,109
1603647900,119
1603648800,108
1603649700,123
1603650600,104
1603651500,117
1603652400,121
1603653300,123
1603654200,121
1603655100,176
1603656000,227
1603656900,184
1603657800,212
1603658700,192
1603659600,196
1603660500,174
1603661400,143
1603662300,82
1603663200,87
1603664100,74
1603665000,80
1603665900,92
1603666800,72
1603667700,74
1603668600,70
1603669500,85
1603670400,86
1603671300,88
1603672200,88
1603673100,91
1603674000,58
1603674900,68
1603675800,65
1603676700,62
1603677600,60
1603678500,89
1603679400,93
1603680300,100
1603681200,102
1603682100,107
1603683000,84
1603683900,86
1603684800,101
1603685700,103
1603686600,89
1603687500,146
1603688400,180
1603689300,184
1603690200,292
1603691100,264
1603692000,271
1603692900,113
1603693800,358
1603694700,124
1603695600,109
1603696500,196
1603697400,366
1603698300,195
1603699200,143
1603700100,714
1603701000,720
1603701900,609
1603702800,278
1603703700,572
1603704600,701
1603705500,611
1603706400,172
1603707300,108
1603708200,127
1603709100,202
1603710000,460
1603710900,273
1603711800,368
1603712700,167
1603713600,124
1603714500,92
1603715400,108
1603716300,93
1603717200,79
1603718100,88
1603719000,77
1603719900,69
1603720800,63
1603721700,83
1603722600,62
1603723500,71
1603724400,64
1603725300,81
1603726200,62
1603727100,68
1603728000,75
1603728900,67
1603729800,66
1603730700,63
1603731600,83
1603732500,92
1603733400,122
1603734300,115
1603735200,116
1603736100,94
1603737000,86
1603737900,81
1603738800,78
1603739700,149
1603740600,104
1603741500,231
1603742400,95
1603743300,103
1603744200,98
1603745100,113
1603746000,134
1603746900,122
1603747800,71
1603748700,74
1603749600,60
1603750500,67
1603751400,80
1603752300,62
1603753200,77
1603754100,77
1603755000,101
1603755900,83
1603756800,81
1603757700,73
1603758600,78
1603759500,43
1603760400,50
1603761300,61
1603762200,52
1603763100,50
1603764000,68
1603764900,90
1603765800,66
1603766700,75
1603767600,65
1603768500,61
1603769400,43
1603770300,61
1603771200,79
1603772100,108
1603773000,105
1603773900,109
1603774800,114
1603775700,92
1603776600,55
1603777500,207
1603778400,283
1603779300,924
1603780200,1234
1603781100,1243
1603782000,1276
1603782900,682
1603783800,180
1603784700,142
1603785600,772
1603786500,346
1603787400,1091
1603788300,915
1603789200,889
1603790100,937
1603791000,980
1603791900,1174
1603792800,339
1603793700,136
1603794600,179
1603795500,220
1603796400,264
1603797300,149
1603798200,127
1603799100,170
1603800000,125
1603800900,126
1603801800,118
1603802700,139
1603803600,295
1603804500,176
1603805400,487
1603806300,282
1603807200,135
1603808100,146
1603809000,121
1603809900,147
1603810800,154
1603811700,159
1603812600,159
1603813500,227
1603814400,176
1603815300,423
1603816200,331
1603817100,402
1603818000,158
1603818900,154
1603819800,150
1603820700,144
1603821600,219
1603822500,248
1603823400,251
1603824300,251
1603825200,283
1603826100,249
1603827000,269
1603827900,260
1603828800,190
1603829700,168
1603830600,130
1603831500,117
1603832400,112
1603833300,121
1603834200,117
1603835100,95
1603836000,96
1603836900,97
1603837800,87
1603838700,73
1603839600,60
1603840500,62
1603841400,55
1603842300,72
1603843200,58
1603844100,57
1603845000,72
1603845900,57
1603846800,80
1603847700,77
1603848600,85
1603849500,70
1603850400,62
1603851300,68
1603852200,67
1603853100,90
1603854000,133
1603854900,115
1603855800,118
1603856700,113
1603857600,95
1603858500,61
1603859400,53
1603860300,74
1603861200,55
1603862100,63
1603863000,79
1603863900,265
1603864800,97
1603865700,109
1603866600,90
1603867500,59
1603868400,61
1603869300,66
1603870200,75
1603871100,103
1603872000,225
1603872900,397
1603873800,172
1603874700,88
1603875600,89
1603876500,269
1603877400,162
1603878300,206
1603879200,127
1603880100,117
1603881000,162
1603881900,211
1603882800,165
1603883700,106
1603884600,119
1603885500,133
1603886400,147
1603887300,149
1603888200,296
1603889100,91
1603890000,67
1603890900,65
1603891800,70
1603892700,75
1603893600,61
1603894500,69
1603895400,72
1603896300,79
1603897200,468
1603898100,290
1603899000,197
1603899900,135
1603900800,122
1603901700,152
1603902600,117
1603903500,151
1603904400,168
1603905300,197
1603906200,194
1603907100,232
1603908000,532
1603908900,588
1603909800,494
1603910700,526
1603911600,294
1603912500,259
1603913400,270
1603914300,294
1603915200,390
1603916100,356
1603917000,392
1603917900,244
1603918800,210
1603919700,162
1603920600,139
1603921500,113
1603922400,105
1603923300,105
1603924200,80
1603925100,68
1603926000,64
1603926900,82
1603927800,85
1603928700,91
1603929600,81
1603930500,98
1603931400,69
1603932300,72
1603933200,74
1603934100,69
1603935000,65
1603935900,67
1603936800,75
1603937700,59
1603938600,69
1603939500,72
1603940400,88
1603941300,105
1603942200,113
1603943100,88
1603944000,97
1603944900,53
1603945800,60
1603946700,48
1603947600,66
1603948500,311
1603949400,170
1603950300,148
1603951200,137
1603952100,173
1603953000,123
1603953900,102
1603954800,79
1603955700,88
1603956600,74
1603957500,55
1603958400,83
1603959300,60
1603960200,99
1603961100,105
1603962000,81
1603962900,71
1603963800,56
1603964700,58
1603965600,66
1603966500,63
1603967400,120
1603968300,86
1603969200,68
1603970100,174
1603971000,94
1603971900,114
1603972800,100
1603973700,147
1603974600,151
1603975500,169
1603976400,157
1603977300,170
1603978200,206
1603979100,142
1603980000,119
1603980900,137
1603981800,144
1603982700,192
1603983600,184
1603984500,173
1603985400,160
1603986300,163
1603987200,195
1603988100,174
1603989000,180
1603989900,171
1603990800,185
1603991700,254
1603992600,288
1603993500,355
1603994400,310
1603995300,273
1603996200,280
1603997100,268
1603998000,276
1603998900,169
1603999800,171
1604000700,179
1604001600,168
1604002500,179
1604003400,154
1604004300,149
1604005200,117
1604006100,92
1604007000,45
1604007900,54
1604008800,55
1604009700,105
1604010600,70
1604011500,96
1604012400,83
1604013300,79
1604014200,71
1604015100,59
1604016000,60
1604016900,46
1604017800,66
1604018700,46
1604019600,54
1604020500,55
1604021400,58
1604022300,45
1604023200,55
1604024100,60
1604025000,48
1604025900,52
1604026800,57
1604027700,60
1604028600,75
1604029500,95
1604030400,103
1604031300,82
1604032200,67
1604033100,88
1604034000,90
1604034900,230
1604035800,105
1604036700,716
1604037600,197
1604038500,371
1604039400,287
1604040300,191
1604041200,156
1604042100,128
1604043000,104
1604043900,260
1604044800,459
1604045700,417
1604046600,117
1604047500,100
1604048400,98
1604049300,219
1604050200,422
1604051100,56
1604052000,52
1604052900,78
1604053800,69
1604054700,80
1604055600,78
1604056500,88
1604057400,69
1604058300,78
1604059200,78
1604060100,68
1604061000,66
1604061900,86
1604062800,99
1604063700,334
1604064600,194
1604065500,98
1604066400,109
1604067300,99
1604068200,101
1604069100,103
1604070000,103
1604070900,501
1604071800,281
1604072700,163
1604073600,158
1604074500,214
1604075400,253
1604076300,292
1604077200,265
1604078100,270
1604079000,267
1604079900,249
1604080800,239
1604081700,332
1604082600,248
1604083500,348
1604084400,191
1604085300,192
1604086200,126
1604087100,164
1604088000,150
1604088900,152
1604089800,108
1604090700,115
1604091600,113
1604092500,83
1604093400,65
1604094300,59
1604095200,68
1604096100,43
1604097000,53
1604097900,50
1604098800,59
1604099700,45
1604100600,53
1604101500,56
1604102400,53
1604103300,45
1604104200,56
1604105100,53
1604106000,56
1604106900,72
1604107800,127
1604108700,99
1604109600,90
1604110500,84
1604111400,86
1604112300,69
1604113200,62
1604114100,81
1604115000,94
1604115900,93
1604116800,82
1604117700,103
1604118600,61
1604119500,73
1604120400,76
1604121300,89
1604122200,91
1604123100,102
1604124000,114
1604124900,298
1604125800,213
1604126700,241
1604127600,494
1604128500,96
1604129400,99
1604130300,136
1604131200,378
1604132100,114
1604133000,125
1604133900,169
1604134800,149
1604135700,83
1604136600,81
1604137500,89
1604138400,79
1604139300,88
1604140200,117
1604141100,138
1604142000,132
1604142900,153
1604143800,251
1604144700,128
1604145600,115
1604146500,124
1604147400,92
1604148300,80
1604149200,80
1604150100,92
1604151000,131
1604151900,124
1604152800,96
1604153700,110
1604154600,97
1604155500,110
1604156400,147
1604157300,145
1604158200,342
1604159100,353
1604160000,293
1604160900,166
1604161800,91
1604162700,89
1604163600,102
1604164500,84
1604165400,97
1604166300,97
1604167200,92
1604168100,84
1604169000,111
1604169900,213
1604170800,278
1604171700,271
1604172600,277
1604173500,324
1604174400,261
1604175300,278
1604176200,235
1604177100,230
1604178000,204
1604178900,197
1604179800,174
1604180700,197
1604181600,167
1604182500,171
1604183400,158
1604184300,62
1604185200,46
1604186100,51
1604187000,92
1604187900,74
1604188800,84
1604189700,76
1604190600,67
1604191500,60
1604192400,63
1604193300,56
1604194200,60
1604195100,54
1604196000,78
1604196900,57
1604197800,65
1604198700,69
1604199600,62
1604200500,64
1604201400,59
1604202300,85
1604203200,183
1604204100,145
1604205000,381
1604205900,301
1604206800,408
1604207700,76
1604208600,64
1604209500,58
1604210400,53
1604211300,66
1604212200,59
1604213100,79
1604214000,84
1604214900,100
1604215800,230
1604216700,105
1604217600,110
1604218500,643
1604219400,508
1604220300,375
1604221200,345
1604222100,745
1604223000,939
1604223900,705
1604224800,228
1604225700,174
1604226600,521
1604227500,210
1604228400,516
1604229300,150
1604230200,244
1604231100,154
1604232000,146
1604232900,136
1604233800,102
1604234700,121
1604235600,125
1604236500,119
1604237400,131
1604238300,111
1604239200,119
1604240100,149
1604241000,142
1604241900,110
1604242800,246
1604243700,136
1604244600,95
1604245500,74
1604246400,81
1604247300,86
1604248200,174
1604249100,198
1604250000,267
1604250900,298
1604251800,288
1604252700,303
1604253600,297
1604254500,284
1604255400,289
1604256300,310
1604257200,312
1604258100,332
1604259000,340
1604259900,318
1604260800,295
1604261700,202
1604262600,217
1604263500,223
1604264400,206
1604265300,197
1604266200,168
1604267100,127
1604268000,132
1604268900,101
1604269800,98
1604270700,106
1604271600,88
1604272500,82
1604273400,85
1604274300,82
1604275200,55
1604276100,67
1604277000,58
1604277900,62
1604278800,52
1604279700,71
1604280600,55
1604281500,62
1604282400,205
1604283300,135
1604284200,76
1604285100,58
1604286000,67
1604286900,53
1604287800,63
1604288700,80
1604289600,77
1604290500,71
1604291400,80
1604292300,71
1604293200,53
1604294100,71
1604295000,90
1604295900,82
1604296800,231
1604297700,162
1604298600,102
1604299500,514
1604300400,120
1604301300,100
1604302200,51
1604303100,40
1604304000,70
1604304900,63
1604305800,73
1604306700,66
1604307600,79
1604308500,47
1604309400,64
1604310300,68
1604311200,63
1604312100,66
1604313000,86
1604313900,99
1604314800,65
1604315700,331
1604316600,92
1604317500,91
1604318400,82
1604319300,83
1604320200,75
1604321100,67
1604322000,61
1604322900,75
1604323800,66
1604324700,63
1604325600,64
1604326500,73
1604327400,68
1604328300,75
1604329200,88
1604330100,87
1604331000,84
1604331900,59
1604332800,77
1604333700,61
1604334600,65
1604335500,61
1604336400,75
1604337300,63
1604338200,405
1604339100,479
1604340000,187
1604340900,194
1604341800,191
1604342700,482
1604343600,542
1604344500,508
1604345400,412
1604346300,212
1604347200,180
1604348100,183
1604349000,185
1604349900,212
1604350800,202
1604351700,142
1604352600,131
1604353500,112
1604354400,86
1604355300,61
1604356200,81
1604357100,58
1604358000,67
1604358900,64
1604359800,84
1604360700,81
1604361600,87
1604362500,105
1604363400,64
1604364300,59
1604365200,46
1604366100,68
1604367000,51
1604367900,52
1604368800,74
1604369700,84
1604370600,67
1604371500,101
1604372400,285
1604373300,61
1604374200,73
1604375100,66
1604376000,112
1604376900,99
1604377800,91
1604378700,90
1604379600,100
1604380500,84
1604381400,89
1604382300,80
1604383200,57
1604384100,230
1604385000,69
1604385900,736
1604386800,961
1604387700,741
1604388600,294
1604389500,153
1604390400,137
1604391300,139
1604392200,160
1604393100,516
1604394000,906
1604394900,766
1604395800,709
1604396700,683
1604397600,837
1604398500,633
1604399400,431
1604400300,276
1604401200,346
1604402100,188
1604403000,436
1604403900,626
1604404800,958
1604405700,682
1604406600,678
1604407500,231
1604408400,128
1604409300,129
1604410200,139
1604411100,181
1604412000,147
1604412900,787
1604413800,741
1604414700,657
1604415600,535
1604416500,289
1604417400,133
1604418300,141
1604419200,191
1604420100,188
1604421000,186
1604421900,206
1604422800,236
1604423700,305
1604424600,242
1604425500,252
1604426400,291
1604427300,253
1604428200,268
1604429100,261
1604430000,260
1604430900,220
1604431800,213
1604432700,203
1604433600,212
1604434500,197
1604435400,184
1604436300,384
1604437200,526
1604438100,371
1604439000,147
1604439900,135
1604440800,104
1604441700,105
1604442600,104
1604443500,92
1604444400,86
1604445300,57
1604446200,53
1604447100,43
1604448000,74
1604448900,66
1604449800,63
1604450700,76
1604451600,54
1604452500,52
1604453400,51
1604454300,58
1604455200,53
1604456100,43
1604457000,66
1604457900,46
1604458800,49
1604459700,66
1604460600,48
1604461500,50
1604462400,72
1604463300,74
1604464200,77
1604465100,74
1604466000,92
1604466900,100
1604467800,334
1604468700,110
1604469600,168
1604470500,118
1604471400,64
1604472300,84
1604473200,54
1604474100,43
1604475000,55
1604475900,44
1604476800,49
1604477700,52
1604478600,97
1604479500,89
1604480400,76
1604481300,79
1604482200,55
1604483100,49
1604484000,44
1604484900,60
1604485800,67
1604486700,57
1604487600,72
1604488500,84
1604489400,88
1604490300,88
1604491200,95
1604492100,84
1604493000,58
1604493900,96
1604494800,174
1604495700,344
1604496600,108
1604497500,121
1604498400,295
1604499300,467
1604500200,321
1604501100,239
1604502000,274
1604502900,149
1604503800,121
1604504700,138
1604505600,163
1604506500,176
1604507400,234
1604508300,212
1604509200,186
1604510100,274
1604511000,198
1604511900,332
1604512800,221
1604513700,236
1604514600,239
1604515500,221
1604516400,245
1604517300,139
1604518200,136
1604519100,132
1604520000,145
1604520900,130
1604521800,151
1604522700,155
1604523600,121
1604524500,112
1604525400,96
1604526300,94
1604527200,82
1604528100,93
1604529000,91
1604529900,65
1604530800,57
1604531700,81
1604532600,72
1604533500,71
1604534400,71
1604535300,70
1604536200,73
1604537100,74
1604538000,91
1604538900,72
1604539800,56
1604540700,69
1604541600,63
1604542500,56
1604543400,66
1604544300,66
1604545200,65
1604546100,56
1604547000,74
1604547900,56
1604548800,67
1604549700,69
1604550600,113
1604551500,103
1604552400,147
1604553300,302
1604554200,586
1604555100,228
1604556000,98
1604556900,123
1604557800,134
1604558700,481
1604559600,217
1604560500,410
1604561400,165
1604562300,164
1604563200,153
1604564100,120
1604565000,133
1604565900,138
1604566800,187
1604567700,244
1604568600,186
1604569500,164
1604570400,168
1604571300,160
1604572200,153
1604573100,159
1604574000,154
1604574900,182
1604575800,202
1604576700,134
1604577600,104
1604578500,91
1604579400,134
1604580300,396
1604581200,117
1604582100,128
1604583000,140
1604583900,92
1604584800,182
1604585700,100
1604586600,75
1604587500,88
1604588400,111
1604589300,140
1604590200,125
1604591100,209
1604592000,212
1604592900,201
1604593800,207
1604594700,250
1604595600,240
1604596500,266
1604597400,292
1604598300,269
1604599200,247
1604600100,288
1604601000,276
1604601900,210
1604602800,216
1604603700,198
1604604600,170
1604605500,148
1604606400,170
1604607300,174
1604608200,139
1604609100,79
1604610000,75
1604610900,58
1604611800,49
1604612700,42
1604613600,58
1604614500,41
1604615400,45
1604616300,57
1604617200,42
1604618100,47
1604619000,46
1604619900,74
1604620800,58
1604621700,63
1604622600,73
1604623500,111
1604624400,58
1604625300,71
1604626200,68
1604627100,59
1604628000,76
1604628900,70
1604629800,53
1604630700,53
1604631600,55
1604632500,61
1604633400,62
1604634300,63
1604635200,79
1604636100,61
1604637000,63
1604637900,68
1604638800,107
1604639700,204
1604640600,140
1604641500,272
1604642400,145
1604643300,268
1604644200,209
1604645100,341
1604646000,192
1604646900,135
1604647800,101
1604648700,216
1604649600,210
1604650500,101
1604651400,100
1604652300,108
1604653200,90
1604654100,95
1604655000,100
1604655900,155
1604656800,600
1604657700,226
1604658600,213
1604659500,169
1604660400,451
1604661300,415
1604662200,539
1604663100,197
1604664000,132
1604664900,121
1604665800,142
1604666700,338
1604667600,207
1604668500,132
1604669400,381
1604670300,144
1604671200,145
1604672100,168
1604673000,167
1604673900,415
1604674800,162
1604675700,185
1604676600,206
1604677500,183
1604678400,179
1604679300,133
1604680200,114
1604681100,120
1604682000,126
1604682900,120
1604683800,127
1604684700,237
1604685600,264
1604686500,125
1604687400,118
1604688300,129
1604689200,142
1604690100,105
1604691000,88
1604691900,86
1604692800,90
1604693700,71
1604694600,71
1604695500,114
1604696400,116
1604697300,119
1604698200,93
1604699100,61
1604700000,40
1604700900,46
1604701800,53
1604702700,46
1604703600,40
1604704500,52
1604705400,47
1604706300,45
1604707200,41
1604708100,53
1604709000,46
1604709900,42
1604710800,83
1604711700,109
1604712600,97
1604713500,82
1604714400,90
1604715300,78
1604716200,80
1604717100,60
1604718000,56
1604718900,44
1604719800,42
1604720700,50
1604721600,51
1604722500,50
1604723400,41
1604724300,72
1604725200,61
1604726100,64
1604727000,54
1604727900,95
1604728800,75
1604729700,73
1604730600,240
1604731500,277
1604732400,466
1604733300,121
1604734200,87
1604735100,76
1604736000,94
1604736900,109
1604737800,149
1604738700,117
1604739600,131
1604740500,207
1604741400,166
1604742300,98
1604743200,85
1604744100,100
1604745000,99
1604745900,106
1604746800,102
1604747700,119
1604748600,117
1604749500,111
1604750400,137
1604751300,143
1604752200,425
1604753100,169
1604754000,120
1604754900,141
1604755800,196
1604756700,191
1604757600,204
1604758500,201
1604759400,211
1604760300,218
1604761200,911
1604762100,2277
1604763000,2289
1604763900,2068
1604764800,1211
1604765700,1460
1604766600,1074
1604767500,1192
1604768400,993
1604769300,1040
1604770200,1168
1604771100,1002
1604772000,1224
1604772900,893
1604773800,1088
1604774700,716
1604775600,387
1604776500,146
1604777400,435
1604778300,226
1604779200,375
1604780100,140
1604781000,138
1604781900,114
1604782800,124
1604783700,123
1604784600,97
1604785500,85
1604786400,106
1604787300,44
1604788200,50
1604789100,55
1604790000,55
1604790900,59
1604791800,79
1604792700,58
1604793600,51
1604794500,77
1604795400,98
1604796300,91
1604797200,115
1604798100,97
1604799000,94
1604799900,86
1604800800,59
1604801700,46
1604802600,53
1604803500,106
1604804400,74
1604805300,65
1604806200,102
1604807100,82
1604808000,82
1604808900,67
1604809800,61
1604810700,58
1604811600,53
1604812500,70
1604813400,49
1604814300,81
1604815200,75
1604816100,82
1604817000,74
1604817900,89
1604818800,204
1604819700,176
1604820600,83
1604821500,91
1604822400,63
1604823300,56
1604824200,57
1604825100,83
1604826000,63
1604826900,65
1604827800,362
1604828700,379
1604829600,115
1604830500,110
1604831400,162
1604832300,129
1604833200,147
1604834100,127
1604835000,159
1604835900,78
1604836800,85
1604837700,87
1604838600,91
1604839500,533
1604840400,295
1604841300,245
1604842200,84
1604843100,148
1604844000,142
1604844900,109
1604845800,111
1604846700,106
1604847600,95
1604848500,84
1604849400,69
1604850300,78
1604851200,83
1604852100,77
1604853000,69
1604853900,77
1604854800,81
1604855700,77
1604856600,68
1604857500,81
1604858400,79
1604859300,88
1604860200,88
1604861100,100
1604862000,83
1604862900,71
1604863800,92
1604864700,128
1604865600,206
1604866500,162
1604867400,158
1604868300,155
1604869200,146
1604870100,123
1604871000,120
1604871900,105
1604872800,95
1604873700,92
1604874600,67
1604875500,56
1604876400,39
1604877300,49
1604878200,51
1604879100,50
1604880000,40
1604880900,51
1604881800,54
1604882700,50
1604883600,42
1604884500,50
1604885400,54
1604886300,47
1604887200,44
1604888100,61
1604889000,89
1604889900,72
1604890800,68
1604891700,64
1604892600,76
1604893500,57
1604894400,66
1604895300,67
1604896200,79
1604897100,55
1604898000,71
1604898900,89
1604899800,98
1604900700,372
1604901600,732
1604902500,610
1604903400,335
1604904300,198
1604905200,144
1604906100,164
1604907000,241
1604907900,441
1604908800,389
1604909700,1148
1604910600,1284
1604911500,1138
1604912400,658
1604913300,448
1604914200,534
1604915100,537
1604916000,383
1604916900,207
1604917800,185
1604918700,168
1604919600,286
1604920500,130
1604921400,163
1604922300,141
1604923200,138
1604924100,133
1604925000,116
1604925900,220
1604926800,500
1604927700,1265
1604928600,906
1604929500,842
1604930400,1027
1604931300,312
1604932200,170
1604933100,204
1604934000,278
1604934900,203
1604935800,176
1604936700,180
1604937600,162
1604938500,172
1604939400,173
1604940300,207
1604941200,182
1604942100,222
1604943000,240
1604943900,230
1604944800,259
1604945700,238
1604946600,254
1604947500,233
1604948400,280
1604949300,232
1604950200,242
1604951100,177
1604952000,156
1604952900,168
1604953800,156
1604954700,173
1604955600,195
1604956500,172
1604957400,160
1604958300,170
1604959200,152
1604960100,122
1604961000,103
1604961900,174
1604962800,112
1604963700,81
1604964600,62
1604965500,69
1604966400,58
1604967300,66
1604968200,69
1604969100,55
1604970000,42
1604970900,60
1604971800,42
1604972700,49
1604973600,44
1604974500,60
1604975400,43
1604976300,46
1604977200,57
1604978100,46
1604979000,49
1604979900,41
1604980800,61
1604981700,51
1604982600,65
1604983500,66
1604984400,75
1604985300,87
1604986200,103
1604987100,97
1604988000,91
1604988900,206
1604989800,86
1604990700,303
1604991600,130
1604992500,115
1604993400,475
1604994300,190
1604995200,351
1604996100,76
1604997000,75
1604997900,50
1604998800,40
1604999700,55
1605000600,47
1605001500,59
1605002400,65
1605003300,88
1605004200,88
1605005100,78
1605006000,62
1605006900,193
1605007800,112
1605008700,108
1605009600,119
1605010500,114
1605011400,113
1605012300,111
1605013200,120
1605014100,100
1605015000,74
1605015900,102
1605016800,129
1605017700,147
1605018600,219
1605019500,173
1605020400,201
1605021300,195
1605022200,235
1605023100,203
1605024000,235
1605024900,207
1605025800,198
1605026700,197
1605027600,214
1605028500,179
1605029400,225
1605030300,217
1605031200,210
1605032100,198
1605033000,245
1605033900,268
1605034800,284
1605035700,227
1605036600,221
1605037500,226
1605038400,175
1605039300,154
1605040200,249
1605041100,222
1605042000,200
1605042900,195
1605043800,158
1605044700,92
1605045600,98
1605046500,102
1605047400,86
1605048300,73
1605049200,103
1605050100,64
1605051000,57
1605051900,53
1605052800,64
1605053700,58
1605054600,49
1605055500,56
1605056400,62
1605057300,69
1605058200,62
1605059100,78
1605060000,67
1605060900,81
1605061800,70
1605062700,91
1605063600,58
1605064500,55
1605065400,44
1605066300,67
1605067200,45
1605068100,61
1605069000,86
1605069900,83
1605070800,109
1605071700,193
1605072600,135
1605073500,265
1605074400,163
1605075300,163
1605076200,99
1605077100,65
1605078000,72
1605078900,67
1605079800,86
1605080700,52
1605081600,47
1605082500,48
1605083400,52
1605084300,47
1605085200,56
1605086100,85
1605087000,70
1605087900,74
1605088800,66
1605089700,93
1605090600,82
1605091500,84
1605092400,67
1605093300,201
1605094200,82
1605095100,82
1605096000,82
1605096900,81
1605097800,66
1605098700,58
1605099600,67
1605100500,74
1605101400,120
1605102300,102
1605103200,135
1605104100,142
1605105000,136
1605105900,139
1605106800,152
1605107700,125
1605108600,98
1605109500,94
1605110400,94
1605111300,122
1605112200,128
1605113100,162
1605114000,197
1605114900,284
1605115800,207
1605116700,200
1605117600,234
1605118500,207
1605119400,181
1605120300,182
1605121200,347
1605122100,293
1605123000,189
1605123900,160
1605124800,130
1605125700,102
1605126600,123
1605127500,200
1605128400,171
1605129300,152
1605130200,141
1605131100,143
1605132000,120
1605132900,119
1605133800,111
1605134700,94
1605135600,61
1605136500,69
1605137400,74
1605138300,67
1605139200,61
1605140100,66
1605141000,71
1605141900,55
1605142800,63
1605143700,62
1605144600,76
1605145500,71
1605146400,79
1605147300,81
1605148200,88
1605149100,81
1605150000,79
1605150900,93
1605151800,55
1605152700,61
1605153600,60
1605154500,80
1605155400,73
1605156300,120
1605157200,356
1605158100,174
1605159000,161
1605159900,164
1605160800,323
1605161700,114
1605162600,130
1605163500,99
1605164400,130
1605165300,103
1605166200,130
1605167100,501
1605168000,247
1605168900,411
1605169800,50
1605170700,64
1605171600,65
1605172500,65
1605173400,56
1605174300,90
1605175200,90
1605176100,99
1605177000,127
1605177900,181
1605178800,146
1605179700,137
1605180600,146
1605181500,154
1605182400,171
1605183300,134
1605184200,114
1605185100,119
1605186000,125
1605186900,106
1605187800,97
1605188700,118
1605189600,147
1605190500,108
1605191400,261
1605192300,293
1605193200,125
1605194100,178
1605195000,165
1605195900,190
1605196800,152
1605197700,161
1605198600,167
1605199500,148
1605200400,128
1605201300,142
1605202200,195
1605203100,172
1605204000,176
1605204900,175
1605205800,210
1605206700,190
1605207600,225
1605208500,243
1605209400,256
1605210300,242
1605211200,230
1605212100,240
1605213000,151
1605213900,146
1605214800,152
1605215700,171
1605216600,122
1605217500,120
1605218400,109
1605219300,72
1605220200,79
1605221100,77
1605222000,85
1605222900,72
1605223800,81
1605224700,86
1605225600,82
1605226500,77
1605227400,78
1605228300,94
1605229200,49
1605230100,64
1605231000,66
1605231900,73
1605232800,47
1605233700,50
1605234600,56
1605235500,48
1605236400,44
1605237300,42
1605238200,79
1605239100,64
1605240000,75
1605240900,69
1605241800,71
1605242700,48
1605243600,236
1605244500,96
1605245400,109
1605246300,255
1605247200,125
1605248100,170
1605249000,202
1605249900,306
1605250800,108
1605251700,158
1605252600,53
1605253500,110
1605254400,179
1605255300,175
1605256200,94
1605257100,94
1605258000,80
1605258900,122
1605259800,124
1605260700,711
1605261600,524
1605262500,69
1605263400,151
1605264300,117
1605265200,178
1605266100,611
1605267000,257
1605267900,488
1605268800,82
1605269700,80
1605270600,795
1605271500,929
1605272400,689
1605273300,535
1605274200,385
1605275100,130
1605276000,139
1605276900,117
1605277800,118
1605278700,230
1605279600,486
1605280500,116
1605281400,121
1605282300,104
1605283200,116
1605284100,87
1605285000,94
1605285900,119
1605286800,185
1605287700,288
1605288600,642
1605289500,327
1605290400,506
1605291300,243
1605292200,224
1605293100,250
1605294000,319
1605294900,289
1605295800,242
1605296700,237
1605297600,177
1605298500,140
1605299400,124
1605300300,142
1605301200,96
1605302100,80
1605303000,61
1605303900,90
1605304800,77
1605305700,64
1605306600,78
1605307500,68
1605308400,62
1605309300,39
1605310200,62
1605311100,41
1605312000,50
1605312900,49
1605313800,81
1605314700,68
1605315600,64
1605316500,79
1605317400,90
1605318300,86
1605319200,79
1605320100,75
1605321000,75
1605321900,100
1605322800,84
1605323700,98
1605324600,115
1605325500,116
1605326400,103
1605327300,104
1605328200,74
1605329100,63
1605330000,71
1605330900,83
1605331800,94
1605332700,83
1605333600,142
1605334500,186
1605335400,230
1605336300,76
1605337200,324
1605338100,269
1605339000,126
1605339900,234
1605340800,230
1605341700,131
1605342600,128
1605343500,128
1605344400,133
1605345300,374
1605346200,475
1605347100,385
1605348000,292
1605348900,234
1605349800,290
1605350700,330
1605351600,451
1605352500,564
1605353400,206
1605354300,128
1605355200,153
1605356100,155
1605357000,150
1605357900,419
1605358800,203
1605359700,332
1605360600,580
1605361500,482
1605362400,223
1605363300,276
1605364200,258
1605365100,205
1605366000,195
1605366900,149
1605367800,517
1605368700,696
1605369600,482
1605370500,461
1605371400,380
1605372300,654
1605373200,548
1605374100,420
1605375000,287
1605375900,337
1605376800,426
1605377700,269
1605378600,248
1605379500,231
1605380400,218
1605381300,218
1605382200,209
1605383100,224
1605384000,336
1605384900,711
1605385800,332
1605386700,500
1605387600,172
1605388500,129
1605389400,143
1605390300,116
1605391200,139
1605392100,100
1605393000,148
1605393900,102
1605394800,105
1605395700,89
1605396600,78
1605397500,54
1605398400,53
1605399300,75
1605400200,53
1605401100,97
1605402000,94
1605402900,114
1605403800,91
1605404700,96
1605405600,64
1605406500,65
1605407400,51
1605408300,50
1605409200,75
1605410100,77
1605411000,80
1605411900,73
1605412800,97
1605413700,80
1605414600,262
1605415500,81
1605416400,101
1605417300,78
1605418200,123
1605419100,128
1605420000,138
1605420900,128
1605421800,77
1605422700,85
1605423600,82
1605424500,182
1605425400,138
1605426300,77
1605427200,169
1605428100,80
1605429000,80
1605429900,82
1605430800,83
1605431700,78
1605432600,144
1605433500,252
1605434400,213
1605435300,126
1605436200,144
1605437100,150
1605438000,93
1605438900,78
1605439800,67
1605440700,89
1605441600,95
1605442500,102
1605443400,93
1605444300,149
1605445200,106
1605446100,85
1605447000,79
1605447900,138
1605448800,87
1605449700,82
1605450600,125
1605451500,139
1605452400,128
1605453300,113
1605454200,113
1605455100,105
1605456000,86
1605456900,88
1605457800,94
1605458700,111
1605459600,123
1605460500,196
1605461400,252
1605462300,287
1605463200,244
1605464100,235
1605465000,219
1605465900,241
1605466800,185
1605467700,153
1605468600,151
1605469500,211
1605470400,201
1605471300,184
1605472200,195
1605473100,172
1605474000,168
1605474900,205
1605475800,218
1605476700,160
1605477600,135
1605478500,121
1605479400,65
1605480300,64
1605481200,49
1605482100,68
1605483000,72
1605483900,96
1605484800,84
1605485700,78
1605486600,80
1605487500,78
1605488400,64
1605489300,41
1605490200,58
1605491100,44
1605492000,49
1605492900,65
1605493800,82
1605494700,66
1605495600,74
1605496500,64
1605497400,79
1605498300,69
1605499200,75
1605500100,68
1605501000,73
1605501900,75
1605502800,71
1605503700,87
1605504600,76
1605505500,72
1605506400,63
1605507300,85
1605508200,264
1605509100,267
1605510000,215
1605510900,522
1605511800,221
1605512700,775
1605513600,129
1605514500,237
1605515400,662
1605516300,634
1605517200,627
1605518100,698
1605519000,151
1605519900,145
1605520800,233
1605521700,196
1605522600,206
1605523500,619
1605524400,909
1605525300,811
1605526200,721
1605527100,460
1605528000,149
1605528900,160
1605529800,137
1605530700,197
1605531600,156
1605532500,120
1605533400,118
1605534300,114
1605535200,122
1605536100,117
1605537000,136
1605537900,117
1605538800,125
1605539700,107
1605540600,162
1605541500,149
1605542400,152
1605543300,195
1605544200,172
1605545100,193
1605546000,479
1605546900,561
1605547800,695
1605548700,239
1605549600,205
1605550500,204
1605551400,202
1605552300,197
1605553200,225
1605554100,287
1605555000,260
1605555900,218
1605556800,183
1605557700,172
1605558600,163
1605559500,124
1605560400,111
1605561300,109
1605562200,80
1605563100,72
1605564000,88
1605564900,87
1605565800,108
1605566700,97
1605567600,108
1605568500,89
1605569400,104
1605570300,74
1605571200,79
1605572100,63
1605573000,53
1605573900,63
1605574800,89
1605575700,83
1605576600,75
1605577500,89
1605578400,85
1605579300,76
1605580200,52
1605581100,62
1605582000,60
1605582900,62
1605583800,93
1605584700,104
1605585600,100
1605586500,85
1605587400,97
1605588300,104
1605589200,67
1605590100,224
1605591000,181
1605591900,159
1605592800,139
1605593700,86
1605594600,71
1605595500,99
1605596400,79
1605597300,80
1605598200,62
1605599100,84
1605600000,63
1605600900,48
1605601800,40
1605602700,58
1605603600,54
1605604500,65
1605605400,245
1605606300,620
1605607200,446
1605608100,185
1605609000,414
1605609900,1101
1605610800,919
1605611700,308
1605612600,148
1605613500,150
1605614400,147
1605615300,297
1605616200,392
1605617100,1189
1605618000,1129
1605618900,976
1605619800,1032
1605620700,289
1605621600,187
1605622500,166
1605623400,183
1605624300,173
1605625200,188
1605626100,190
1605627000,268
1605627900,346
1605628800,219
1605629700,359
1605630600,215
1605631500,201
1605632400,122
1605633300,77
1605634200,68
1605635100,67
1605636000,57
1605636900,95
1605637800,121
1605638700,116
1605639600,119
1605640500,99
1605641400,98
1605642300,123
1605643200,113
1605644100,127
1605645000,115
1605645900,97
1605646800,95
1605647700,90
1605648600,81
1605649500,69
1605650400,95
1605651300,154
1605652200,188
1605653100,150
1605654000,147
1605654900,88
1605655800,98
1605656700,61
1605657600,69
1605658500,65
1605659400,77
1605660300,75
1605661200,86
1605662100,96
1605663000,96
1605663900,94
1605664800,84
1605665700,95
1605666600,94
1605667500,110
1605668400,80
1605669300,82
1605670200,68
1605671100,70
1605672000,84
1605672900,92
1605673800,105
1605674700,97
1605675600,99
1605676500,83
1605677400,98
1605678300,81
1605679200,90
1605680100,83
1605681000,237
1605681900,78
1605682800,94
1605683700,107
1605684600,120
1605685500,204
1605686400,148
1605687300,122
1605688200,129
1605689100,112
1605690000,135
1605690900,601
1605691800,701
1605692700,729
1605693600,439
1605694500,216
1605695400,326
1605696300,150
1605697200,222
1605698100,167
1605699000,175
1605699900,173
1605700800,156
1605701700,244
1605702600,338
1605703500,315
1605704400,139
1605705300,101
1605706200,91
1605707100,79
1605708000,71
1605708900,74
1605709800,85
1605710700,72
1605711600,100
1605712500,92
1605713400,115
1605714300,92
1605715200,85
1605716100,102
1605717000,296
1605717900,140
1605718800,172
1605719700,200
1605720600,103
1605721500,87
1605722400,146
1605723300,179
1605724200,173
1605725100,188
1605726000,157
1605726900,193
1605727800,221
1605728700,205
1605729600,228
1605730500,235
1605731400,210
1605732300,530
1605733200,242
1605734100,434
1605735000,150
1605735900,163
1605736800,126
1605737700,129
1605738600,113
1605739500,109
1605740400,122
1605741300,91
1605742200,97
1605743100,97
1605744000,102
1605744900,96
1605745800,99
1605746700,72
1605747600,80
1605748500,71
1605749400,68
1605750300,80
1605751200,97
1605752100,100
1605753000,87
1605753900,95
1605754800,98
1605755700,105
1605756600,94
1605757500,92
1605758400,67
1605759300,63
1605760200,55
1605761100,81
1605762000,304
1605762900,229
1605763800,234
1605764700,152
1605765600,162
1605766500,182
1605767400,125
1605768300,103
1605769200,123
1605770100,111
1605771000,110
1605771900,96
1605772800,245
1605773700,115
1605774600,178
1605775500,123
1605776400,130
1605777300,115
1605778200,95
1605779100,116
1605780000,144
1605780900,215
1605781800,237
1605782700,237
1605783600,182
1605784500,215
1605785400,177
1605786300,185
1605787200,202
1605788100,283
1605789000,155
1605789900,146
1605790800,162
1605791700,171
1605792600,177
1605793500,116
1605794400,114
1605795300,106
1605796200,87
1605797100,137
1605798000,135
1605798900,158
1605799800,166
1605800700,259
1605801600,247
1605802500,233
1605803400,266
1605804300,782
1605805200,302
1605806100,710
1605807000,372
1605807900,279
1605808800,126
1605809700,105
1605810600,98
1605811500,119
1605812400,105
1605813300,98
1605814200,124
1605815100,115
1605816000,124
1605816900,110
1605817800,96
1605818700,95
1605819600,98
1605820500,103
1605821400,74
1605822300,114
1605823200,118
1605824100,188
1605825000,115
1605825900,115
1605826800,107
1605827700,117
1605828600,85
1605829500,79
1605830400,90
1605831300,89
1605832200,105
1605833100,102
1605834000,113
1605834900,112
1605835800,106
1605836700,115
1605837600,124
1605838500,125
1605839400,93
1605840300,81
1605841200,75
1605842100,96
1605843000,99
1605843900,106
1605844800,97
1605845700,119
1605846600,97
1605847500,109
1605848400,262
1605849300,237
1605850200,136
1605851100,126
1605852000,126
1605852900,119
1605853800,147
1605854700,325
1605855600,161
1605856500,166
1605857400,60
1605858300,55
1605859200,190
1605860100,186
1605861000,74
1605861900,309
1605862800,108
1605863700,158
1605864600,344
1605865500,267
1605866400,128
1605867300,115
1605868200,97
1605869100,92
1605870000,86
1605870900,91
1605871800,100
1605872700,95
1605873600,103
1605874500,100
1605875400,116
1605876300,136
1605877200,502
1605878100,144
1605879000,126
1605879900,103
1605880800,136
1605881700,134
1605882600,124
1605883500,327
1605884400,398
1605885300,437
1605886200,370
1605887100,569
1605888000,271
1605888900,384
1605889800,153
1605890700,163
1605891600,168
1605892500,216
1605893400,453
1605894300,321
1605895200,186
1605896100,91
1605897000,58
1605897900,78
1605898800,56
1605899700,66
1605900600,59
1605901500,77
1605902400,62
1605903300,83
1605904200,82
1605905100,81
1605906000,58
1605906900,62
1605907800,51
1605908700,49
1605909600,39
1605910500,50
1605911400,99
1605912300,52
1605913200,40
1605914100,45
1605915000,56
1605915900,59
1605916800,67
1605917700,81
1605918600,94
1605919500,70
1605920400,47
1605921300,46
1605922200,55
1605923100,39
1605924000,48
1605924900,69
1605925800,74
1605926700,65
1605927600,68
1605928500,73
1605929400,60
1605930300,41
1605931200,57
1605932100,82
1605933000,92
1605933900,105
1605934800,122
1605935700,157
1605936600,370
1605937500,177
1605938400,280
1605939300,175
1605940200,193
1605941100,83
1605942000,44
1605942900,83
1605943800,64
1605944700,80
1605945600,84
1605946500,65
1605947400,46
1605948300,38
1605949200,46
1605950100,51
1605951000,46
1605951900,38
1605952800,75
1605953700,78
1605954600,85
1605955500,72
1605956400,72
1605957300,83
1605958200,84
1605959100,91
1605960000,86
1605960900,82
1605961800,56
1605962700,65
1605963600,65
1605964500,70
1605965400,58
1605966300,60
1605967200,70
1605968100,62
1605969000,66
1605969900,56
1605970800,73
1605971700,76
1605972600,81
1605973500,66
1605974400,73
1605975300,60
1605976200,60
1605977100,59
1605978000,64
1605978900,67
1605979800,56
1605980700,64
1605981600,65
1605982500,70
1605983400,57
1605984300,65
1605985200,64
1605986100,84
1605987000,73
1605987900,74
1605988800,67
1605989700,65
1605990600,66
1605991500,56
1605992400,71
1605993300,62
1605994200,46
1605995100,38
1605996000,52
1605996900,49
1605997800,44
1605998700,42
1605999600,60
1606000500,83
1606001400,73
1606002300,90
1606003200,52
1606004100,62
1606005000,39
1606005900,48
1606006800,39
1606007700,78
1606008600,65
1606009500,63
1606010400,70
1606011300,76
1606012200,57
1606013100,39
1606014000,47
1606014900,49
1606015800,57
1606016700,63
1606017600,83
1606018500,92
1606019400,74
1606020300,66
1606021200,56
1606022100,57
1606023000,41
1606023900,46
1606024800,38
1606025700,81
1606026600,71
1606027500,69
1606028400,66
1606029300,68
1606030200,78
1606031100,62
1606032000,57
1606032900,38
1606033800,60
1606034700,60
1606035600,88
1606036500,70
1606037400,80
1606038300,65
1606039200,62
1606040100,73
1606041000,86
1606041900,66
1606042800,56
1606043700,66
1606044600,66
1606045500,71
1606046400,56
1606047300,64
1606048200,65
1606049100,67
1606050000,65
1606050900,57
1606051800,79
1606052700,85
1606053600,87
1606054500,80
1606055400,89
1606056300,84
1606057200,61
1606058100,60
1606059000,55
1606059900,75
1606060800,59
1606061700,64
1606062600,57
1606063500,71
1606064400,65
1606065300,65
1606066200,72
1606067100,241
1606068000,239
1606068900,228
1606069800,228
1606070700,211
1606071600,279
1606072500,216
1606073400,179
1606074300,154
1606075200,182
1606076100,167
1606077000,164
1606077900,153
1606078800,181
1606079700,142
1606080600,66
1606081500,64
1606082400,70
1606083300,66
1606084200,59
1606085100,79
1606086000,110
1606086900,94
1606087800,77
1606088700,61
1606089600,66
1606090500,44
1606091400,45
1606092300,41
1606093200,72
1606094100,64
1606095000,68
1606095900,68
1606096800,70
1606097700,43
1606098600,38
1606099500,63
1606100400,64
1606101300,63
1606102200,53
1606103100,75
1606104000,70
1606104900,74
1606105800,70
1606106700,100
1606107600,69
1606108500,38
1606109400,47
1606110300,49
1606111200,78
1606112100,91
1606113000,364
1606113900,100
1606114800,297
1606115700,138
1606116600,62
1606117500,59
1606118400,455
1606119300,225
1606120200,89
1606121100,221
1606122000,616
1606122900,835
1606123800,1022
1606124700,345
1606125600,470
1606126500,183
1606127400,154
1606128300,98
1606129200,92
1606130100,73
1606131000,135
1606131900,60
1606132800,80
1606133700,89
1606134600,100
1606135500,386
1606136400,397
1606137300,400
1606138200,224
1606139100,84
1606140000,84
1606140900,89
1606141800,71
1606142700,78
1606143600,65
1606144500,75
1606145400,53
1606146300,63
1606147200,53
1606148100,78
1606149000,131
1606149900,188
1606150800,157
1606151700,174
1606152600,165
1606153500,163
1606154400,192
1606155300,182
1606156200,175
1606157100,159
1606158000,207
1606158900,217
1606159800,203
1606160700,181
1606161600,186
1606162500,176
1606163400,175
1606164300,193
1606165200,143
1606166100,103
1606167000,81
1606167900,80
1606168800,60
1606169700,67
1606170600,69
1606171500,56
1606172400,66
1606173300,61
1606174200,71
1606175100,56
1606176000,65
1606176900,60
1606177800,71
1606178700,57
1606179600,74
1606180500,83
1606181400,86
1606182300,86
1606183200,77
1606184100,95
1606185000,61
1606185900,61
1606186800,53
1606187700,71
1606188600,91
1606189500,92
1606190400,116
1606191300,114
1606192200,125
1606193100,102
1606194000,80
1606194900,72
1606195800,268
1606196700,876
1606197600,1197
1606198500,1219
1606199400,579
1606200300,122
1606201200,118
1606202100,147
1606203000,211
1606203900,88
1606204800,59
1606205700,321
1606206600,115
1606207500,435
1606208400,764
1606209300,1529
1606210200,1448
1606211100,1138
1606212000,712
1606212900,275
1606213800,157
1606214700,168
1606215600,176
1606216500,249
1606217400,147
1606218300,291
1606219200,337
1606220100,248
1606221000,306
1606221900,89
1606222800,95
1606223700,81
1606224600,89
1606225500,68
1606226400,75
1606227300,74
1606228200,81
1606229100,70
1606230000,69
1606230900,85
1606231800,75
1606232700,91
1606233600,85
1606234500,114
1606235400,178
1606236300,772
1606237200,786
1606238100,789
1606239000,735
1606239900,289
1606240800,272
1606241700,336
1606242600,321
1606243500,316
1606244400,348
1606245300,368
1606246200,325
1606247100,342
1606248000,225
1606248900,217
1606249800,213
1606250700,177
1606251600,198
1606252500,120
1606253400,123
1606254300,110
1606255200,130
1606256100,135
1606257000,129
1606257900,110
1606258800,85
1606259700,63
1606260600,52
1606261500,59
1606262400,59
1606263300,58
1606264200,47
1606265100,61
1606266000,58
1606266900,55
1606267800,54
1606268700,63
1606269600,57
1606270500,45
1606271400,54
1606272300,70
1606273200,69
1606274100,72
1606275000,58
1606275900,70
1606276800,75
1606277700,83
1606278600,86
1606279500,86
1606280400,73
1606281300,86
1606282200,76
1606283100,232
1606284000,101
1606284900,334
1606285800,376
1606286700,436
1606287600,206
1606288500,152
1606289400,151
1606290300,162
1606291200,111
1606292100,495
1606293000,588
1606293900,410
1606294800,400
1606295700,595
1606296600,739
1606297500,645
1606298400,513
1606299300,260
1606300200,136
1606301100,165
1606302000,162
1606302900,101
1606303800,120
1606304700,146
1606305600,134
1606306500,113
1606307400,101
1606308300,103
1606309200,154
1606310100,170
1606311000,155
1606311900,148
1606312800,122
1606313700,124
1606314600,115
1606315500,135
1606316400,116
1606317300,128
1606318200,165
1606319100,187
1606320000,249
1606320900,269
1606321800,222
1606322700,296
1606323600,270
1606324500,275
1606325400,261
1606326300,275
1606327200,252
1606328100,281
1606329000,244
1606329900,272
1606330800,285
1606331700,454
1606332600,548
1606333500,486
1606334400,222
1606335300,215
1606336200,211
1606337100,205
1606338000,132
1606338900,119
1606339800,99
1606340700,82
1606341600,101
1606342500,89
1606343400,61
1606344300,55
1606345200,68
1606346100,57
1606347000,52
1606347900,68
1606348800,55
1606349700,60
1606350600,54
1606351500,89
1606352400,66
1606353300,75
1606354200,58
1606355100,60
1606356000,58
1606356900,49
1606357800,68
1606358700,50
1606359600,57
1606360500,48
1606361400,70
1606362300,49
1606363200,84
1606364100,82
1606365000,89
1606365900,86
1606366800,109
1606367700,352
1606368600,250
1606369500,354
1606370400,118
1606371300,192
1606372200,115
1606373100,144
1606374000,121
1606374900,109
1606375800,95
1606376700,79
1606377600,70
1606378500,68
1606379400,46
1606380300,76
1606381200,93
1606382100,67
1606383000,76
1606383900,48
1606384800,169
1606385700,71
1606386600,211
1606387500,102
1606388400,156
1606389300,222
1606390200,162
1606391100,158
1606392000,151
1606392900,168
1606393800,112
1606394700,119
1606395600,116
1606396500,105
1606397400,102
1606398300,112
1606399200,95
1606400100,105
1606401000,87
1606401900,110
1606402800,124
1606403700,152
1606404600,226
1606405500,221
1606406400,201
1606407300,219
1606408200,192
1606409100,218
1606410000,198
1606410900,258
1606411800,218
1606412700,223
1606413600,214
1606414500,198
1606415400,200
1606416300,208
1606417200,249
1606418100,535
1606419000,340
1606419900,388
1606420800,158
1606421700,130
1606422600,151
1606423500,130
1606424400,130
1606425300,97
1606426200,152
1606427100,115
1606428000,117
1606428900,94
1606429800,100
1606430700,89
1606431600,96
1606432500,85
1606433400,82
1606434300,54
1606435200,50
1606436100,50
1606437000,49
1606437900,39
1606438800,55
1606439700,45
1606440600,49
1606441500,40
1606442400,60
1606443300,42
1606444200,71
1606445100,79
1606446000,102
1606446900,68
1606447800,57
1606448700,39
1606449600,61
1606450500,41
1606451400,48
1606452300,79
1606453200,284
1606454100,91
1606455000,116
1606455900,102
1606456800,119
1606457700,117
1606458600,143
1606459500,260
1606460400,388
1606461300,207
1606462200,120
1606463100,206
1606464000,279
1606464900,161
1606465800,121
1606466700,96
1606467600,150
1606468500,82
1606469400,198
1606470300,119
1606471200,154
1606472100,132
1606473000,158
1606473900,179
1606474800,163
1606475700,112
1606476600,118
1606477500,155
1606478400,99
1606479300,88
1606480200,192
1606481100,649
1606482000,210
1606482900,132
1606483800,143
1606484700,145
1606485600,118
1606486500,233
1606487400,144
1606488300,144
1606489200,142
1606490100,182
1606491000,209
1606491900,129
1606492800,138
1606493700,139
1606494600,198
1606495500,191
1606496400,272
1606497300,263
1606498200,697
1606499100,410
1606500000,436
1606500900,236
1606501800,208
1606502700,421
1606503600,234
1606504500,212
1606505400,195
1606506300,198
1606507200,195
1606508100,176
1606509000,139
1606509900,126
1606510800,93
1606511700,81
1606512600,39
1606513500,57
1606514400,58
1606515300,76
1606516200,55
1606517100,58
1606518000,52
1606518900,49
1606519800,49
1606520700,39
1606521600,58
1606522500,43
1606523400,49
1606524300,40
1606525200,61
1606526100,72
1606527000,67
1606527900,70
1606528800,78
1606529700,56
1606530600,39
1606531500,62
1606532400,118
1606533300,118
1606534200,125
1606535100,143
1606536000,136
1606536900,81
1606537800,67
1606538700,59
1606539600,60
1606540500,42
1606541400,51
1606542300,45
1606543200,86
1606544100,227
1606545000,387
1606545900,113
1606546800,171
1606547700,81
1606548600,61
1606549500,38
1606550400,139
1606551300,79
1606552200,103
1606553100,118
1606554000,139
1606554900,103
1606555800,85
1606556700,160
1606557600,426
1606558500,98
1606559400,124
1606560300,126
1606561200,138
1606562100,141
1606563000,140
1606563900,182
1606564800,149
1606565700,237
1606566600,171
1606567500,118
1606568400,203
1606569300,213
1606570200,227
1606571100,238
1606572000,354
1606572900,214
1606573800,199
1606574700,198
1606575600,202
1606576500,284
1606577400,303
1606578300,108
1606579200,85
1606580100,86
1606581000,66
1606581900,88
1606582800,68
1606583700,75
1606584600,69
1606585500,90
1606586400,69
1606587300,77
1606588200,74
1606589100,84
1606590000,69
1606590900,76
1606591800,77
1606592700,81
1606593600,70
1606594500,81
1606595400,92
1606596300,91
1606597200,77
1606598100,64
1606599000,51
1606599900,48
1606600800,39
1606601700,48
1606602600,105
1606603500,166
1606604400,79
1606605300,58
1606606200,56
1606607100,65
1606608000,64
1606608900,68
1606609800,79
1606610700,58
1606611600,44
1606612500,43
1606613400,74
1606614300,58
1606615200,74
1606616100,65
1606617000,85
1606617900,61
1606618800,123
1606619700,91
1606620600,85
1606621500,55
1606622400,56
1606623300,39
1606624200,73
1606625100,73
1606626000,71
1606626900,104
1606627800,149
1606628700,110
1606629600,139
1606630500,92
1606631400,125
1606632300,62
1606633200,64
1606634100,55
1606635000,70
1606635900,66
1606636800,160
1606637700,73
1606638600,86
1606639500,690
1606640400,470
1606641300,464
1606642200,334
1606643100,185
1606644000,203
1606644900,180
1606645800,213
1606646700,199
1606647600,642
1606648500,217
1606649400,619
1606650300,167
1606651200,144
1606652100,145
1606653000,169
1606653900,139
1606654800,129
1606655700,99
1606656600,127
1606657500,107
1606658400,113
1606659300,110
1606660200,142
1606661100,132
1606662000,146
1606662900,156
1606663800,251
1606664700,223
1606665600,230
1606666500,285
1606667400,265
1606668300,242
1606669200,235
1606670100,268
1606671000,265
1606671900,281
1606672800,268
1606673700,303
1606674600,302
1606675500,301
1606676400,264
1606677300,286
1606678200,260
1606679100,204
1606680000,216
1606680900,230
1606681800,214
1606682700,235
1606683600,195
1606684500,292
1606685400,129
1606686300,119
1606687200,137
1606688100,147
1606689000,144
1606689900,138
1606690800,98
1606691700,64
1606692600,58
1606693500,65
1606694400,63
1606695300,57
1606696200,53
1606697100,65
1606698000,48
1606698900,55
1606699800,56
1606700700,58
1606701600,47
1606702500,54
1606703400,61
1606704300,50
1606705200,45
1606706100,100
1606707000,76
1606707900,58
1606708800,61
1606709700,47
1606710600,66
1606711500,61
1606712400,71
1606713300,74
1606714200,267
1606715100,112
1606716000,185
1606716900,125
1606717800,625
1606718700,327
1606719600,443
1606720500,312
1606721400,389
1606722300,349
1606723200,536
1606724100,381
1606725000,246
1606725900,392
1606726800,667
1606727700,583
1606728600,292
1606729500,596
1606730400,678
1606731300,755
1606732200,592
1606733100,704
1606734000,735
1606734900,339
1606735800,277
1606736700,135
1606737600,141
1606738500,180
1606739400,757
1606740300,1247
1606741200,889
1606742100,647
1606743000,256
1606743900,129
1606744800,152
1606745700,134
1606746600,143
1606747500,109
1606748400,117
1606749300,117
1606750200,114
1606751100,124
1606752000,140
1606752900,181
1606753800,200
1606754700,677
1606755600,824
1606756500,790
1606757400,774
1606758300,320
1606759200,241
1606760100,220
1606761000,258
1606761900,252
1606762800,246
1606763700,255
1606764600,240
1606765500,247
1606766400,228
1606767300,196
1606768200,192
1606769100,206
1606770000,199
1606770900,198
1606771800,177
1606772700,155
1606773600,140
1606774500,159
1606775400,170
1606776300,149
1606777200,152
1606778100,133
1606779000,96
1606779900,80
1606780800,84
1606781700,82
1606782600,85
1606783500,72
1606784400,81
1606785300,94
1606786200,97
1606787100,89
1606788000,93
1606788900,86
1606789800,80
1606790700,76
1606791600,77
1606792500,89
1606793400,81
1606794300,79
1606795200,77
1606796100,91
1606797000,74
1606797900,82
1606798800,78
1606799700,136
1606800600,141
1606801500,162
1606802400,284
1606803300,302
1606804200,162
1606805100,176
1606806000,231
1606806900,558
1606807800,750
1606808700,380
1606809600,379
1606810500,345
1606811400,352
1606812300,271
1606813200,293
1606814100,347
1606815000,283
1606815900,310
1606816800,455
1606817700,402
1606818600,231
1606819500,230
1606820400,713
1606821300,188
1606822200,337
1606823100,109
1606824000,226
1606824900,500
1606825800,372
1606826700,202
1606827600,159
1606828500,155
1606829400,104
1606830300,120
1606831200,415
1606832100,593
1606833000,290
1606833900,190
1606834800,217
1606835700,238
1606836600,411
1606837500,824
1606838400,681
1606839300,272
1606840200,275
1606841100,233
1606842000,254
1606842900,460
1606843800,818
1606844700,745
1606845600,506
1606846500,185
1606847400,180
1606848300,170
1606849200,321
1606850100,271
1606851000,255
1606851900,220
1606852800,160
1606853700,133
1606854600,131
1606855500,104
1606856400,114
1606857300,90
1606858200,98
1606859100,88
1606860000,111
1606860900,90
1606861800,87
1606862700,69
1606863600,57
1606864500,38
1606865400,47
1606866300,47
1606867200,51
1606868100,39
1606869000,46
1606869900,51
1606870800,47
1606871700,39
1606872600,47
1606873500,52
1606874400,48
1606875300,52
1606876200,67
1606877100,72
1606878000,2539
1606878900,2570
1606879800,2571
1606880700,1431
1606881600,1022
1606882500,1161
1606883400,880
1606884300,944
1606885200,938
1606886100,882
1606887000,191
1606887900,196
1606888800,234
1606889700,151
1606890600,161
1606891500,181
1606892400,143
1606893300,110
1606894200,90
1606895100,114
1606896000,118
1606896900,319
1606897800,515
1606898700,302
1606899600,77
1606900500,215
1606901400,497
1606902300,590
1606903200,342
1606904100,106
1606905000,370
1606905900,128
1606906800,109
1606907700,159
1606908600,138
1606909500,115
1606910400,123
1606911300,112
1606912200,113
1606913100,95
1606914000,132
1606914900,103
1606915800,215
1606916700,192
1606917600,130
1606918500,142
1606919400,335
1606920300,347
1606921200,403
1606922100,192
1606923000,253
1606923900,249
1606924800,553
1606925700,193
1606926600,223
1606927500,210
1606928400,231
1606929300,320
1606930200,231
1606931100,206
1606932000,196
1606932900,189
1606933800,183
1606934700,144
1606935600,184
1606936500,194
1606937400,175
1606938300,168
1606939200,173
1606940100,166
1606941000,154
1606941900,146
1606942800,128
1606943700,97
1606944600,72
1606945500,98
1606946400,94
1606947300,81
1606948200,73
1606949100,87
1606950000,64
1606950900,56
1606951800,47
1606952700,60
1606953600,47
1606954500,39
1606955400,47
1606956300,72
1606957200,71
1606958100,62
1606959000,71
1606959900,63
1606960800,47
1606961700,39
1606962600,64
1606963500,66
1606964400,68
1606965300,72
1606966200,68
1606967100,75
1606968000,64
1606968900,72
1606969800,70
1606970700,84
1606971600,308
1606972500,132
1606973400,100
1606974300,133
1606975200,342
1606976100,175
1606977000,158
1606977900,124
1606978800,91
1606979700,68
1606980600,91
1606981500,67
1606982400,102
1606983300,101
1606984200,125
1606985100,101
1606986000,93
1606986900,95
1606987800,106
1606988700,92
1606989600,82
1606990500,126
1606991400,147
1606992300,229
1606993200,165
1606994100,231
1606995000,188
1606995900,187
1606996800,183
1606997700,143
1606998600,135
1606999500,112
1607000400,125
1607001300,100
1607002200,117
1607003100,91
1607004000,157
1607004900,140
1607005800,158
1607006700,135
1607007600,143
1607008500,141
1607009400,150
1607010300,168
1607011200,152
1607012100,226
1607013000,216
1607013900,226
1607014800,254
1607015700,246
1607016600,213
1607017500,273
1607018400,310
1607019300,302
1607020200,282
1607021100,273
1607022000,296
1607022900,212
1607023800,204
1607024700,264
1607025600,283
1607026500,261
1607027400,241
1607028300,243
1607029200,224
1607030100,143
1607031000,201
1607031900,139
1607032800,129
1607033700,107
1607034600,57
1607035500,48
1607036400,40
1607037300,56
1607038200,46
1607039100,49
1607040000,41
1607040900,60
1607041800,41
1607042700,47
1607043600,47
1607044500,52
1607045400,49
1607046300,56
1607047200,78
1607048100,56
1607049000,65
1607049900,63
1607050800,84
1607051700,72
1607052600,103
1607053500,77
1607054400,86
1607055300,73
1607056200,41
1607057100,66
1607058000,254
1607058900,101
1607059800,133
1607060700,210
1607061600,432
1607062500,407
1607063400,143
1607064300,211
1607065200,132
1607066100,127
1607067000,374
1607067900,640
1607068800,338
1607069700,300
1607070600,134
1607071500,174
1607072400,119
1607073300,129
1607074200,171
1607075100,111
1607076000,127
1607076900,124
1607077800,125
1607078700,199
1607079600,167
1607080500,196
1607081400,111
1607082300,115
1607083200,102
1607084100,112
1607085000,310
1607085900,130
1607086800,112
1607087700,412
1607088600,167
1607089500,150
1607090400,185
1607091300,154
1607092200,161
1607093100,114
1607094000,107
1607094900,132
1607095800,131
1607096700,98
1607097600,103
1607098500,105
1607099400,149
1607100300,194
1607101200,150
1607102100,204
1607103000,232
1607103900,255
1607104800,216
1607105700,199
1607106600,215
1607107500,283
1607108400,280
1607109300,280
1607110200,257
1607111100,262
1607112000,273
1607112900,268
1607113800,285
1607114700,221
1607115600,220
1607116500,182
1607117400,148
1607118300,122
1607119200,112
1607120100,85
1607121000,70
1607121900,52
1607122800,40
1607123700,47
1607124600,51
1607125500,48
1607126400,38
1607127300,56
1607128200,45
1607129100,45
1607130000,98
1607130900,91
1607131800,74
1607132700,49
1607133600,62
1607134500,55
1607135400,59
1607136300,50
1607137200,73
1607138100,76
1607139000,73
1607139900,88
1607140800,149
1607141700,89
1607142600,86
1607143500,100
1607144400,97
1607145300,75
1607146200,92
1607147100,107
1607148000,85
1607148900,100
1607149800,279
1607150700,192
1607151600,685
1607152500,224
1607153400,97
1607154300,127
1607155200,172
1607156100,116
1607157000,432
1607157900,418
1607158800,343
1607159700,608
1607160600,655
1607161500,681
1607162400,204
1607163300,389
1607164200,90
1607165100,139
1607166000,136
1607166900,132
1607167800,114
1607168700,129
1607169600,150
1607170500,221
1607171400,206
1607172300,299
1607173200,169
1607174100,169
1607175000,166
1607175900,155
1607176800,146
1607177700,117
1607178600,160
1607179500,174
1607180400,166
1607181300,362
1607182200,198
1607183100,352
1607184000,240
1607184900,208
1607185800,266
1607186700,288
1607187600,252
1607188500,243
1607189400,239
1607190300,224
1607191200,260
1607192100,317
1607193000,338
1607193900,216
1607194800,218
1607195700,231
1607196600,196
1607197500,153
1607198400,151
1607199300,152
1607200200,168
1607201100,200
1607202000,210
1607202900,160
1607203800,120
1607204700,135
1607205600,101
1607206500,61
1607207400,52
1607208300,65
1607209200,50
1607210100,49
1607211000,67
1607211900,49
1607212800,58
1607213700,48
1607214600,70
1607215500,50
1607216400,56
1607217300,59
1607218200,121
1607219100,83
1607220000,76
1607220900,93
1607221800,62
1607222700,74
1607223600,107
1607224500,75
1607225400,56
1607226300,66
1607227200,67
1607228100,65
1607229000,59
1607229900,70
1607230800,98
1607231700,78
1607232600,89
1607233500,75
1607234400,100
1607235300,114
1607236200,120
1607237100,113
1607238000,367
1607238900,577
1607239800,377
1607240700,394
1607241600,251
1607242500,69
1607243400,54
1607244300,73
1607245200,57
1607246100,122
1607247000,955
1607247900,882
1607248800,359
1607249700,229
1607250600,319
1607251500,440
1607252400,470
1607253300,239
1607254200,176
1607255100,183
1607256000,138
1607256900,124
1607257800,174
1607258700,242
1607259600,124
1607260500,104
1607261400,107
1607262300,148
1607263200,128
1607264100,120
1607265000,161
1607265900,187
1607266800,168
1607267700,223
1607268600,216
1607269500,214
1607270400,218
1607271300,228
1607272200,163
1607273100,207
1607274000,232
1607274900,300
1607275800,315
1607276700,308
1607277600,316
1607278500,299
1607279400,269
1607280300,249
1607281200,234
1607282100,227
1607283000,221
1607283900,217
1607284800,198
1607285700,214
1607286600,227
1607287500,203
1607288400,256
1607289300,145
1607290200,148
1607291100,133
1607292000,81
1607292900,63
1607293800,85
1607294700,64
1607295600,71
1607296500,69
1607297400,76
1607298300,68
1607299200,64
1607300100,76
1607301000,41
1607301900,49
1607302800,58
1607303700,77
1607304600,57
1607305500,51
1607306400,44
1607307300,56
1607308200,45
1607309100,41
1607310000,56
1607310900,47
1607311800,68
1607312700,62
1607313600,81
1607314500,65
1607315400,58
1607316300,47
1607317200,64
1607318100,62
1607319000,76
1607319900,145
1607320800,384
1607321700,161
1607322600,282
1607323500,167
1607324400,96
1607325300,54
1607326200,38
1607327100,39
1607328000,75
1607328900,57
1607329800,71
1607330700,57
1607331600,82
1607332500,59
1607333400,76
1607334300,53
1607335200,72
1607336100,46
1607337000,56
1607337900,61
1607338800,69
1607339700,198
1607340600,83
1607341500,237
1607342400,221
1607343300,207
1607344200,103
1607345100,97
1607346000,107
1607346900,134
1607347800,372
1607348700,613
1607349600,543
1607350500,76
1607351400,81
1607352300,77
1607353200,110
1607354100,86
1607355000,123
1607355900,89
1607356800,159
1607357700,665
1607358600,1353
1607359500,1303
1607360400,1287
1607361300,1278
1607362200,854
1607363100,354
1607364000,288
1607364900,354
1607365800,327
1607366700,771
1607367600,863
1607368500,838
1607369400,658
1607370300,298
1607371200,317
1607372100,262
1607373000,210
1607373900,158
1607374800,201
1607375700,130
1607376600,123
1607377500,95
1607378400,74
1607379300,59
1607380200,65
1607381100,67
1607382000,65
1607382900,67
1607383800,59
1607384700,75
1607385600,65
1607386500,64
1607387400,55
1607388300,70
1607389200,39
1607390100,60
1607391000,52
1607391900,69
1607392800,57
1607393700,57
1607394600,65
1607395500,73
1607396400,59
1607397300,37
1607398200,42
1607399100,47
1607400000,45
1607400900,36
1607401800,59
1607402700,71
1607403600,58
1607404500,65
1607405400,92
1607406300,157
1607407200,189
1607408100,115
1607409000,589
1607409900,878
1607410800,595
1607411700,517
1607412600,229
1607413500,111
1607414400,242
1607415300,287
1607416200,283
1607417100,534
1607418000,354
1607418900,848
1607419800,529
1607420700,464
1607421600,145
1607422500,563
1607423400,200
1607424300,256
1607425200,91
1607426100,67
1607427000,94
1607427900,99
1607428800,91
1607429700,89
1607430600,92
1607431500,122
1607432400,101
1607433300,105
1607434200,117
1607435100,126
1607436000,98
1607436900,106
1607437800,95
1607438700,120
1607439600,145
1607440500,185
1607441400,195
1607442300,386
1607443200,507
1607444100,152
1607445000,172
1607445900,180
1607446800,185
1607447700,253
1607448600,204
1607449500,205
1607450400,206
1607451300,620
1607452200,625
1607453100,371
1607454000,389
1607454900,388
1607455800,329
1607456700,315
1607457600,300
1607458500,304
1607459400,341
1607460300,303
1607461200,281
1607462100,312
1607463000,251
1607463900,171
1607464800,184
1607465700,177
1607466600,164
1607467500,206
1607468400,85
1607469300,68
1607470200,85
1607471100,75
1607472000,92
1607472900,62
1607473800,62
1607474700,70
1607475600,70
1607476500,70
1607477400,61
1607478300,78
1607479200,64
1607480100,69
1607481000,59
1607481900,79
1607482800,59
1607483700,60
1607484600,65
1607485500,97
1607486400,104
1607487300,94
1607488200,97
1607489100,71
1607490000,66
1607490900,61
1607491800,70
1607492700,84
1607493600,325
1607494500,347
1607495400,139
1607496300,175
1607497200,143
1607498100,78
1607499000,202
1607499900,282
1607500800,565
1607501700,229
1607502600,261
1607503500,181
1607504400,461
1607505300,413
1607506200,266
1607507100,322
1607508000,320
1607508900,519
1607509800,185
1607510700,81
1607511600,73
1607512500,69
1607513400,104
1607514300,90
1607515200,123
1607516100,110
1607517000,111
1607517900,99
1607518800,155
1607519700,149
1607520600,142
1607521500,341
1607522400,179
1607523300,161
1607524200,433
1607525100,172
1607526000,178
1607526900,197
1607527800,203
1607528700,417
1607529600,667
1607530500,396
1607531400,228
1607532300,218
1607533200,271
1607534100,243
1607535000,262
1607535900,220
1607536800,224
1607537700,203
1607538600,213
1607539500,206
1607540400,231
1607541300,238
1607542200,225
1607543100,214
1607544000,198
1607544900,169
1607545800,180
1607546700,117
1607547600,105
1607548500,104
1607549400,102
1607550300,143
1607551200,91
1607552100,92
1607553000,88
1607553900,67
1607554800,76
1607555700,79
1607556600,72
1607557500,69
1607558400,66
1607559300,81
1607560200,57
1607561100,68
1607562000,59
1607562900,83
1607563800,58
1607564700,78
1607565600,76
1607566500,85
1607567400,97
1607568300,102
1607569200,109
1607570100,125
1607571000,117
1607571900,112
1607572800,93
1607573700,69
1607574600,55
1607575500,62
1607576400,239
1607577300,159
1607578200,96
1607579100,143
1607580000,354
1607580900,505
1607581800,137
1607582700,443
1607583600,260
1607584500,433
1607585400,54
1607586300,38
1607587200,72
1607588100,70
1607589000,73
1607589900,60
1607590800,67
1607591700,68
1607592600,121
1607593500,169
1607594400,117
1607595300,136
1607596200,155
1607597100,162
1607598000,143
1607598900,185
1607599800,140
1607600700,140
1607601600,128
1607602500,109
1607603400,143
1607604300,160
1607605200,140
1607606100,127
1607607000,148
1607607900,116
1607608800,100
1607609700,89
1607610600,145
1607611500,152
1607612400,141
1607613300,165
1607614200,171
1607615100,172
1607616000,227
1607616900,204
1607617800,169
1607618700,172
1607619600,248
1607620500,205
1607621400,227
1607622300,227
1607623200,215
1607624100,259
1607625000,240
1607625900,236
1607626800,269
1607627700,260
1607628600,248
1607629500,281
1607630400,257
1607631300,233
1607632200,308
1607633100,155
1607634000,168
1607634900,163
1607635800,132
1607636700,111
1607637600,117
1607638500,108
1607639400,111
1607640300,64
1607641200,57
1607642100,50
1607643000,62
1607643900,64
1607644800,67
1607645700,56
1607646600,42
1607647500,56
1607648400,41
1607649300,48
1607650200,38
1607651100,60
1607652000,38
1607652900,48
1607653800,39
1607654700,73
1607655600,63
1607656500,61
1607657400,68
1607658300,83
1607659200,81
1607660100,50
1607661000,61
1607661900,74
1607662800,220
1607663700,78
1607664600,122
1607665500,175
1607666400,341
1607667300,214
1607668200,146
1607669100,172
1607670000,231
1607670900,139
1607671800,255
1607672700,274
1607673600,119
1607674500,144
1607675400,186
1607676300,280
1607677200,115
1607678100,209
1607679000,158
1607679900,92
1607680800,89
1607681700,66
1607682600,125
1607683500,121
1607684400,118
1607685300,132
1607686200,167
1607687100,268
1607688000,111
1607688900,122
1607689800,81
1607690700,552
1607691600,661
1607692500,243
1607693400,114
1607694300,120
1607695200,124
1607696100,73
1607697000,78
1607697900,77
1607698800,81
1607699700,77
1607700600,93
1607701500,77
1607702400,83
1607703300,79
1607704200,141
1607705100,194
1607706000,936
1607706900,2349
1607707800,3649
1607708700,3050
1607709600,2125
1607710500,1654
1607711400,1380
1607712300,1212
1607713200,1168
1607714100,1382
1607715000,1200
1607715900,299
1607716800,148
1607717700,120
1607718600,123
1607719500,93
1607720400,72
1607721300,62
1607722200,66
1607723100,62
1607724000,58
1607724900,64
1607725800,88
1607726700,84
1607727600,77
1607728500,89
1607729400,81
1607730300,52
1607731200,39
1607732100,59
1607733000,38
1607733900,48
1607734800,43
1607735700,52
1607736600,42
1607737500,40
1607738400,62
1607739300,57
1607740200,62
1607741100,56
1607742000,62
1607742900,38
1607743800,47
1607744700,53
1607745600,78
1607746500,75
1607747400,80
1607748300,88
1607749200,52
1607750100,50
1607751000,47
1607751900,90
1607752800,145
1607753700,163
1607754600,213
1607755500,388
1607756400,536
1607757300,679
1607758200,672
1607759100,641
1607760000,617
1607760900,120
1607761800,112
1607762700,98
1607763600,94
1607764500,98
1607765400,93
1607766300,74
1607767200,82
1607768100,70
1607769000,108
1607769900,143
1607770800,169
1607771700,120
1607772600,246
1607773500,1097
1607774400,1241
1607775300,900
1607776200,637
1607777100,620
1607778000,135
1607778900,108
1607779800,171
1607780700,146
1607781600,209
1607782500,399
1607783400,1081
1607784300,828
1607785200,747
1607786100,836
1607787000,862
1607787900,1017
1607788800,766
1607789700,274
1607790600,207
1607791500,173
1607792400,167
1607793300,174
1607794200,162
1607795100,191
1607796000,151
1607796900,279
1607797800,158
1607798700,151
1607799600,161
1607800500,146
1607801400,149
1607802300,149
1607803200,120
1607804100,129
1607805000,131
1607805900,125
1607806800,111
1607807700,116
1607808600,69
1607809500,72
1607810400,73
1607811300,72
1607812200,66
1607813100,74
1607814000,89
1607814900,76
1607815800,85
1607816700,85
1607817600,77
1607818500,66
1607819400,98
1607820300,118
1607821200,231
1607822100,184
1607823000,117
1607823900,129
1607824800,114
1607825700,120
1607826600,99
1607827500,101
1607828400,78
1607829300,73
1607830200,66
1607831100,74
1607832000,78
1607832900,66
1607833800,73
1607834700,79
1607835600,75
1607836500,67
1607837400,85
1607838300,86
1607839200,82
1607840100,90
1607841000,105
1607841900,94
1607842800,80
1607843700,100
1607844600,152
1607845500,150
1607846400,109
1607847300,106
1607848200,73
1607849100,77
1607850000,71
1607850900,162
1607851800,630
1607852700,199
1607853600,157
1607854500,160
1607855400,135
1607856300,123
1607857200,138
1607858100,123
1607859000,97
1607859900,103
1607860800,104
1607861700,160
1607862600,93
1607863500,100
1607864400,86
1607865300,212
1607866200,105
1607867100,125
1607868000,120
1607868900,70
1607869800,90
1607870700,87
1607871600,96
1607872500,93
1607873400,112
1607874300,87
1607875200,83
1607876100,90
1607877000,81
1607877900,86
1607878800,78
1607879700,98
1607880600,77
1607881500,86
1607882400,87
1607883300,434
1607884200,289
1607885100,197
1607886000,225
1607886900,207
1607887800,217
1607888700,219
1607889600,229
1607890500,530
1607891400,231
1607892300,473
1607893200,182
1607894100,141
1607895000,91
1607895900,82
1607896800,79
1607897700,73
1607898600,80
1607899500,85
1607900400,79
1607901300,90
1607902200,80
1607903100,61
1607904000,69
1607904900,74
1607905800,70
1607906700,61
1607907600,77
1607908500,68
1607909400,69
1607910300,63
1607911200,73
1607912100,68
1607913000,61
1607913900,74
1607914800,76
1607915700,85
1607916600,76
1607917500,94
1607918400,65
1607919300,71
1607920200,74
1607921100,79
1607922000,69
1607922900,52
1607923800,73
1607924700,102
1607925600,282
1607926500,241
1607927400,349
1607928300,422
1607929200,303
1607930100,554
1607931000,317
1607931900,139
1607932800,342
1607933700,268
1607934600,156
1607935500,143
1607936400,154
1607937300,562
1607938200,580
1607939100,718
1607940000,301
1607940900,141
1607941800,289
1607942700,350
1607943600,149
1607944500,177
1607945400,118
1607946300,111
1607947200,119
1607948100,121
1607949000,122
1607949900,148
1607950800,184
1607951700,276
1607952600,100
1607953500,92
1607954400,141
1607955300,494
1607956200,177
1607957100,181
1607958000,170
1607958900,199
1607959800,379
1607960700,470
1607961600,214
1607962500,221
1607963400,223
1607964300,206
1607965200,198
1607966100,242
1607967000,303
1607967900,202
1607968800,251
1607969700,286
1607970600,684
1607971500,263
1607972400,543
1607973300,276
1607974200,286
1607975100,273
1607976000,266
1607976900,154
1607977800,155
1607978700,177
1607979600,268
1607980500,137
1607981400,115
1607982300,107
1607983200,61
1607984100,68
1607985000,78
1607985900,54
1607986800,73
1607987700,81
1607988600,76
1607989500,67
1607990400,77
1607991300,53
1607992200,59
1607993100,56
1607994000,68
1607994900,55
1607995800,53
1607996700,72
1607997600,53
1607998500,62
1607999400,56
1608000300,71
1608001200,53
1608002100,77
1608003000,85
1608003900,83
1608004800,79
1608005700,95
1608006600,110
1608007500,72
1608008400,64
1608009300,59
1608010200,81
1608011100,101
1608012000,119
1608012900,283
1608013800,112
1608014700,97
1608015600,105
1608016500,115
1608017400,139
1608018300,154
1608019200,127
1608020100,224
1608021000,261
1608021900,372
1608022800,411
1608023700,187
1608024600,249
1608025500,200
1608026400,150
1608027300,231
1608028200,171
1608029100,119
1608030000,129
1608030900,193
1608031800,128
1608032700,323
1608033600,333
1608034500,388
1608035400,111
1608036300,251
1608037200,169
1608038100,155
1608039000,135
1608039900,162
1608040800,164
1608041700,143
1608042600,130
1608043500,168
1608044400,168
1608045300,170
1608046200,185
1608047100,180
1608048000,208
1608048900,223
1608049800,208
1608050700,197
1608051600,208
1608052500,254
1608053400,218
1608054300,218
1608055200,214
1608056100,224
1608057000,195
1608057900,208
1608058800,220
1608059700,203
1608060600,192
1608061500,194
1608062400,199
1608063300,201
1608064200,348
1608065100,179
1608066000,141
1608066900,114
1608067800,112
1608068700,87
1608069600,66
1608070500,61
1608071400,47
1608072300,51
1608073200,39
1608074100,57
1608075000,37
1608075900,45
1608076800,50
1608077700,41
1608078600,58
1608079500,58
1608080400,72
1608081300,51
1608082200,47
1608083100,49
1608084000,49
1608084900,55
1608085800,64
1608086700,79
1608087600,62
1608088500,69
1608089400,60
1608090300,52
1608091200,50
1608092100,52
1608093000,73
1608093900,92
1608094800,98
1608095700,92
1608096600,115
1608097500,281
1608098400,85
1608099300,230
1608100200,114
1608101100,119
1608102000,139
1608102900,180
1608103800,672
1608104700,265
1608105600,662
1608106500,569
1608107400,439
1608108300,939
1608109200,809
1608110100,779
1608111000,720
1608111900,751
1608112800,230
1608113700,392
1608114600,320
1608115500,464
1608116400,746
1608117300,364
1608118200,277
1608119100,131
1608120000,613
1608120900,231
1608121800,138
1608122700,132
1608123600,131
1608124500,132
1608125400,160
1608126300,165
1608127200,166
1608128100,339
1608129000,314
1608129900,132
1608130800,137
1608131700,189
1608132600,257
1608133500,282
1608134400,222
1608135300,209
1608136200,216
1608137100,201
1608138000,174
1608138900,195
1608139800,222
1608140700,184
1608141600,240
1608142500,250
1608143400,195
1608144300,201
1608145200,227
1608146100,232
1608147000,281
1608147900,167
1608148800,175
1608149700,171
1608150600,172
1608151500,180
1608152400,144
1608153300,127
1608154200,117
1608155100,102
1608156000,98
1608156900,104
1608157800,97
1608158700,59
1608159600,55
1608160500,74
1608161400,61
1608162300,61
1608163200,67
1608164100,61
1608165000,67
1608165900,78
1608166800,89
1608167700,71
1608168600,78
1608169500,74
1608170400,65
1608171300,55
1608172200,63
1608173100,92
1608174000,65
1608174900,59
1608175800,93
1608176700,93
1608177600,85
1608178500,65
1608179400,84
1608180300,111
1608181200,237
1608182100,236
1608183000,112
1608183900,135
1608184800,127
1608185700,120
1608186600,133
1608187500,123
1608188400,202
1608189300,82
1608190200,91
1608191100,187
1608192000,408
1608192900,384
1608193800,162
1608194700,106
1608195600,105
1608196500,107
1608197400,132
1608198300,211
1608199200,203
1608200100,155
1608201000,172
1608201900,178
1608202800,170
1608203700,168
1608204600,121
1608205500,114
1608206400,108
1608207300,114
1608208200,94
1608209100,99
1608210000,102
1608210900,122
1608211800,110
1608212700,116
1608213600,122
1608214500,132
1608215400,151
1608216300,134
1608217200,159
1608218100,170
1608219000,227
1608219900,290
1608220800,269
1608221700,463
1608222600,234
1608223500,257
1608224400,212
1608225300,234
1608226200,282
1608227100,232
1608228000,194
1608228900,198
1608229800,228
1608230700,234
1608231600,192
1608232500,201
1608233400,201
1608234300,187
1608235200,168
1608236100,217
1608237000,178
1608237900,176
1608238800,176
1608239700,157
1608240600,139
1608241500,114
1608242400,102
1608243300,70
1608244200,78
1608245100,82
1608246000,77
1608246900,69
1608247800,79
1608248700,77
1608249600,73
1608250500,66
1608251400,85
1608252300,69
1608253200,68
1608254100,74
1608255000,82
1608255900,92
1608256800,84
1608257700,98
1608258600,78
1608259500,75
1608260400,67
1608261300,88
1608262200,68
1608263100,95
1608264000,90
1608264900,104
1608265800,100
1608266700,115
1608267600,124
1608268500,234
1608269400,153
1608270300,254
1608271200,438
1608272100,214
1608273000,210
1608273900,193
1608274800,124
1608275700,265
1608276600,132
1608277500,111
1608278400,146
1608279300,107
1608280200,77
1608281100,62
1608282000,79
1608282900,126
1608283800,76
1608284700,93
1608285600,94
1608286500,113
1608287400,219
1608288300,120
1608289200,377
1608290100,250
1608291000,420
1608291900,156
1608292800,170
1608293700,98
1608294600,77
1608295500,66
1608296400,99
1608297300,83
1608298200,88
1608299100,86
1608300000,85
1608300900,66
1608301800,75
1608302700,74
1608303600,80
1608304500,78
1608305400,76
1608306300,96
1608307200,77
1608308100,85
1608309000,88
1608309900,178
1608310800,219
1608311700,231
1608312600,656
1608313500,522
1608314400,315
1608315300,340
1608316200,348
1608317100,347
1608318000,329
1608318900,216
1608319800,206
1608320700,209
1608321600,211
1608322500,200
1608323400,202
1608324300,194
1608325200,218
1608326100,188
1608327000,181
1608327900,132
1608328800,106
1608329700,110
1608330600,94
1608331500,78
1608332400,77
1608333300,82
1608334200,78
1608335100,70
1608336000,85
1608336900,78
1608337800,69
1608338700,60
1608339600,92
1608340500,113
1608341400,120
1608342300,96
1608343200,117
1608344100,61
1608345000,66
1608345900,71
1608346800,94
1608347700,88
1608348600,95
1608349500,86
1608350400,92
1608351300,85
1608352200,80
1608353100,91
1608354000,91
1608354900,87
1608355800,72
1608356700,81
1608357600,76
1608358500,112
1608359400,270
1608360300,349
1608361200,658
1608362100,173
1608363000,482
1608363900,167
1608364800,142
1608365700,163
1608366600,284
1608367500,309
1608368400,221
1608369300,363
1608370200,607
1608371100,893
1608372000,831
1608372900,697
1608373800,650
1608374700,199
1608375600,448
1608376500,127
1608377400,157
1608378300,97
1608379200,195
1608380100,1024
1608381000,1382
1608381900,1034
1608382800,741
1608383700,712
1608384600,406
1608385500,768
1608386400,260
1608387300,184
1608388200,538
1608389100,829
1608390000,794
1608390900,827
1608391800,619
1608392700,299
1608393600,319
1608394500,384
1608395400,371
1608396300,311
1608397200,296
1608398100,233
1608399000,252
1608399900,240
1608400800,286
1608401700,210
1608402600,160
1608403500,175
1608404400,161
1608405300,180
1608406200,133
1608407100,152
1608408000,151
1608408900,136
1608409800,138
1608410700,124
1608411600,140
1608412500,129
1608413400,54
1608414300,44
1608415200,58
1608416100,50
1608417000,68
1608417900,61
1608418800,77
1608419700,57
1608420600,61
1608421500,54
1608422400,52
1608423300,43
1608424200,57
1608425100,52
1608426000,51
1608426900,47
1608427800,70
1608428700,66
1608429600,67
1608430500,93
1608431400,95
1608432300,81
1608433200,78
1608434100,89
1608435000,79
1608435900,73
1608436800,51
1608437700,72
1608438600,63
1608439500,85
1608440400,86
1608441300,107
1608442200,76
1608443100,86
1608444000,80
1608444900,100
1608445800,77
1608446700,98
1608447600,121
1608448500,189
1608449400,78
1608450300,189
1608451200,120
1608452100,108
1608453000,265
1608453900,134
1608454800,287
1608455700,572
1608456600,513
1608457500,665
1608458400,221
1608459300,284
1608460200,202
1608461100,147
1608462000,119
1608462900,168
1608463800,122
1608464700,138
1608465600,108
1608466500,99
1608467400,72
1608468300,80
1608469200,204
1608470100,210
1608471000,333
1608471900,178
1608472800,146
1608473700,140
1608474600,112
1608475500,95
1608476400,114
1608477300,116
1608478200,127
1608479100,192
1608480000,251
1608480900,272
1608481800,284
1608482700,328
1608483600,319
1608484500,254
1608485400,298
1608486300,308
1608487200,319
1608488100,453
1608489000,312
1608489900,340
1608490800,313
1608491700,262
1608492600,216
1608493500,209
1608494400,191
1608495300,200
1608496200,148
1608497100,100
1608498000,86
1608498900,86
1608499800,75
1608500700,60
1608501600,52
1608502500,67
1608503400,58
1608504300,57
1608505200,54
1608506100,66
1608507000,58
1608507900,58
1608508800,78
1608509700,160
1608510600,94
1608511500,84
1608512400,70
1608513300,62
1608514200,61
1608515100,64
1608516000,89
1608516900,81
1608517800,78
1608518700,80
1608519600,82
1608520500,88
1608521400,75
1608522300,80
1608523200,76
1608524100,79
1608525000,76
1608525900,84
1608526800,84
1608527700,86
1608528600,101
1608529500,295
1608530400,139
1608531300,368
1608532200,179
1608533100,485
1608534000,287
1608534900,432
1608535800,234
1608536700,218
1608537600,631
1608538500,310
1608539400,270
1608540300,95
1608541200,103
1608542100,717
1608543000,734
1608543900,905
1608544800,1036
1608545700,383
1608546600,844
1608547500,609
1608548400,228
1608549300,790
1608550200,922
1608551100,808
1608552000,648
1608552900,601
1608553800,306
1608554700,130
1608555600,131
1608556500,110
1608557400,104
1608558300,95
1608559200,101
1608560100,111
1608561000,113
1608561900,122
1608562800,183
1608563700,198
1608564600,211
1608565500,297
1608566400,434
1608567300,245
1608568200,256
1608569100,274
1608570000,239
1608570900,224
1608571800,281
1608572700,320
1608573600,371
1608574500,369
1608575400,385
1608576300,341
1608577200,325
1608578100,289
1608579000,296
1608579900,244
1608580800,279
1608581700,204
1608582600,187
1608583500,120
1608584400,99
1608585300,80
1608586200,68
1608587100,75
1608588000,62
1608588900,61
1608589800,61
1608590700,54
1608591600,65
1608592500,82
1608593400,74
1608594300,67
1608595200,65
1608596100,64
1608597000,57
1608597900,57
1608598800,53
1608599700,74
1608600600,53
1608601500,61
1608602400,53
1608603300,87
1608604200,76
1608605100,99
1608606000,120
1608606900,133
1608607800,127
1608608700,72
1608609600,77
1608610500,81
1608611400,68
1608612300,69
1608613200,81
1608614100,90
1608615000,86
1608615900,90
1608616800,90
1608617700,163
1608618600,325
1608619500,244
1608620400,376
1608621300,408
1608622200,715
1608623100,699
1608624000,468
1608624900,526
1608625800,293
1608626700,245
1608627600,389
1608628500,202
1608629400,272
1608630300,105
1608631200,107
1608632100,110
1608633000,114
1608633900,103
1608634800,101
1608635700,168
1608636600,155
1608637500,156
1608638400,111
1608639300,118
1608640200,113
1608641100,129
1608642000,93
1608642900,94
1608643800,87
1608644700,105
1608645600,92
1608646500,100
1608647400,103
1608648300,110
1608649200,135
1608650100,182
1608651000,249
1608651900,257
1608652800,219
1608653700,214
1608654600,223
1608655500,227
1608656400,284
1608657300,217
1608658200,233
1608659100,242
1608660000,293
1608660900,888
1608661800,2799
1608662700,2829
1608663600,2801
1608664500,1690
1608665400,1466
1608666300,1238
1608667200,1087
1608668100,1300
1608669000,1135
1608669900,1155
1608670800,1120
1608671700,275
1608672600,240
1608673500,399
1608674400,378
1608675300,164
1608676200,153
1608677100,82
1608678000,76
1608678900,65
1608679800,75
1608680700,70
1608681600,59
1608682500,50
1608683400,59
1608684300,64
1608685200,64
1608686100,73
1608687000,107
1608687900,113
1608688800,91
1608689700,78
1608690600,51
1608691500,73
1608692400,51
1608693300,60
1608694200,70
1608695100,95
1608696000,73
1608696900,81
1608697800,80
1608698700,109
1608699600,83
1608700500,75
1608701400,157
1608702300,293
1608703200,255
1608704100,173
1608705000,295
1608705900,433
1608706800,868
1608707700,604
1608708600,159
1608709500,155
1608710400,124
1608711300,523
1608712200,341
1608713100,489
1608714000,795
1608714900,2266
1608715800,1855
1608716700,1492
1608717600,1194
1608718500,718
1608719400,157
1608720300,139
1608721200,148
1608722100,221
1608723000,192
1608723900,177
1608724800,149
1608725700,145
1608726600,135
1608727500,134
1608728400,164
1608729300,174
1608730200,161
1608731100,146
1608732000,157
1608732900,151
1608733800,180
1608734700,177
1608735600,331
1608736500,639
1608737400,331
1608738300,297
1608739200,286
1608740100,268
1608741000,273
1608741900,285
1608742800,556
1608743700,280
1608744600,492
1608745500,205
1608746400,200
1608747300,179
1608748200,210
1608749100,196
1608750000,220
1608750900,180
1608751800,174
1608752700,155
1608753600,180
1608754500,155
1608755400,80
1608756300,88
1608757200,81
1608758100,72
1608759000,50
1608759900,58
1608760800,45
1608761700,46
1608762600,45
1608763500,52
1608764400,48
1608765300,39
1608766200,47
1608767100,51
1608768000,109
1608768900,56
1608769800,65
1608770700,76
1608771600,86
1608772500,76
1608773400,82
1608774300,93
1608775200,82
1608776100,147
1608777000,98
1608777900,110
1608778800,76
1608779700,82
1608780600,46
1608781500,67
1608782400,47
1608783300,54
1608784200,45
1608785100,65
1608786000,87
1608786900,98
1608787800,114
1608788700,156
1608789600,304
1608790500,244
1608791400,111
1608792300,116
1608793200,102
1608794100,122
1608795000,106
1608795900,133
1608796800,591
1608797700,590
1608798600,153
1608799500,268
1608800400,205
1608801300,180
1608802200,575
1608803100,484
1608804000,251
1608804900,561
1608805800,194
1608806700,462
1608807600,181
1608808500,245
1608809400,149
1608810300,130
1608811200,154
1608812100,221
1608813000,134
1608813900,150
1608814800,199
1608815700,153
1608816600,138
1608817500,135
1608818400,302
1608819300,188
1608820200,217
1608821100,202
1608822000,278
1608822900,694
1608823800,807
1608824700,451
1608825600,322
1608826500,252
1608827400,267
1608828300,289
1608829200,231
1608830100,271
1608831000,255
1608831900,253
1608832800,238
1608833700,232
1608834600,222
1608835500,304
1608836400,170
1608837300,143
1608838200,147
1608839100,151
1608840000,156
1608840900,146
1608841800,104
1608842700,87
1608843600,87
1608844500,107
1608845400,68
1608846300,93
1608847200,108
1608848100,111
1608849000,81
1608849900,88
1608850800,93
1608851700,87
1608852600,74
1608853500,82
1608854400,88
1608855300,67
1608856200,59
1608857100,66
1608858000,76
1608858900,67
1608859800,63
1608860700,46
1608861600,57
1608862500,39
1608863400,45
1608864300,43
1608865200,88
1608866100,71
1608867000,76
1608867900,68
1608868800,78
1608869700,45
1608870600,46
1608871500,39
1608872400,47
1608873300,54
1608874200,54
1608875100,81
1608876000,88
1608876900,134
1608877800,174
1608878700,204
1608879600,611
1608880500,593
1608881400,414
1608882300,372
1608883200,415
1608884100,599
1608885000,747
1608885900,811
1608886800,492
1608887700,597
1608888600,882
1608889500,705
1608890400,515
1608891300,654
1608892200,714
1608893100,259
1608894000,195
1608894900,170
1608895800,167
1608896700,202
1608897600,186
1608898500,200
1608899400,190
1608900300,204
1608901200,193
1608902100,215
1608903000,458
1608903900,437
1608904800,624
1608905700,234
1608906600,232
1608907500,236
1608908400,262
1608909300,494
1608910200,409
1608911100,233
1608912000,209
1608912900,204
1608913800,206
1608914700,267
1608915600,263
1608916500,262
1608917400,272
1608918300,258
1608919200,270
1608920100,246
1608921000,310
1608921900,258
1608922800,545
1608923700,216
1608924600,207
1608925500,180
1608926400,178
1608927300,157
1608928200,175
1608929100,142
1608930000,164
1608930900,156
1608931800,129
1608932700,65
1608933600,45
1608934500,50
1608935400,46
1608936300,36
1608937200,43
1608938100,53
1608939000,41
1608939900,43
1608940800,40
1608941700,58
1608942600,39
1608943500,51
1608944400,57
1608945300,75
1608946200,55
1608947100,94
1608948000,86
1608948900,103
1608949800,74
1608950700,74
1608951600,45
1608952500,56
1608953400,56
1608954300,66
1608955200,74
1608956100,102
1608957000,110
1608957900,106
1608958800,116
1608959700,121
1608960600,82
1608961500,52
1608962400,55
1608963300,54
1608964200,58
1608965100,41
1608966000,73
1608966900,374
1608967800,444
1608968700,313
1608969600,178
1608970500,100
1608971400,92
1608972300,61
1608973200,54
1608974100,160
1608975000,408
1608975900,68
1608976800,247
1608977700,259
1608978600,153
1608979500,183
1608980400,178
1608981300,254
1608982200,196
1608983100,191
1608984000,167
1608984900,163
1608985800,179
1608986700,174
1608987600,165
1608988500,138
1608989400,182
1608990300,129
1608991200,118
1608992100,128
1608993000,126
1608993900,160
1608994800,189
1608995700,189
1608996600,188
1608997500,202
1608998400,195
1608999300,195
1609000200,182
1609001100,202
1609002000,224
1609002900,1202
1609003800,2852
1609004700,2863
1609005600,2336
1609006500,1567
1609007400,1460
1609008300,1195
1609009200,1133
1609010100,1420
1609011000,1034
1609011900,1092
1609012800,1155
1609013700,298
1609014600,251
1609015500,155
1609016400,184
1609017300,138
1609018200,128
1609019100,118
1609020000,115
1609020900,82
1609021800,66
1609022700,88
1609023600,67
1609024500,74
1609025400,66
1609026300,87
1609027200,67
1609028100,78
1609029000,81
1609029900,77
1609030800,61
1609031700,61
1609032600,68
1609033500,67
1609034400,67
1609035300,69
1609036200,88
1609037100,101
1609038000,110
1609038900,104
1609039800,116
1609040700,108
1609041600,110
1609042500,83
1609043400,63
1609044300,73
1609045200,38
1609046100,50
1609047000,78
1609047900,99
1609048800,76
1609049700,85
1609050600,72
1609051500,94
1609052400,60
1609053300,47
1609054200,60
1609055100,333
1609056000,579
1609056900,565
1609057800,477
1609058700,829
1609059600,821
1609060500,601
1609061400,376
1609062300,499
1609063200,585
1609064100,634
1609065000,659
1609065900,648
1609066800,176
1609067700,188
1609068600,188
1609069500,207
1609070400,301
1609071300,1284
1609072200,1353
1609073100,897
1609074000,203
1609074900,183
1609075800,204
1609076700,199
1609077600,316
1609078500,663
1609079400,883
1609080300,739
1609081200,702
1609082100,559
1609083000,222
1609083900,172
1609084800,221
1609085700,232
1609086600,260
1609087500,226
1609088400,223
1609089300,222
1609090200,230
1609091100,223
1609092000,219
1609092900,225
1609093800,251
1609094700,250
1609095600,302
1609096500,268
1609097400,219
1609098300,177
1609099200,187
1609100100,189
1609101000,190
1609101900,166
1609102800,119
1609103700,99
1609104600,86
1609105500,86
1609106400,90
1609107300,89
1609108200,78
1609109100,87
1609110000,93
1609110900,88
1609111800,81
1609112700,87
1609113600,76
1609114500,68
1609115400,61
1609116300,65
1609117200,78
1609118100,60
1609119000,70
1609119900,77
1609120800,100
1609121700,77
1609122600,87
1609123500,77
1609124400,97
1609125300,65
1609126200,68
1609127100,60
1609128000,77
1609128900,64
1609129800,80
1609130700,93
1609131600,122
1609132500,219
1609133400,176
1609134300,147
1609135200,205
1609136100,165
1609137000,107
1609137900,133
1609138800,107
1609139700,71
1609140600,77
1609141500,68
1609142400,81
1609143300,80
1609144200,93
1609145100,83
1609146000,86
1609146900,93
1609147800,95
1609148700,86
1609149600,125
1609150500,270
1609151400,185
1609152300,154
1609153200,143
1609154100,136
1609155000,139
1609155900,135
1609156800,167
1609157700,150
1609158600,265
1609159500,433
1609160400,292
1609161300,413
1609162200,191
1609163100,165
1609164000,153
1609164900,146
1609165800,261
1609166700,137
1609167600,140
1609168500,135
1609169400,152
1609170300,141
1609171200,190
1609172100,121
1609173000,184
1609173900,199
1609174800,530
1609175700,354
1609176600,500
1609177500,205
1609178400,210
1609179300,214
1609180200,234
1609181100,223
1609182000,210
1609182900,244
1609183800,252
1609184700,240
1609185600,242
1609186500,238
1609187400,257
1609188300,245
1609189200,223
1609190100,184
1609191000,133
1609191900,163
1609192800,97
1609193700,114
1609194600,75
1609195500,66
1609196400,61
1609197300,75
1609198200,71
1609199100,61
1609200000,76
1609200900,92
1609201800,86
1609202700,76
1609203600,83
1609204500,89
1609205400,81
1609206300,51
1609207200,60
1609208100,64
1609209000,61
1609209900,57
1609210800,58
1609211700,69
1609212600,51
1609213500,60
1609214400,59
1609215300,89
1609216200,55
1609217100,61
1609218000,78
1609218900,105
1609219800,84
1609220700,83
1609221600,76
1609222500,96
1609223400,70
1609224300,228
1609225200,75
1609226100,70
1609227000,68
1609227900,92
1609228800,113
1609229700,117
1609230600,211
1609231500,96
1609232400,150
1609233300,458
1609234200,562
1609235100,416
1609236000,88
1609236900,92
1609237800,147
1609238700,150
1609239600,372
1609240500,241
1609241400,366
1609242300,108
1609243200,72
1609244100,94
1609245000,107
1609245900,143
1609246800,288
1609247700,148
1609248600,131
1609249500,145
1609250400,130
1609251300,129
1609252200,149
1609253100,162
1609254000,181
1609254900,199
1609255800,215
1609256700,189
1609257600,220
1609258500,217
1609259400,264
1609260300,252
1609261200,252
1609262100,281
1609263000,293
1609263900,275
1609264800,280
1609265700,250
1609266600,235
1609267500,263
1609268400,267
1609269300,214
1609270200,167
1609271100,176
1609272000,205
1609272900,212
1609273800,194
1609274700,206
1609275600,196
1609276500,148
1609277400,85
1609278300,83
1609279200,95
1609280100,74
1609281000,77
1609281900,83
1609282800,79
1609283700,70
1609284600,78
1609285500,79
1609286400,77
1609287300,73
1609288200,74
1609289100,74
1609290000,56
1609290900,60
1609291800,58
1609292700,67
1609293600,53
1609294500,60
1609295400,61
1609296300,64
1609297200,68
1609298100,71
1609299000,83
1609299900,72
1609300800,87
1609301700,59
1609302600,85
1609303500,151
1609304400,325
1609305300,209
1609306200,103
1609307100,162
1609308000,467
1609308900,117
1609309800,101
1609310700,102
1609311600,52
1609312500,55
1609313400,53
1609314300,94
1609315200,114
1609316100,239
1609317000,146
1609317900,179
1609318800,130
1609319700,113
1609320600,96
1609321500,95
1609322400,83
1609323300,85
1609324200,108
1609325100,133
1609326000,254
1609326900,170
1609327800,156
1609328700,164
1609329600,162
1609330500,155
1609331400,123
1609332300,155
1609333200,150
1609334100,310
1609335000,251
1609335900,434
1609336800,108
1609337700,108
1609338600,85
1609339500,123
1609340400,171
1609341300,171
1609342200,204
1609343100,195
1609344000,228
1609344900,209
1609345800,213
1609346700,233
1609347600,225
1609348500,223
1609349400,277
1609350300,280
1609351200,290
1609352100,229
1609353000,246
1609353900,256
1609354800,209
1609355700,219
1609356600,216
1609357500,210
1609358400,244
1609359300,265
1609360200,242
1609361100,210
1609362000,211
1609362900,174
1609363800,177
1609364700,94
1609365600,94
1609366500,85
1609367400,116
1609368300,82
1609369200,68
1609370100,57
1609371000,73
1609371900,56
1609372800,56
1609373700,53
1609374600,59
1609375500,53
1609376400,48
1609377300,60
1609378200,57
1609379100,56
1609380000,43
1609380900,52
1609381800,48
1609382700,47
1609383600,39
1609384500,65
1609385400,70
1609386300,72
1609387200,77
1609388100,65
1609389000,73
1609389900,40
1609390800,128
1609391700,225
1609392600,167
1609393500,136
1609394400,86
1609395300,83
1609396200,87
1609397100,79
1609398000,49
1609398900,47
1609399800,49
1609400700,52
1609401600,39
1609402500,54
1609403400,68
1609404300,102
1609405200,85
1609406100,86
1609407000,85
1609407900,118
1609408800,93
1609409700,77
1609410600,306
1609411500,157
1609412400,677
1609413300,173
1609414200,338
1609415100,125
1609416000,120
1609416900,107
1609417800,98
1609418700,110
1609419600,281
1609420500,145
1609421400,129
1609422300,154
1609423200,648
1609424100,580
1609425000,577
1609425900,400
1609426800,235
1609427700,178
1609428600,267
1609429500,286
1609430400,277
1609431300,288
1609432200,154
1609433100,135
1609434000,128
1609434900,133
1609435800,228
1609436700,115
1609437600,131
1609438500,123
1609439400,154
1609440300,136
1609441200,143
1609442100,137
1609443000,125
1609443900,137
1609444800,116
1609445700,113
1609446600,101
1609447500,109
1609448400,116
1609449300,92
1609450200,108
1609451100,76
1609452000,100
1609452900,84
1609453800,88
1609454700,91
1609455600,95
1609456500,103
1609457400,92
1609458300,111
1609459200,117
1609460100,150
1609461000,188
1609461900,388
1609462800,196
1609463700,243
1609464600,419
1609465500,274
1609466400,235
1609467300,314
1609468200,156
1609469100,124
1609470000,151
1609470900,107
1609471800,95
1609472700,96
1609473600,84
1609474500,50
1609475400,58
1609476300,61
1609477200,62
1609478100,56
1609479000,82
1609479900,87
1609480800,85
1609481700,73
1609482600,76
1609483500,126
1609484400,66
1609485300,110
1609486200,108
1609487100,182
1609488000,78
1609488900,78
1609489800,413
1609490700,259
1609491600,213
1609492500,1050
1609493400,767
1609494300,330
1609495200,259
1609496100,156
1609497000,193
1609497900,165
1609498800,155
1609499700,135
1609500600,100
1609501500,101
1609502400,105
1609503300,104
1609504200,174
1609505100,226
1609506000,306
1609506900,191
1609507800,196
1609508700,183
1609509600,212
1609510500,267
1609511400,217
1609512300,202
1609513200,211
1609514100,185
1609515000,262
1609515900,325
1609516800,218
1609517700,229
1609518600,276
1609519500,561
1609520400,336
1609521300,460
1609522200,272
1609523100,287
1609524000,306
1609524900,312
1609525800,287
1609526700,318
1609527600,270
1609528500,222
1609529400,184
1609530300,185
1609531200,183
1609532100,151
1609533000,169
1609533900,146
1609534800,147
1609535700,97
1609536600,64
1609537500,89
1609538400,89
1609539300,99
1609540200,69
1609541100,112
1609542000,67
1609542900,70
1609543800,59
1609544700,53
1609545600,51
1609546500,48
1609547400,41
1609548300,50
1609549200,49
1609550100,43
1609551000,42
1609551900,47
1609552800,51
1609553700,38
1609554600,46
1609555500,66
1609556400,63
1609557300,55
1609558200,62
1609559100,84
1609560000,51
1609560900,139
1609561800,84
1609562700,72
1609563600,56
1609564500,63
1609565400,55
1609566300,71
1609567200,48
1609568100,56
1609569000,71
1609569900,255
1609570800,359
1609571700,210
1609572600,77
1609573500,71
1609574400,66
1609575300,74
1609576200,253
1609577100,194
1609578000,1127
1609578900,2637
1609579800,1260
1609580700,656
1609581600,466
1609582500,148
1609583400,146
1609584300,179
1609585200,163
1609586100,171
1609587000,198
1609587900,191
1609588800,186
1609589700,196
1609590600,186
1609591500,185
1609592400,175
1609593300,197
1609594200,536
1609595100,850
1609596000,798
1609596900,718
1609597800,158
1609598700,124
1609599600,125
1609600500,118
1609601400,183
1609602300,172
1609603200,255
1609604100,2241
1609605000,2861
1609605900,2633
1609606800,1440
1609607700,1197
1609608600,1357
1609609500,1204
1609610400,1262
1609611300,1178
1609612200,981
1609613100,281
1609614000,213
1609614900,250
1609615800,229
1609616700,199
1609617600,214
1609618500,173
1609619400,161
1609620300,109
1609621200,87
1609622100,60
1609623000,54
1609623900,46
1609624800,50
1609625700,41
1609626600,62
1609627500,41
1609628400,49
1609629300,52
1609630200,52
1609631100,41
1609632000,47
1609632900,54
1609633800,46
1609634700,46
1609635600,46
1609636500,72
1609637400,58
1609638300,64
1609639200,133
1609640100,68
1609641000,60
1609641900,58
1609642800,71
1609643700,58
1609644600,54
1609645500,54
1609646400,70
1609647300,52
1609648200,127
1609649100,94
1609650000,114
1609650900,93
1609651800,150
1609652700,261
1609653600,159
1609654500,143
1609655400,174
1609656300,129
1609657200,355
1609658100,691
1609659000,423
1609659900,367
1609660800,186
1609661700,100
1609662600,92
1609663500,103
1609664400,164
1609665300,308
1609666200,1148
1609667100,427
1609668000,192
1609668900,154
1609669800,166
1609670700,201
1609671600,923
1609672500,742
1609673400,935
1609674300,375
1609675200,132
1609676100,120
1609677000,158
1609677900,202
1609678800,145
1609679700,236
1609680600,139
1609681500,163
1609682400,169
1609683300,431
1609684200,1272
1609685100,949
1609686000,832
1609686900,912
1609687800,357
1609688700,348
1609689600,250
1609690500,217
1609691400,184
1609692300,739
1609693200,259
1609694100,191
1609695000,134
1609695900,138
1609696800,188
1609697700,194
1609698600,182
1609699500,159
1609700400,172
1609701300,164
1609702200,193
1609703100,177
1609704000,183
1609704900,182
1609705800,177
1609706700,145
1609707600,131
1609708500,104
1609709400,111
1609710300,74
1609711200,76
1609712100,110
1609713000,80
1609713900,59
1609714800,37
1609715700,57
1609716600,37
1609717500,45
1609718400,42
1609719300,52
1609720200,47
1609721100,62
1609722000,65
1609722900,59
1609723800,55
1609724700,39
1609725600,57
1609726500,38
1609727400,45
1609728300,40
1609729200,56
1609730100,40
1609731000,54
1609731900,55
1609732800,67
1609733700,54
1609734600,49
1609735500,50
1609736400,59
1609737300,74
1609738200,82
1609739100,254
1609740000,126
1609740900,302
1609741800,174
1609742700,216
1609743600,107
1609744500,89
1609745400,43
1609746300,62
1609747200,74
1609748100,68
1609749000,74
1609749900,75
1609750800,79
1609751700,51
1609752600,46
1609753500,46
1609754400,50
1609755300,44
1609756200,77
1609757100,217
1609758000,149
1609758900,171
1609759800,793
1609760700,213
1609761600,448
1609762500,87
1609763400,115
1609764300,417
1609765200,686
1609766100,465
1609767000,144
1609767900,118
1609768800,145
1609769700,310
1609770600,381
1609771500,124
1609772400,151
1609773300,185
1609774200,251
1609775100,303
1609776000,296
1609776900,255
1609777800,246
1609778700,234
1609779600,209
1609780500,243
1609781400,246
1609782300,306
1609783200,330
1609784100,309
1609785000,283
1609785900,261
1609786800,138
1609787700,132
1609788600,187
1609789500,220
1609790400,226
1609791300,198
1609792200,211
1609793100,205
1609794000,172
1609794900,155
1609795800,171
1609796700,125
1609797600,118
1609798500,89
1609799400,74
1609800300,64
1609801200,63
1609802100,93
1609803000,73
1609803900,70
1609804800,65
1609805700,87
1609806600,60
1609807500,63
1609808400,53
1609809300,65
1609810200,62
1609811100,58
1609812000,75
1609812900,44
1609813800,47
1609814700,41
1609815600,64
1609816500,43
1609817400,49
1609818300,42
1609819200,59
1609820100,54
1609821000,59
1609821900,79
1609822800,84
1609823700,78
1609824600,75
1609825500,81
1609826400,274
1609827300,160
1609828200,221
1609829100,216
1609830000,167
1609830900,81
1609831800,88
1609832700,77
1609833600,101
1609834500,75
1609835400,78
1609836300,49
1609837200,68
1609838100,48
1609839000,54
1609839900,137
1609840800,386
1609841700,152
1609842600,128
1609843500,93
1609844400,99
1609845300,95
1609846200,137
1609847100,118
1609848000,103
1609848900,99
1609849800,90
1609850700,118
1609851600,344
1609852500,292
1609853400,134
1609854300,167
1609855200,190
1609856100,146
1609857000,144
1609857900,152
1609858800,149
1609859700,156
1609860600,200
1609861500,233
1609862400,226
1609863300,333
1609864200,257
1609865100,288
1609866000,303
1609866900,798
1609867800,322
1609868700,354
1609869600,162
1609870500,157
1609871400,168
1609872300,146
1609873200,153
1609874100,145
1609875000,147
1609875900,139
1609876800,140
1609877700,149
1609878600,143
1609879500,145
1609880400,172
1609881300,129
1609882200,110
1609883100,103
1609884000,107
1609884900,91
1609885800,75
1609886700,58
1609887600,47
1609888500,35
1609889400,47
1609890300,47
1609891200,45
1609892100,37
1609893000,57
1609893900,38
1609894800,45
1609895700,39
1609896600,58
1609897500,39
1609898400,63
1609899300,62
1609900200,75
1609901100,104
1609902000,60
1609902900,65
1609903800,59
1609904700,51
1609905600,59
1609906500,78
1609907400,88
1609908300,84
1609909200,105
1609910100,115
1609911000,166
1609911900,98
1609912800,99
1609913700,80
1609914600,88
1609915500,81
1609916400,108
1609917300,120
1609918200,183
1609919100,139
1609920000,181
1609920900,75
1609921800,70
1609922700,61
1609923600,72
1609924500,73
1609925400,69
1609926300,311
1609927200,257
1609928100,143
1609929000,140
1609929900,160
1609930800,175
1609931700,151
1609932600,171
1609933500,98
1609934400,99
1609935300,101
1609936200,97
1609937100,117
1609938000,134
1609938900,143
1609939800,138
1609940700,369
1609941600,731
1609942500,527
1609943400,204
1609944300,194
1609945200,189
1609946100,594
1609947000,210
1609947900,235
1609948800,784
1609949700,328
1609950600,559
1609951500,239
1609952400,219
1609953300,225
1609954200,217
1609955100,194
1609956000,218
1609956900,204
1609957800,230
1609958700,184
1609959600,335
1609960500,152
1609961400,181
1609962300,172
1609963200,189
1609964100,161
1609965000,155
1609965900,154
1609966800,142
1609967700,102
1609968600,81
1609969500,86
1609970400,83
1609971300,73
1609972200,83
1609973100,40
1609974000,46
1609974900,38
1609975800,56
1609976700,40
1609977600,43
1609978500,89
1609979400,91
1609980300,88
1609981200,77
1609982100,84
1609983000,69
1609983900,73
1609984800,53
1609985700,59
1609986600,38
1609987500,46
1609988400,57
1609989300,90
1609990200,64
1609991100,74
1609992000,68
1609992900,85
1609993800,93
1609994700,109
1609995600,364
1609996500,174
1609997400,158
1609998300,156
1609999200,135
1610000100,101
1610001000,85
1610001900,75
1610002800,84
1610003700,60
1610004600,55
1610005500,45
1610006400,54
1610007300,60
1610008200,53
1610009100,77
1610010000,86
1610010900,108
1610011800,92
1610012700,97
1610013600,77
1610014500,84
1610015400,64
1610016300,97
1610017200,156
1610018100,160
1610019000,91
1610019900,178
1610020800,190
1610021700,202
1610022600,160
1610023500,164
1610024400,177
1610025300,153
1610026200,122
1610027100,107
1610028000,134
1610028900,177
1610029800,141
1610030700,189
1610031600,157
1610032500,192
1610033400,344
1610034300,303
1610035200,358
1610036100,316
1610037000,345
1610037900,301
1610038800,325
1610039700,310
1610040600,294
1610041500,245
1610042400,208
1610043300,295
1610044200,326
1610045100,401
1610046000,328
1610046900,204
1610047800,187
1610048700,229
1610049600,214
1610050500,246
1610051400,214
1610052300,195
1610053200,162
1610054100,133
1610055000,120
1610055900,105
1610056800,168
1610057700,83
1610058600,94
1610059500,105
1610060400,124
1610061300,115
1610062200,84
1610063100,64
1610064000,82
1610064900,54
1610065800,43
1610066700,41
1610067600,52
1610068500,70
1610069400,67
1610070300,72
1610071200,82
1610072100,70
1610073000,67
1610073900,72
1610074800,78
1610075700,84
1610076600,82
1610077500,82
1610078400,88
1610079300,63
1610080200,110
1610081100,86
1610082000,128
1610082900,249
1610083800,142
1610084700,245
1610085600,188
1610086500,214
1610087400,388
1610088300,309
1610089200,543
1610090100,923
1610091000,462
1610091900,313
1610092800,205
1610093700,104
1610094600,87
1610095500,104
1610096400,105
1610097300,151
1610098200,136
1610099100,140
1610100000,215
1610100900,154
1610101800,209
1610102700,328
1610103600,195
1610104500,181
1610105400,163
1610106300,120
1610107200,102
1610108100,80
1610109000,101
1610109900,187
1610110800,712
1610111700,204
1610112600,137
1610113500,154
1610114400,141
1610115300,179
1610116200,294
1610117100,313
1610118000,276
1610118900,264
1610119800,195
1610120700,419
1610121600,105
1610122500,146
1610123400,174
1610124300,326
1610125200,118
1610126100,119
1610127000,126
1610127900,119
1610128800,178
1610129700,254
1610130600,291
1610131500,341
1610132400,493
1610133300,261
1610134200,223
1610135100,201
1610136000,371
1610136900,229
1610137800,214
1610138700,177
1610139600,138
1610140500,112
1610141400,94
1610142300,90
1610143200,68
1610144100,69
1610145000,66
1610145900,72
1610146800,90
1610147700,79
1610148600,100
1610149500,81
1610150400,86
1610151300,80
1610152200,66
1610153100,52
1610154000,54
1610154900,77
1610155800,81
1610156700,90
1610157600,95
1610158500,116
1610159400,98
1610160300,85
1610161200,81
1610162100,99
1610163000,79
1610163900,85
1610164800,81
1610165700,100
1610166600,132
1610167500,87
1610168400,75
1610169300,79
1610170200,82
1610171100,79
1610172000,88
1610172900,266
1610173800,177
1610174700,217
1610175600,123
1610176500,157
1610177400,329
1610178300,135
1610179200,211
1610180100,224
1610181000,223
1610181900,241
1610182800,207
1610183700,240
1610184600,218
1610185500,176
1610186400,179
1610187300,231
1610188200,131
1610189100,93
1610190000,122
1610190900,115
1610191800,92
1610192700,105
1610193600,149
1610194500,230
1610195400,239
1610196300,213
1610197200,96
1610198100,247
1610199000,326
1610199900,115
1610200800,86
1610201700,107
1610202600,90
1610203500,275
1610204400,169
1610205300,242
1610206200,269
1610207100,171
1610208000,147
1610208900,357
1610209800,726
1610210700,429
1610211600,409
1610212500,233
1610213400,157
1610214300,190
1610215200,178
1610216100,150
1610217000,196
1610217900,305
1610218800,144
1610219700,144
1610220600,123
1610221500,122
1610222400,149
1610223300,150
1610224200,140
1610225100,137
1610226000,124
1610226900,300
1610227800,217
1610228700,97
1610229600,108
1610230500,128
1610231400,67
1610232300,47
1610233200,48
1610234100,36
1610235000,71
1610235900,78
1610236800,67
1610237700,68
1610238600,54
1610239500,74
1610240400,45
1610241300,45
1610242200,71
1610243100,165
1610244000,142
1610244900,136
1610245800,139
1610246700,125
1610247600,67
1610248500,37
1610249400,44
1610250300,50
1610251200,73
1610252100,64
1610253000,71
1610253900,91
1610254800,74
1610255700,62
1610256600,38
1610257500,487
1610258400,2830
1610259300,2855
1610260200,2621
1610261100,1364
1610262000,1234
1610262900,1543
1610263800,1552
1610264700,1222
1610265600,981
1610266500,969
1610267400,1097
1610268300,568
1610269200,140
1610270100,90
1610271000,259
1610271900,502
1610272800,148
1610273700,122
1610274600,175
1610275500,615
1610276400,276
1610277300,331
1610278200,158
1610279100,118
1610280000,143
1610280900,126
1610281800,123
1610282700,115
1610283600,140
1610284500,137
1610285400,127
1610286300,146
1610287200,140
1610288100,152
1610289000,165
1610289900,183
1610290800,260
1610291700,618
1610292600,195
1610293500,185
1610294400,251
1610295300,155
1610296200,153
1610297100,222
1610298000,162
1610298900,177
1610299800,221
1610300700,233
1610301600,231
1610302500,263
1610303400,217
1610304300,241
1610305200,290
1610306100,192
1610307000,253
1610307900,201
1610308800,214
1610309700,307
1610310600,343
1610311500,233
1610312400,113
1610313300,113
1610314200,106
1610315100,79
1610316000,66
1610316900,39
1610317800,54
1610318700,35
1610319600,44
1610320500,41
1610321400,52
1610322300,36
1610323200,59
1610324100,60
1610325000,64
1610325900,40
1610326800,43
1610327700,59
1610328600,76
1610329500,62
1610330400,55
1610331300,72
1610332200,61
1610333100,65
1610334000,55
1610334900,71
1610335800,61
1610336700,73
1610337600,65
1610338500,81
1610339400,108
1610340300,81
1610341200,233
1610342100,235
1610343000,394
1610343900,109
1610344800,86
1610345700,94
1610346600,667
1610347500,214
1610348400,216
1610349300,237
1610350200,464
1610351100,546
1610352000,215
1610352900,381
1610353800,558
1610354700,394
1610355600,275
1610356500,366
1610357400,714
1610358300,673
1610359200,207
1610360100,614
1610361000,491
1610361900,591
1610362800,187
1610363700,182
1610364600,176
1610365500,659
1610366400,643
1610367300,657
1610368200,358
1610369100,108
1610370000,118
1610370900,109
1610371800,135
1610372700,80
1610373600,89
1610374500,848
1610375400,1111
1610376300,1110
1610377200,780
1610378100,552
1610379000,183
1610379900,187
1610380800,470
1610381700,804
1610382600,766
1610383500,399
1610384400,179
1610385300,190
1610386200,206
1610387100,217
1610388000,217
1610388900,189
1610389800,240
1610390700,231
1610391600,233
1610392500,256
1610393400,445
1610394300,591
1610395200,455
1610396100,264
1610397000,199
1610397900,177
1610398800,172
1610399700,154
1610400600,110
1610401500,103
1610402400,99
1610403300,104
1610404200,88
1610405100,90
1610406000,90
1610406900,102
1610407800,99
1610408700,85
1610409600,80
1610410500,82
1610411400,80
1610412300,71
1610413200,83
1610414100,87
1610415000,78
1610415900,71
1610416800,84
1610417700,100
1610418600,102
1610419500,106
1610420400,106
1610421300,114
1610422200,105
1610423100,94
1610424000,94
1610424900,84
1610425800,83
1610426700,107
1610427600,101
1610428500,193
1610429400,149
1610430300,234
1610431200,311
1610432100,152
1610433000,107
1610433900,482
1610434800,325
1610435700,114
1610436600,151
1610437500,134
1610438400,136
1610439300,156
1610440200,141
1610441100,198
1610442000,181
1610442900,273
1610443800,307
1610444700,362
1610445600,133
1610446500,172
1610447400,203
1610448300,175
1610449200,123
1610450100,111
1610451000,100
1610451900,107
1610452800,106
1610453700,104
1610454600,87
1610455500,92
1610456400,102
1610457300,96
1610458200,105
1610459100,99
1610460000,117
1610460900,98
1610461800,106
1610462700,106
1610463600,136
1610464500,117
1610465400,130
1610466300,172
1610467200,214
1610468100,210
1610469000,190
1610469900,229
1610470800,194
1610471700,191
1610472600,244
1610473500,222
1610474400,189
1610475300,197
1610476200,180
1610477100,201
1610478000,178
1610478900,249
1610479800,265
1610480700,244
1610481600,716
1610482500,416
1610483400,229
1610484300,177
1610485200,170
1610486100,117
1610487000,101
1610487900,91
1610488800,97
1610489700,83
1610490600,83
1610491500,57
1610492400,64
1610493300,66
1610494200,68
1610495100,57
1610496000,65
1610496900,71
1610497800,66
1610498700,58
1610499600,65
1610500500,70
1610501400,63
1610502300,49
1610503200,72
1610504100,104
1610505000,99
1610505900,100
1610506800,97
1610507700,98
1610508600,51
1610509500,55
1610510400,62
1610511300,79
1610512200,73
1610513100,119
1610514000,150
1610514900,232
1610515800,207
1610516700,286
1610517600,127
1610518500,207
1610519400,155
1610520300,243
1610521200,319
1610522100,601
1610523000,251
1610523900,326
1610524800,111
1610525700,84
1610526600,77
1610527500,59
1610528400,67
1610529300,63
1610530200,77
1610531100,59
1610532000,63
1610532900,79
1610533800,105
1610534700,100
1610535600,93
1610536500,90
1610537400,217
1610538300,737
1610539200,104
1610540100,131
1610541000,124
1610541900,174
1610542800,155
1610543700,123
1610544600,95
1610545500,85
1610546400,80
1610547300,99
1610548200,109
1610549100,94
1610550000,99
1610550900,96
1610551800,98
1610552700,79
1610553600,86
1610554500,101
1610555400,147
1610556300,150
1610557200,113
1610558100,102
1610559000,121
1610559900,137
1610560800,173
1610561700,144
1610562600,173
1610563500,177
1610564400,149
1610565300,170
1610566200,189
1610567100,217
1610568000,224
1610568900,176
1610569800,155
1610570700,167
1610571600,119
1610572500,113
1610573400,86
1610574300,94
1610575200,111
1610576100,80
1610577000,77
1610577900,74
1610578800,62
1610579700,52
1610580600,61
1610581500,60
1610582400,91
1610583300,83
1610584200,78
1610585100,93
1610586000,68
1610586900,60
1610587800,53
1610588700,60
1610589600,67
1610590500,75
1610591400,95
1610592300,98
1610593200,111
1610594100,96
1610595000,87
1610595900,69
1610596800,62
1610597700,63
1610598600,58
1610599500,79
1610600400,87
1610601300,92
1610602200,137
1610603100,115
1610604000,350
1610604900,237
1610605800,171
1610606700,137
1610607600,371
1610608500,108
1610609400,97
1610610300,226
1610611200,611
1610612100,590
1610613000,99
1610613900,130
1610614800,152
1610615700,121
1610616600,133
1610617500,707
1610618400,635
1610619300,153
1610620200,571
1610621100,202
1610622000,785
1610622900,734
1610623800,788
1610624700,455
1610625600,141
1610626500,97
1610627400,81
1610628300,101
1610629200,121
1610630100,93
1610631000,85
1610631900,101
1610632800,87
1610633700,94
1610634600,100
1610635500,120
1610636400,110
1610637300,122
1610638200,130
1610639100,504
1610640000,291
1610640900,187
1610641800,200
1610642700,173
1610643600,147
1610644500,126
1610645400,152
1610646300,164
1610647200,162
1610648100,115
1610649000,131
1610649900,217
1610650800,245
1610651700,206
1610652600,153
1610653500,156
1610654400,191
1610655300,216
1610656200,182
1610657100,168
1610658000,139
1610658900,156
1610659800,118
1610660700,95
1610661600,72
1610662500,88
1610663400,75
1610664300,508
1610665200,324
1610666100,82
1610667000,72
1610667900,47
1610668800,58
1610669700,49
1610670600,51
1610671500,45
1610672400,59
1610673300,48
1610674200,51
1610675100,38
1610676000,54
1610676900,45
1610677800,41
1610678700,44
1610679600,47
1610680500,69
1610681400,61
1610682300,107
1610683200,88
1610684100,95
1610685000,67
1610685900,285
1610686800,317
1610687700,91
1610688600,134
1610689500,136
1610690400,123
1610691300,131
1610692200,141
1610693100,280
1610694000,200
1610694900,262
1610695800,202
1610696700,138
1610697600,103
1610698500,97
1610699400,89
1610700300,71
1610701200,86
1610702100,108
1610703000,115
1610703900,99
1610704800,168
1610705700,210
1610706600,129
1610707500,123
1610708400,692
1610709300,229
1610710200,132
1610711100,151
1610712000,165
1610712900,164
1610713800,149
1610714700,119
1610715600,138
1610716500,536
1610717400,285
1610718300,511
1610719200,142
1610720100,122
1610721000,130
1610721900,161
1610722800,192
1610723700,263
1610724600,168
1610725500,177
1610726400,187
1610727300,216
1610728200,319
1610729100,204
1610730000,165
1610730900,180
1610731800,188
1610732700,214
1610733600,222
1610734500,253
1610735400,296
1610736300,494
1610737200,322
1610738100,237
1610739000,212
1610739900,211
1610740800,206
1610741700,199
1610742600,176
1610743500,176
1610744400,193
1610745300,202
1610746200,152
1610747100,140
1610748000,129
1610748900,113
1610749800,101
1610750700,85
1610751600,93
1610752500,88
1610753400,83
1610754300,60
1610755200,56
1610756100,48
1610757000,54
1610757900,61
1610758800,53
1610759700,68
1610760600,82
1610761500,86
1610762400,76
1610763300,73
1610764200,48
1610765100,61
1610766000,64
1610766900,86
1610767800,102
1610768700,119
1610769600,102
1610770500,103
1610771400,211
1610772300,102
1610773200,72
1610774100,63
1610775000,62
1610775900,99
1610776800,228
1610777700,314
1610778600,173
1610779500,149
1610780400,158
1610781300,588
1610782200,242
1610783100,129
1610784000,114
1610784900,131
1610785800,102
1610786700,398
1610787600,597
1610788500,902
1610789400,579
1610790300,230
1610791200,166
1610792100,212
1610793000,326
1610793900,191
1610794800,228
1610795700,798
1610796600,713
1610797500,237
1610798400,201
1610799300,114
1610800200,115
1610801100,136
1610802000,110
1610802900,381
1610803800,124
1610804700,147
1610805600,223
1610806500,236
1610807400,258
1610808300,226
1610809200,278
1610810100,317
1610811000,200
1610811900,165
1610812800,256
1610813700,298
1610814600,359
1610815500,380
1610816400,261
1610817300,209
1610818200,244
1610819100,257
1610820000,201
1610820900,250
1610821800,179
1610822700,205
1610823600,339
1610824500,187
1610825400,170
1610826300,171
1610827200,179
1610828100,310
1610829000,285
1610829900,199
1610830800,164
1610831700,132
1610832600,125
1610833500,99
1610834400,85
1610835300,51
1610836200,41
1610837100,44
1610838000,38
1610838900,57
1610839800,39
1610840700,45
1610841600,45
1610842500,51
1610843400,47
1610844300,63
1610845200,67
1610846100,57
1610847000,51
1610847900,68
1610848800,98
1610849700,68
1610850600,79
1610851500,65
1610852400,56
1610853300,39
1610854200,64
1610855100,64
1610856000,70
1610856900,87
1610857800,82
1610858700,93
1610859600,80
1610860500,60
1610861400,52
1610862300,66
1610863200,59
1610864100,85
1610865000,101
1610865900,98
1610866800,109
1610867700,121
1610868600,147
1610869500,106
1610870400,187
1610871300,168
1610872200,643
1610873100,405
1610874000,1043
1610874900,626
1610875800,691
1610876700,296
1610877600,172
1610878500,174
1610879400,139
1610880300,147
1610881200,239
1610882100,559
1610883000,214
1610883900,535
1610884800,128
1610885700,124
1610886600,136
1610887500,224
1610888400,433
1610889300,168
1610890200,175
1610891100,157
1610892000,175
1610892900,525
1610893800,753
1610894700,266
1610895600,263
1610896500,831
1610897400,1092
1610898300,700
1610899200,327
1610900100,244
1610901000,290
1610901900,220
1610902800,304
1610903700,294
1610904600,263
1610905500,295
1610906400,291
1610907300,279
1610908200,257
1610909100,262
1610910000,260
1610910900,273
1610911800,224
1610912700,196
1610913600,191
1610914500,156
1610915400,167
1610916300,185
1610917200,243
1610918100,95
1610919000,67
1610919900,68
1610920800,71
1610921700,71
1610922600,57
1610923500,64
1610924400,69
1610925300,65
1610926200,56
1610927100,67
1610928000,129
1610928900,77
1610929800,68
1610930700,73
1610931600,68
1610932500,48
1610933400,57
1610934300,62
1610935200,61
1610936100,56
1610937000,89
1610937900,127
1610938800,106
1610939700,106
1610940600,101
1610941500,113
1610942400,78
1610943300,83
1610944200,75
1610945100,86
1610946000,57
1610946900,63
1610947800,79
1610948700,168
1610949600,337
1610950500,628
1610951400,907
1610952300,980
1610953200,690
1610954100,501
1610955000,422
1610955900,511
1610956800,457
1610957700,209
1610958600,154
1610959500,563
1610960400,240
1610961300,325
1610962200,705
1610963100,805
1610964000,419
1610964900,199
1610965800,234
1610966700,226
1610967600,143
1610968500,222
1610969400,266
1610970300,187
1610971200,527
1610972100,200
1610973000,573
1610973900,195
1610974800,175
1610975700,187
1610976600,197
1610977500,224
1610978400,207
1610979300,197
1610980200,190
1610981100,184
1610982000,269
1610982900,172
1610983800,511
1610984700,298
1610985600,299
1610986500,239
1610987400,192
1610988300,188
1610989200,152
1610990100,284
1610991000,235
1610991900,276
1610992800,341
1610993700,265
1610994600,273
1610995500,295
1610996400,249
1610997300,245
1610998200,216
1610999100,197
1611000000,191
1611000900,128
1611001800,131
1611002700,140
1611003600,116
1611004500,104
1611005400,48
1611006300,46
1611007200,57
1611008100,106
1611009000,92
1611009900,102
1611010800,59
1611011700,74
1611012600,56
1611013500,64
1611014400,49
1611015300,101
1611016200,79
1611017100,87
1611018000,76
1611018900,98
1611019800,75
1611020700,47
1611021600,50
1611022500,108
1611023400,83
1611024300,84
1611025200,65
1611026100,72
1611027000,39
1611027900,48
1611028800,37
1611029700,75
1611030600,72
1611031500,85
1611032400,64
1611033300,85
1611034200,68
1611035100,105
1611036000,241
1611036900,267
1611037800,248
1611038700,357
1611039600,178
1611040500,141
1611041400,136
1611042300,119
1611043200,112
1611044100,84
1611045000,99
1611045900,86
1611046800,86
1611047700,78
1611048600,94
1611049500,115
1611050400,110
1611051300,118
1611052200,137
1611053100,350
1611054000,343
1611054900,443
1611055800,246
1611056700,169
1611057600,529
1611058500,168
1611059400,456
1611060300,133
1611061200,122
1611062100,127
1611063000,158
1611063900,184
1611064800,181
1611065700,165
1611066600,155
1611067500,163
1611068400,157
1611069300,159
1611070200,177
1611071100,153
1611072000,132
1611072900,137
1611073800,212
1611074700,183
1611075600,166
1611076500,997
1611077400,2712
1611078300,2743
1611079200,2607
1611080100,1364
1611081000,1255
1611081900,1218
1611082800,1316
1611083700,1303
1611084600,1218
1611085500,200
1611086400,150
1611087300,183
1611088200,172
1611089100,217
1611090000,210
1611090900,167
1611091800,131
1611092700,131
1611093600,119
1611094500,109
1611095400,62
1611096300,46
1611097200,64
1611098100,53
1611099000,44
1611099900,53
1611100800,64
1611101700,42
1611102600,52
1611103500,54
1611104400,54
1611105300,50
1611106200,51
1611107100,48
1611108000,59
1611108900,47
1611109800,38
1611110700,61
1611111600,65
1611112500,52
1611113400,57
1611114300,61
1611115200,66
1611116100,64
1611117000,145
1611117900,224
1611118800,350
1611119700,176
1611120600,411
1611121500,128
1611122400,358
1611123300,240
1611124200,221
1611125100,649
1611126000,713
1611126900,730
1611127800,499
1611128700,175
1611129600,145
1611130500,119
1611131400,160
1611132300,946
1611133200,875
1611134100,1181
1611135000,873
1611135900,717
1611136800,950
1611137700,406
1611138600,144
1611139500,170
1611140400,187
1611141300,181
1611142200,167
1611143100,419
1611144000,512
1611144900,277
1611145800,403
1611146700,142
1611147600,218
1611148500,184
1611149400,173
1611150300,169
1611151200,139
1611152100,100
1611153000,204
1611153900,234
1611154800,187
1611155700,104
1611156600,82
1611157500,88
1611158400,66
1611159300,73
1611160200,70
1611161100,131
1611162000,170
1611162900,185
1611163800,241
1611164700,252
1611165600,262
1611166500,227
1611167400,278
1611168300,267
1611169200,259
1611170100,240
1611171000,193
1611171900,197
1611172800,169
1611173700,160
1611174600,133
1611175500,200
1611176400,197
1611177300,167
1611178200,133
1611179100,84
1611180000,54
1611180900,43
1611181800,36
1611182700,57
1611183600,36
1611184500,44
1611185400,41
1611186300,52
1611187200,46
1611188100,36
1611189000,52
1611189900,47
1611190800,61
1611191700,59
1611192600,60
1611193500,46
1611194400,38
1611195300,46
1611196200,49
1611197100,45
1611198000,44
1611198900,39
1611199800,73
1611200700,50
1611201600,83
1611202500,60
1611203400,120
1611204300,131
1611205200,115
1611206100,118
1611207000,227
1611207900,245
1611208800,97
1611209700,75
1611210600,133
1611211500,111
1611212400,115
1611213300,106
1611214200,124
1611215100,137
1611216000,85
1611216900,111
1611217800,613
1611218700,379
1611219600,255
1611220500,389
1611221400,318
1611222300,424
1611223200,304
1611224100,499
1611225000,150
1611225900,126
1611226800,158
1611227700,920
1611228600,492
1611229500,383
1611230400,103
1611231300,103
1611232200,96
1611233100,146
1611234000,110
1611234900,104
1611235800,105
1611236700,137
1611237600,110
1611238500,115
1611239400,151
1611240300,144
1611241200,123
1611242100,306
1611243000,193
1611243900,119
1611244800,108
1611245700,143
1611246600,182
1611247500,154
1611248400,180
1611249300,141
1611250200,178
1611251100,281
1611252000,259
1611252900,221
1611253800,215
1611254700,233
1611255600,228
1611256500,170
1611257400,165
1611258300,142
1611259200,149
1611260100,118
1611261000,109
1611261900,117
1611262800,130
1611263700,158
1611264600,105
1611265500,113
1611266400,85
1611267300,71
1611268200,50
1611269100,80
1611270000,62
1611270900,54
1611271800,65
1611272700,48
1611273600,52
1611274500,45
1611275400,64
1611276300,42
1611277200,48
1611278100,60
1611279000,76
1611279900,63
1611280800,50
1611281700,53
1611282600,51
1611283500,48
1611284400,41
1611285300,57
1611286200,47
1611287100,72
1611288000,67
1611288900,83
1611289800,73
1611290700,87
1611291600,192
1611292500,325
1611293400,178
1611294300,175
1611295200,178
1611296100,210
1611297000,297
1611297900,177
1611298800,179
1611299700,179
1611300600,511
1611301500,259
1611302400,594
1611303300,153
1611304200,214
1611305100,438
1611306000,116
1611306900,120
1611307800,104
1611308700,114
1611309600,382
1611310500,159
1611311400,111
1611312300,98
1611313200,99
1611314100,106
1611315000,104
1611315900,109
1611316800,98
1611317700,141
1611318600,151
1611319500,482
1611320400,399
1611321300,182
1611322200,177
1611323100,171
1611324000,598
1611324900,695
1611325800,518
1611326700,206
1611327600,162
1611328500,195
1611329400,252
1611330300,472
1611331200,714
1611332100,797
1611333000,714
1611333900,736
1611334800,733
1611335700,717
1611336600,1075
1611337500,2620
1611338400,2493
1611339300,2523
1611340200,1262
1611341100,1258
1611342000,533
1611342900,1796
1611343800,1270
1611344700,1237
1611345600,1395
1611346500,245
1611347400,256
1611348300,205
1611349200,199
1611350100,156
1611351000,157
1611351900,118
1611352800,105
1611353700,100
1611354600,76
1611355500,58
1611356400,52
1611357300,70
1611358200,51
1611359100,60
1611360000,56
1611360900,68
1611361800,52
1611362700,60
1611363600,63
1611364500,61
1611365400,64
1611366300,75
1611367200,84
1611368100,57
1611369000,70
1611369900,51
1611370800,67
1611371700,49
1611372600,58
1611373500,66
1611374400,65
1611375300,75
1611376200,94
1611377100,124
1611378000,133
1611378900,104
1611379800,119
1611380700,121
1611381600,216
1611382500,179
1611383400,236
1611384300,147
1611385200,138
1611386100,174
1611387000,143
1611387900,114
1611388800,117
1611389700,136
1611390600,121
1611391500,149
1611392400,121
1611393300,105
1611394200,172
1611395100,133
1611396000,174
1611396900,127
1611397800,290
1611398700,117
1611399600,410
1611400500,618
1611401400,201
1611402300,246
1611403200,101
1611404100,113
1611405000,97
1611405900,202
1611406800,191
1611407700,143
1611408600,119
1611409500,128
1611410400,134
1611411300,146
1611412200,139
1611413100,168
1611414000,169
1611414900,191
1611415800,225
1611416700,227
1611417600,267
1611418500,244
1611419400,374
1611420300,288
1611421200,175
1611422100,251
1611423000,206
1611423900,118
1611424800,190
1611425700,186
1611426600,133
1611427500,82
1611428400,67
1611429300,72
1611430200,67
1611431100,85
1611432000,65
1611432900,74
1611433800,76
1611434700,91
1611435600,88
1611436500,173
1611437400,68
1611438300,55
1611439200,49
1611440100,46
1611441000,49
1611441900,37
1611442800,45
1611443700,49
1611444600,46
1611445500,38
1611446400,46
1611447300,50
1611448200,45
1611449100,39
1611450000,52
1611450900,91
1611451800,86
1611452700,69
1611453600,67
1611454500,81
1611455400,41
1611456300,46
1611457200,37
1611458100,58
1611459000,55
1611459900,79
1611460800,62
1611461700,84
1611462600,65
1611463500,64
1611464400,92
1611465300,101
1611466200,107
1611467100,111
1611468000,142
1611468900,122
1611469800,144
1611470700,128
1611471600,155
1611472500,351
1611473400,121
1611474300,283
1611475200,133
1611476100,117
1611477000,118
1611477900,143
1611478800,159
1611479700,154
1611480600,396
1611481500,187
1611482400,151
1611483300,363
1611484200,615
1611485100,659
1611486000,437
1611486900,123
1611487800,126
1611488700,118
1611489600,120
1611490500,136
1611491400,115
1611492300,101
1611493200,111
1611494100,110
1611495000,110
1611495900,97
1611496800,77
1611497700,86
1611498600,83
1611499500,101
1611500400,109
1611501300,118
1611502200,129
1611503100,129
1611504000,161
1611504900,204
1611505800,236
1611506700,253
1611507600,270
1611508500,251
1611509400,240
1611510300,262
1611511200,265
1611512100,238
1611513000,232
1611513900,233
1611514800,245
1611515700,221
1611516600,169
1611517500,159
1611518400,184
1611519300,169
1611520200,177
1611521100,267
1611522000,191
1611522900,166
1611523800,144
1611524700,103
1611525600,114
1611526500,88
1611527400,84
1611528300,65
1611529200,76
1611530100,78
1611531000,74
1611531900,72
1611532800,63
1611533700,64
1611534600,37
1611535500,46
1611536400,40
1611537300,61
1611538200,55
1611539100,60
1611540000,48
1611540900,56
1611541800,39
1611542700,46
1611543600,46
1611544500,78
1611545400,66
1611546300,64
1611547200,78
1611548100,71
1611549000,136
1611549900,142
1611550800,327
1611551700,157
1611552600,158
1611553500,286
1611554400,816
1611555300,776
1611556200,856
1611557100,950
1611558000,979
1611558900,440
1611559800,97
1611560700,328
1611561600,119
1611562500,112
1611563400,71
1611564300,83
1611565200,83
1611566100,386
1611567000,199
1611567900,118
1611568800,137
1611569700,137
1611570600,163
1611571500,252
1611572400,208
1611573300,226
1611574200,259
1611575100,319
1611576000,103
1611576900,128
1611577800,133
1611578700,171
1611579600,170
1611580500,209
1611581400,178
1611582300,147
1611583200,393
1611584100,184
1611585000,228
1611585900,223
1611586800,170
1611587700,177
1611588600,155
1611589500,136
1611590400,140
1611591300,207
1611592200,253
1611593100,216
1611594000,218
1611594900,292
1611595800,262
1611596700,254
1611597600,239
1611598500,316
1611599400,292
1611600300,630
1611601200,360
1611602100,542
1611603000,264
1611603900,193
1611604800,143
1611605700,198
1611606600,173
1611607500,106
1611608400,78
1611609300,74
1611610200,72
1611611100,54
1611612000,37
1611612900,47
1611613800,48
1611614700,47
1611615600,38
1611616500,46
1611617400,66
1611618300,62
1611619200,42
1611620100,41
1611621000,55
1611621900,39
1611622800,45
1611623700,37
1611624600,60
1611625500,40
1611626400,46
1611627300,37
1611628200,60
1611629100,40
1611630000,44
1611630900,40
1611631800,70
1611632700,75
1611633600,63
1611634500,77
1611635400,74
1611636300,89
1611637200,94
1611638100,56
1611639000,57
1611639900,108
1611640800,259
1611641700,227
1611642600,178
1611643500,701
1611644400,663
1611645300,641
1611646200,634
1611647100,279
1611648000,185
1611648900,157
1611649800,154
1611650700,535
1611651600,902
1611652500,879
1611653400,896
1611654300,753
1611655200,522
1611656100,273
1611657000,292
1611657900,211
1611658800,215
1611659700,253
1611660600,221
1611661500,171
1611662400,153
1611663300,148
1611664200,121
1611665100,136
1611666000,97
1611666900,113
1611667800,72
1611668700,73
1611669600,70
1611670500,84
1611671400,74
1611672300,68
1611673200,75
1611674100,83
1611675000,75
1611675900,68
1611676800,74
1611677700,128
1611678600,163
1611679500,171
1611680400,195
1611681300,170
1611682200,146
1611683100,221
1611684000,251
1611684900,272
1611685800,241
1611686700,261
1611687600,369
1611688500,314
1611689400,269
1611690300,403
1611691200,288
1611692100,253
1611693000,198
1611693900,176
1611694800,205
1611695700,196
1611696600,168
1611697500,121
1611698400,120
1611699300,95
1611700200,107
1611701100,72
1611702000,58
1611702900,64
1611703800,53
1611704700,70
1611705600,50
1611706500,57
1611707400,49
1611708300,69
1611709200,49
1611710100,51
1611711000,56
1611711900,63
1611712800,57
1611713700,51
1611714600,59
1611715500,72
1611716400,57
1611717300,50
1611718200,53
1611719100,68
1611720000,79
1611720900,138
1611721800,96
1611722700,141
1611723600,121
1611724500,124
1611725400,97
1611726300,418
1611727200,537
1611728100,601
1611729000,430
1611729900,507
1611730800,191
1611731700,184
1611732600,158
1611733500,132
1611734400,128
1611735300,214
1611736200,190
1611737100,230
1611738000,266
1611738900,156
1611739800,376
1611740700,445
1611741600,146
1611742500,131
1611743400,218
1611744300,178
1611745200,166
1611746100,207
1611747000,161
1611747900,801
1611748800,178
1611749700,655
1611750600,182
1611751500,110
1611752400,200
1611753300,449
1611754200,274
1611755100,223
1611756000,150
1611756900,127
1611757800,134
1611758700,171
1611759600,164
1611760500,190
1611761400,188
1611762300,148
1611763200,124
1611764100,164
1611765000,183
1611765900,203
1611766800,199
1611767700,1502
1611768600,2690
1611769500,2670
1611770400,2558
1611771300,1532
1611772200,1449
1611773100,1245
1611774000,1078
1611774900,1178
1611775800,1638
1611776700,953
1611777600,1055
1611778500,181
1611779400,148
1611780300,126
1611781200,124
1611782100,128
1611783000,64
1611783900,58
1611784800,40
1611785700,47
1611786600,40
1611787500,55
1611788400,43
1611789300,39
1611790200,55
1611791100,43
1611792000,46
1611792900,40
1611793800,59
1611794700,39
1611795600,47
1611796500,40
1611797400,56
1611798300,45
1611799200,39
1611800100,51
1611801000,64
1611801900,65
1611802800,54
1611803700,52
1611804600,49
1611805500,42
1611806400,68
1611807300,86
1611808200,136
1611809100,103
1611810000,109
1611810900,273
1611811800,120
1611812700,97
1611813600,130
1611814500,142
1611815400,233
1611816300,241
1611817200,167
1611818100,120
1611819000,121
1611819900,90
1611820800,66
1611821700,67
1611822600,117
1611823500,157
1611824400,79
1611825300,81
1611826200,162
1611827100,82
1611828000,119
1611828900,90
1611829800,121
1611830700,105
1611831600,139
1611832500,125
1611833400,138
1611834300,164
1611835200,126
1611836100,204
1611837000,193
1611837900,164
1611838800,163
1611839700,157
1611840600,233
1611841500,225
1611842400,247
1611843300,302
1611844200,208
1611845100,169
1611846000,180
1611846900,171
1611847800,171
1611848700,165
1611849600,265
1611850500,215
1611851400,214
1611852300,567
1611853200,256
1611854100,215
1611855000,185
1611855900,270
1611856800,216
1611857700,229
1611858600,258
1611859500,247
1611860400,194
1611861300,261
1611862200,461
1611863100,276
1611864000,191
1611864900,211
1611865800,180
1611866700,181
1611867600,206
1611868500,180
1611869400,149
1611870300,149
1611871200,171
1611872100,100
1611873000,58
1611873900,71
1611874800,62
1611875700,58
1611876600,60
1611877500,67
1611878400,63
1611879300,55
1611880200,65
1611881100,68
1611882000,62
1611882900,54
1611883800,68
1611884700,83
1611885600,72
1611886500,70
1611887400,60
1611888300,81
1611889200,81
1611890100,88
1611891000,85
1611891900,91
1611892800,60
1611893700,53
1611894600,72
1611895500,84
1611896400,122
1611897300,235
1611898200,178
1611899100,104
1611900000,111
1611900900,141
1611901800,238
1611902700,827
1611903600,342
1611904500,564
1611905400,263
1611906300,258
1611907200,328
1611908100,173
1611909000,269
1611909900,397
1611910800,84
1611911700,67
1611912600,62
1611913500,131
1611914400,69
1611915300,94
1611916200,309
1611917100,350
1611918000,149
1611918900,113
1611919800,93
1611920700,97
1611921600,156
1611922500,120
1611923400,159
1611924300,104
1611925200,113
1611926100,127
1611927000,108
1611927900,104
1611928800,144
1611929700,124
1611930600,175
1611931500,132
1611932400,179
1611933300,138
1611934200,107
1611935100,119
1611936000,152
1611936900,127
1611937800,111
1611938700,159
1611939600,191
1611940500,214
1611941400,182
1611942300,209
1611943200,225
1611944100,515
1611945000,529
1611945900,244
1611946800,383
1611947700,305
1611948600,231
1611949500,168
1611950400,204
1611951300,205
1611952200,137
1611953100,109
1611954000,89
1611954900,124
1611955800,62
1611956700,45
1611957600,36
1611958500,57
1611959400,41
1611960300,38
1611961200,46
1611962100,48
1611963000,50
1611963900,55
1611964800,60
1611965700,72
1611966600,37
1611967500,46
1611968400,37
1611969300,58
1611970200,49
1611971100,37
1611972000,47
1611972900,43
1611973800,53
1611974700,45
1611975600,120
1611976500,153
1611977400,146
1611978300,142
1611979200,128
1611980100,164
1611981000,89
1611981900,67
1611982800,75
1611983700,103
1611984600,136
1611985500,111
1611986400,121
1611987300,311
1611988200,270
1611989100,116
1611990000,122
1611990900,449
1611991800,95
1611992700,112
1611993600,300
1611994500,629
1611995400,623
1611996300,651
1611997200,182
1611998100,153
1611999000,107
1611999900,118
1612000800,204
1612001700,117
1612002600,235
1612003500,118
1612004400,95
1612005300,742
1612006200,711
1612007100,680
1612008000,261
1612008900,85
1612009800,100
1612010700,185
1612011600,132
1612012500,138
1612013400,126
1612014300,135
1612015200,114
1612016100,133
1612017000,128
1612017900,140
1612018800,132
1612019700,173
1612020600,367
1612021500,1420
1612022400,847
1612023300,819
1612024200,404
1612025100,205
1612026000,198
1612026900,282
1612027800,347
1612028700,1127
1612029600,1323
1612030500,1011
1612031400,824
1612032300,766
1612033200,538
1612034100,269
1612035000,234
1612035900,205
1612036800,181
1612037700,175
1612038600,172
1612039500,140
1612040400,164
1612041300,160
1612042200,150
1612043100,137
1612044000,134
1612044900,127
1612045800,105
1612046700,50
1612047600,46
1612048500,42
1612049400,56
1612050300,37
1612051200,47
1612052100,46
1612053000,52
1612053900,100
1612054800,79
1612055700,90
1612056600,118
1612057500,75
1612058400,56
1612059300,77
1612060200,48
1612061100,55
1612062000,46
1612062900,66
1612063800,46
1612064700,51
1612065600,44
1612066500,63
1612067400,56
1612068300,52
1612069200,47
1612070100,88
1612071000,73
1612071900,75
1612072800,67
1612073700,75
1612074600,54
1612075500,54
1612076400,44
1612077300,83
1612078200,250
1612079100,129
1612080000,176
1612080900,119
1612081800,104
1612082700,89
1612083600,85
1612084500,118
1612085400,94
1612086300,101
1612087200,87
1612088100,94
1612089000,93
1612089900,100
1612090800,183
1612091700,81
1612092600,75
1612093500,91
1612094400,77
1612095300,95
1612096200,91
1612097100,104
1612098000,87
1612098900,89
1612099800,180
1612100700,173
1612101600,273
1612102500,206
1612103400,148
1612104300,213
1612105200,251
1612106100,240
1612107000,244
1612107900,238
1612108800,238
1612109700,224
1612110600,275
1612111500,302
1612112400,326
1612113300,278
1612114200,252
1612115100,240
1612116000,269
1612116900,248
1612117800,234
1612118700,213
1612119600,276
1612120500,233
1612121400,150
1612122300,143
1612123200,154
1612124100,164
1612125000,167
1612125900,169
1612126800,157
1612127700,148
1612128600,121
1612129500,136
1612130400,61
1612131300,74
1612132200,68
1612133100,80
1612134000,72
1612134900,63
1612135800,71
1612136700,66
1612137600,55
1612138500,37
1612139400,54
1612140300,43
1612141200,44
1612142100,49
1612143000,68
1612143900,63
1612144800,43
1612145700,47
1612146600,47
1612147500,51
1612148400,39
1612149300,47
1612150200,63
1612151100,75
1612152000,60
1612152900,65
1612153800,66
1612154700,60
1612155600,50
1612156500,93
1612157400,127
1612158300,261
1612159200,186
1612160100,161
1612161000,146
1612161900,403
1612162800,106
1612163700,81
1612164600,73
1612165500,83
1612166400,348
1612167300,132
1612168200,85
1612169100,101
1612170000,308
1612170900,278
1612171800,437
1612172700,435
1612173600,138
1612174500,235
1612175400,144
1612176300,122
1612177200,177
1612178100,127
1612179000,155
1612179900,751
1612180800,381
1612181700,468
1612182600,424
1612183500,142
1612184400,129
1612185300,82
1612186200,129
1612187100,117
1612188000,111
1612188900,104
1612189800,110
1612190700,111
1612191600,111
1612192500,129
1612193400,123
1612194300,212
1612195200,140
1612196100,170
1612197000,241
1612197900,201
1612198800,156
1612199700,195
1612200600,209
1612201500,232
1612202400,253
1612203300,259
1612204200,214
1612205100,233
1612206000,247
1612206900,283
1612207800,294
1612208700,217
1612209600,189
1612210500,211
1612211400,256
1612212300,182
1612213200,169
1612214100,225
1612215000,169
1612215900,139
1612216800,115
1612217700,96
1612218600,82
1612219500,80
1612220400,69
1612221300,63
1612222200,69
1612223100,63
1612224000,57
1612224900,61
1612225800,79
1612226700,75
1612227600,76
1612228500,58
1612229400,76
1612230300,53
1612231200,53
1612232100,39
1612233000,127
1612233900,75
1612234800,82
1612235700,52
1612236600,51
1612237500,47
1612238400,38
1612239300,66
1612240200,66
1612241100,74
1612242000,81
1612242900,261
1612243800,233
1612244700,229
1612245600,183
1612246500,178
1612247400,108
1612248300,90
1612249200,101
1612250100,90
1612251000,99
1612251900,96
1612252800,108
1612253700,95
1612254600,138
1612255500,90
1612256400,97
1612257300,69
1612258200,58
1612259100,68
1612260000,95
1612260900,102
1612261800,108
1612262700,135
1612263600,126
1612264500,196
1612265400,141
1612266300,161
1612267200,166
1612268100,135
1612269000,555
1612269900,483
1612270800,336
1612271700,487
1612272600,94
1612273500,100
1612274400,103
1612275300,118
1612276200,98
1612277100,90
1612278000,82
1612278900,100
1612279800,82
1612280700,88
1612281600,95
1612282500,199
1612283400,493
1612284300,703
1612285200,306
1612286100,209
1612287000,227
1612287900,235
1612288800,235
1612289700,249
1612290600,226
1612291500,601
1612292400,1042
1612293300,893
1612294200,776
1612295100,347
1612296000,181
1612296900,204
1612297800,171
1612298700,164
1612299600,162
1612300500,238
1612301400,136
1612302300,118
1612303200,87
1612304100,61
1612305000,69
1612305900,62
1612306800,80
1612307700,61
1612308600,69
1612309500,65
1612310400,78
1612311300,60
1612312200,66
1612313100,66
1612314000,70
1612314900,66
1612315800,66
1612316700,85
1612317600,77
1612318500,67
1612319400,53
1612320300,55
1612321200,52
1612322100,47
1612323000,105
1612323900,112
1612324800,114
1612325700,103
1612326600,142
1612327500,151
1612328400,181
1612329300,76
1612330200,65
1612331100,61
1612332000,88
1612332900,297
1612333800,92
1612334700,352
1612335600,456
1612336500,182
1612337400,120
1612338300,122
1612339200,80
1612340100,100
1612341000,104
1612341900,100
1612342800,364
1612343700,121
1612344600,130
1612345500,219
1612346400,242
1612347300,142
1612348200,137
1612349100,119
1612350000,104
1612350900,95
1612351800,108
1612352700,99
1612353600,169
1612354500,161
1612355400,318
1612356300,169
1612357200,140
1612358100,175
1612359000,442
1612359900,150
1612360800,102
1612361700,104
1612362600,98
1612363500,120
1612364400,131
1612365300,187
1612366200,135
1612367100,260
1612368000,230
1612368900,675
1612369800,287
1612370700,253
1612371600,181
1612372500,181
1612373400,162
1612374300,158
1612375200,192
1612376100,247
1612377000,177
1612377900,203
1612378800,239
1612379700,200
1612380600,169
1612381500,173
1612382400,169
1612383300,163
1612384200,163
1612385100,173
1612386000,176
1612386900,131
1612387800,136
1612388700,138
1612389600,92
1612390500,88
1612391400,70
1612392300,83
1612393200,68
1612394100,75
1612395000,54
1612395900,71
1612396800,50
1612397700,58
1612398600,50
1612399500,70
1612400400,52
1612401300,51
1612402200,61
1612403100,61
1612404000,49
1612404900,39
1612405800,47
1612406700,46
1612407600,51
1612408500,40
1612409400,38
1612410300,53
1612411200,60
1612412100,141
1612413000,99
1612413900,114
1612414800,143
1612415700,159
1612416600,327
1612417500,111
1612418400,187
1612419300,144
1612420200,76
1612421100,90
1612422000,99
1612422900,105
1612423800,94
1612424700,92
1612425600,77
1612426500,79
1612427400,149
1612428300,135
1612429200,192
1612430100,99
1612431000,102
1612431900,152
1612432800,149
1612433700,93
1612434600,134
1612435500,138
1612436400,121
1612437300,108
1612438200,153
1612439100,154
1612440000,160
1612440900,135
1612441800,104
1612442700,73
1612443600,77
1612444500,72
1612445400,65
1612446300,142
1612447200,146
1612448100,139
1612449000,117
1612449900,98
1612450800,122
1612451700,101
1612452600,105
1612453500,96
1612454400,128
1612455300,141
1612456200,207
1612457100,174
1612458000,144
1612458900,147
1612459800,166
1612460700,197
1612461600,591
1612462500,697
1612463400,430
1612464300,667
1612465200,261
1612466100,173
1612467000,198
1612467900,179
1612468800,179
1612469700,141
1612470600,153
1612471500,109
1612472400,112
1612473300,97
1612474200,38
1612475100,51
1612476000,41
1612476900,44
1612477800,34
1612478700,62
1612479600,55
1612480500,45
1612481400,43
1612482300,49
1612483200,44
1612484100,36
1612485000,45
1612485900,49
1612486800,43
1612487700,39
1612488600,37
1612489500,58
1612490400,36
1612491300,46
1612492200,36
1612493100,80
1612494000,93
1612494900,85
1612495800,55
1612496700,46
1612497600,50
1612498500,36
1612499400,44
1612500300,43
1612501200,74
1612502100,230
1612503000,79
1612503900,128
1612504800,152
1612505700,238
1612506600,214
1612507500,258
1612508400,122
1612509300,129
1612510200,96
1612511100,86
1612512000,177
1612512900,180
1612513800,258
1612514700,241
1612515600,91
1612516500,149
1612517400,82
1612518300,156
1612519200,61
1612520100,176
1612521000,107
1612521900,116
1612522800,95
1612523700,91
1612524600,82
1612525500,104
1612526400,109
1612527300,172
1612528200,254
1612529100,102
1612530000,92
1612530900,80
1612531800,89
1612532700,90
1612533600,92
1612534500,81
1612535400,83
1612536300,105
1612537200,108
1612538100,208
1612539000,518
1612539900,253
1612540800,159
1612541700,196
1612542600,181
1612543500,264
1612544400,945
1612545300,249
1612546200,953
1612547100,367
1612548000,197
1612548900,183
1612549800,174
1612550700,166
1612551600,151
1612552500,185
1612553400,147
1612554300,157
1612555200,159
1612556100,154
1612557000,147
1612557900,164
1612558800,147
1612559700,149
1612560600,150
1612561500,77
1612562400,61
1612563300,53
1612564200,60
1612565100,46
1612566000,50
1612566900,54
1612567800,55
1612568700,62
1612569600,64
1612570500,67
1612571400,57
1612572300,55
1612573200,48
1612574100,51
1612575000,65
1612575900,47
1612576800,55
1612577700,49
1612578600,75
1612579500,41
1612580400,42
1612581300,69
1612582200,96
1612583100,98
1612584000,68
1612584900,44
1612585800,50
1612586700,44
1612587600,37
1612588500,37
1612589400,53
1612590300,54
1612591200,67
1612592100,55
1612593000,85
1612593900,198
1612594800,128
1612595700,65
1612596600,71
1612597500,191
1612598400,150
1612599300,151
1612600200,107
1612601100,137
1612602000,84
1612602900,86
1612603800,89
1612604700,63
1612605600,131
1612606500,113
1612607400,84
1612608300,94
1612609200,105
1612610100,74
1612611000,75
1612611900,73
1612612800,91
1612613700,117
1612614600,168
1612615500,117
1612616400,137
1612617300,144
1612618200,153
1612619100,187
1612620000,179
1612620900,225
1612621800,231
1612622700,201
1612623600,200
1612624500,189
1612625400,197
1612626300,185
1612627200,219
1612628100,258
1612629000,203
1612629900,210
1612630800,263
1612631700,280
1612632600,245
1612633500,236
1612634400,234
1612635300,377
1612636200,238
1612637100,242
1612638000,254
1612638900,253
1612639800,199
1612640700,188
1612641600,202
1612642500,188
1612643400,171
1612644300,170
1612645200,176
1612646100,98
1612647000,74
1612647900,122
1612648800,80
1612649700,66
1612650600,60
1612651500,71
1612652400,89
1612653300,74
1612654200,63
1612655100,62
1612656000,77
1612656900,57
1612657800,62
1612658700,55
1612659600,67
1612660500,50
1612661400,56
1612662300,56
1612663200,61
1612664100,82
1612665000,91
1612665900,80
1612666800,79
1612667700,62
1612668600,52
1612669500,55
1612670400,68
1612671300,52
1612672200,59
1612673100,52
1612674000,69
1612674900,55
1612675800,72
1612676700,74
1612677600,121
1612678500,136
1612679400,136
1612680300,169
1612681200,127
1612682100,246
1612683000,224
1612683900,92
1612684800,81
1612685700,99
1612686600,111
1612687500,101
1612688400,113
1612689300,150
1612690200,113
1612691100,127
1612692000,406
1612692900,121
1612693800,226
1612694700,490
1612695600,486
1612696500,138
1612697400,115
1612698300,131
1612699200,103
1612700100,123
1612701000,124
1612701900,117
1612702800,111
1612703700,104
1612704600,110
1612705500,112
1612706400,129
1612707300,114
1612708200,95
1612709100,93
1612710000,91
1612710900,92
1612711800,83
1612712700,97
1612713600,104
1612714500,112
1612715400,70
1612716300,75
1612717200,87
1612718100,75
1612719000,102
1612719900,146
1612720800,148
1612721700,224
1612722600,272
1612723500,866
1612724400,453
1612725300,584
1612726200,482
1612727100,270
1612728000,259
1612728900,284
1612729800,256
1612730700,354
1612731600,214
1612732500,190
1612733400,136
1612734300,126
1612735200,118
1612736100,79
1612737000,74
1612737900,68
1612738800,74
1612739700,82
1612740600,67
1612741500,81
1612742400,85
1612743300,98
1612744200,65
1612745100,70
1612746000,55
1612746900,71
1612747800,51
1612748700,50
1612749600,56
1612750500,62
1612751400,72
1612752300,77
1612753200,95
1612754100,94
1612755000,96
1612755900,102
1612756800,104
1612757700,104
1612758600,81
1612759500,59
1612760400,49
1612761300,58
1612762200,64
1612763100,57
1612764000,124
1612764900,243
1612765800,473
1612766700,870
1612767600,629
1612768500,626
1612769400,353
1612770300,143
1612771200,103
1612772100,103
1612773000,102
1612773900,88
1612774800,88
1612775700,84
1612776600,78
1612777500,78
1612778400,99
1612779300,79
1612780200,104
1612781100,96
1612782000,111
1612782900,113
1612783800,108
1612784700,97
1612785600,92
1612786500,114
1612787400,97
1612788300,132
1612789200,106
1612790100,132
1612791000,404
1612791900,1353
1612792800,1313
1612793700,1396
1612794600,1299
1612795500,809
1612796400,269
1612797300,190
1612798200,306
1612799100,231
1612800000,264
1612800900,517
1612801800,491
1612802700,301
1612803600,562
1612804500,325
1612805400,260
1612806300,212
1612807200,214
1612808100,181
1612809000,227
1612809900,219
1612810800,223
1612811700,185
1612812600,196
1612813500,175
1612814400,216
1612815300,227
1612816200,202
1612817100,173
1612818000,140
1612818900,141
1612819800,140
1612820700,114
1612821600,73
1612822500,71
1612823400,80
1612824300,50
1612825200,57
1612826100,59
1612827000,79
1612827900,64
1612828800,55
1612829700,64
1612830600,51
1612831500,58
1612832400,51
1612833300,71
1612834200,49
1612835100,67
1612836000,65
1612836900,66
1612837800,56
1612838700,51
1612839600,58
1612840500,77
1612841400,75
1612842300,53
1612843200,56
1612844100,65
1612845000,105
1612845900,99
1612846800,107
1612847700,100
1612848600,85
1612849500,75
1612850400,99
1612851300,313
1612852200,166
1612853100,150
1612854000,136
1612854900,141
1612855800,189
1612856700,164
1612857600,152
1612858500,130
1612859400,127
1612860300,688
1612861200,439
1612862100,589
1612863000,632
1612863900,379
1612864800,511
1612865700,201
1612866600,159
1612867500,171
1612868400,190
1612869300,121
1612870200,111
1612871100,112
1612872000,88
1612872900,802
1612873800,1658
1612874700,1215
1612875600,1306
1612876500,1034
1612877400,604
1612878300,164
1612879200,137
1612880100,146
1612881000,117
1612881900,106
1612882800,106
1612883700,112
1612884600,126
1612885500,139
1612886400,175
1612887300,194
1612888200,253
1612889100,230
1612890000,188
1612890900,192
1612891800,552
1612892700,570
1612893600,268
1612894500,299
1612895400,264
1612896300,428
1612897200,350
1612898100,233
1612899000,193
1612899900,151
1612900800,178
1612901700,146
1612902600,135
1612903500,112
1612904400,131
1612905300,119
1612906200,119
1612907100,161
1612908000,113
1612908900,111
1612909800,68
1612910700,80
1612911600,54
1612912500,62
1612913400,59
1612914300,58
1612915200,51
1612916100,49
1612917000,77
1612917900,66
1612918800,64
1612919700,51
1612920600,69
1612921500,49
1612922400,55
1612923300,56
1612924200,58
1612925100,57
1612926000,49
1612926900,64
1612927800,57
1612928700,57
1612929600,49
1612930500,61
1612931400,58
1612932300,69
1612933200,111
1612934100,151
1612935000,151
1612935900,131
1612936800,153
1612937700,321
1612938600,315
1612939500,247
1612940400,319
1612941300,145
1612942200,168
1612943100,522
1612944000,116
1612944900,125
1612945800,127
1612946700,122
1612947600,147
1612948500,183
1612949400,431
1612950300,247
1612951200,157
1612952100,101
1612953000,350
1612953900,142
1612954800,102
1612955700,105
1612956600,101
1612957500,114
1612958400,98
1612959300,111
1612960200,134
1612961100,209
1612962000,175
1612962900,127
1612963800,130
1612964700,168
1612965600,314
1612966500,237
1612967400,178
1612968300,152
1612969200,133
1612970100,137
1612971000,125
1612971900,170
1612972800,180
1612973700,218
1612974600,508
1612975500,686
1612976400,341
1612977300,717
1612978200,190
1612979100,237
1612980000,238
1612980900,218
1612981800,242
1612982700,237
1612983600,230
1612984500,208
1612985400,217
1612986300,223
1612987200,195
1612988100,176
1612989000,145
1612989900,118
1612990800,109
1612991700,125
1612992600,101
1612993500,96
1612994400,68
1612995300,40
1612996200,44
1612997100,35
1612998000,56
1612998900,36
1612999800,42
1613000700,41
1613001600,49
1613002500,37
1613003400,38
1613004300,51
1613005200,46
1613006100,60
1613007000,43
1613007900,57
1613008800,37
1613009700,44
1613010600,38
1613011500,56
1613012400,38
1613013300,37
1613014200,69
1613015100,99
1613016000,143
1613016900,110
1613017800,79
1613018700,78
1613019600,72
1613020500,69
1613021400,66
1613022300,104
1613023200,119
1613024100,274
1613025000,130
1613025900,94
1613026800,84
1613027700,139
1613028600,404
1613029500,408
1613030400,448
1613031300,215
1613032200,331
1613033100,207
1613034000,223
1613034900,167
1613035800,198
1613036700,203
1613037600,239
1613038500,347
1613039400,219
1613040300,166
1613041200,164
1613042100,207
1613043000,220
1613043900,224
1613044800,244
1613045700,227
1613046600,160
1613047500,172
1613048400,298
1613049300,210
1613050200,220
1613051100,198
1613052000,188
1613052900,162
1613053800,152
1613054700,150
1613055600,211
1613056500,148
1613057400,121
1613058300,120
1613059200,176
1613060100,380
1613061000,286
1613061900,156
1613062800,149
1613063700,193
1613064600,227
1613065500,232
1613066400,202
1613067300,195
1613068200,199
1613069100,209
1613070000,215
1613070900,232
1613071800,236
1613072700,215
1613073600,197
1613074500,198
1613075400,237
1613076300,180
1613077200,191
1613078100,130
1613079000,211
1613079900,73
1613080800,81
1613081700,71
1613082600,60
1613083500,75
1613084400,65
1613085300,65
1613086200,56
1613087100,75
1613088000,54
1613088900,70
1613089800,77
1613090700,72
1613091600,62
1613092500,56
1613093400,66
1613094300,70
1613095200,74
1613096100,64
1613097000,108
1613097900,114
1613098800,98
1613099700,105
1613100600,103
1613101500,93
1613102400,63
1613103300,59
1613104200,93
1613105100,291
1613106000,137
1613106900,118
1613107800,106
1613108700,129
1613109600,394
1613110500,260
1613111400,113
1613112300,186
1613113200,176
1613114100,207
1613115000,191
1613115900,300
1613116800,577
1613117700,602
1613118600,439
1613119500,613
1613120400,160
1613121300,148
1613122200,224
1613123100,358
1613124000,300
1613124900,172
1613125800,267
1613126700,194
1613127600,337
1613128500,170
1613129400,111
1613130300,73
1613131200,130
1613132100,173
1613133000,166
1613133900,207
1613134800,182
1613135700,179
1613136600,131
1613137500,126
1613138400,122
1613139300,165
1613140200,150
1613141100,294
1613142000,610
1613142900,680
1613143800,651
1613144700,654
1613145600,187
1613146500,183
1613147400,167
1613148300,177
1613149200,182
1613150100,155
1613151000,321
1613151900,220
1613152800,259
1613153700,184
1613154600,257
1613155500,227
1613156400,166
1613157300,278
1613158200,130
1613159100,172
1613160000,123
1613160900,87
1613161800,95
1613162700,91
1613163600,113
1613164500,146
1613165400,139
1613166300,153
1613167200,166
1613168100,117
1613169000,110
1613169900,112
1613170800,138
1613171700,125
1613172600,106
1613173500,49
1613174400,48
1613175300,86
1613176200,51
1613177100,45
1613178000,46
1613178900,41
1613179800,39
1613180700,38
1613181600,55
1613182500,36
1613183400,44
1613184300,51
1613185200,72
1613186100,37
1613187000,62
1613187900,56
1613188800,71
1613189700,58
1613190600,48
1613191500,44
1613192400,83
1613193300,79
1613194200,36
1613195100,55
1613196000,66
1613196900,66
1613197800,62
1613198700,60
1613199600,61
1613200500,99
1613201400,194
1613202300,147
1613203200,576
1613204100,1235
1613205000,755
1613205900,669
1613206800,215
1613207700,155
1613208600,141
1613209500,651
1613210400,473
1613211300,318
1613212200,218
1613213100,157
1613214000,267
1613214900,492
1613215800,644
1613216700,205
1613217600,747
1613218500,120
1613219400,112
1613220300,126
1613221200,125
1613222100,105
1613223000,127
1613223900,106
1613224800,119
1613225700,152
1613226600,152
1613227500,182
1613228400,170
1613229300,165
1613230200,152
1613231100,162
1613232000,266
1613232900,195
1613233800,278
1613234700,184
1613235600,222
1613236500,305
1613237400,295
1613238300,273
1613239200,251
1613240100,248
1613241000,255
1613241900,268
1613242800,277
1613243700,246
1613244600,233
1613245500,267
1613246400,187
1613247300,221
1613248200,328
1613249100,254
1613250000,237
1613250900,333
1613251800,198
1613252700,199
1613253600,156
1613254500,124
1613255400,144
1613256300,120
1613257200,87
1613258100,75
1613259000,80
1613259900,72
1613260800,65
1613261700,93
1613262600,94
1613263500,70
1613264400,64
1613265300,66
1613266200,73
1613267100,60
1613268000,66
1613268900,59
1613269800,53
1613270700,40
1613271600,38
1613272500,53
1613273400,46
1613274300,47
1613275200,38
1613276100,56
1613277000,113
1613277900,91
1613278800,118
1613279700,89
1613280600,78
1613281500,58
1613282400,65
1613283300,40
1613284200,50
1613285100,46
1613286000,39
1613286900,65
1613287800,61
1613288700,219
1613289600,73
1613290500,286
1613291400,160
1613292300,127
1613293200,302
1613294100,557
1613295000,157
1613295900,132
1613296800,204
1613297700,309
1613298600,121
1613299500,189
1613300400,580
1613301300,614
1613302200,383
1613303100,599
1613304000,120
1613304900,152
1613305800,119
1613306700,113
1613307600,84
1613308500,87
1613309400,74
1613310300,74
1613311200,67
1613312100,79
1613313000,186
1613313900,143
1613314800,88
1613315700,86
1613316600,90
1613317500,76
1613318400,96
1613319300,117
1613320200,275
1613321100,99
1613322000,105
1613322900,96
1613323800,110
1613324700,388
1613325600,572
1613326500,285
1613327400,284
1613328300,223
1613329200,187
1613330100,186
1613331000,154
1613331900,141
1613332800,152
1613333700,197
1613334600,200
1613335500,91
1613336400,70
1613337300,83
1613338200,74
1613339100,116
1613340000,95
1613340900,83
1613341800,36
1613342700,56
1613343600,36
1613344500,43
1613345400,36
1613346300,54
1613347200,39
1613348100,42
1613349000,56
1613349900,59
1613350800,49
1613351700,38
1613352600,43
1613353500,37
1613354400,59
1613355300,36
1613356200,66
1613357100,57
1613358000,79
1613358900,67
1613359800,57
1613360700,77
1613361600,98
1613362500,121
1613363400,89
1613364300,45
1613365200,35
1613366100,49
1613367000,48
1613367900,64
1613368800,56
1613369700,91
1613370600,322
1613371500,107
1613372400,89
1613373300,85
1613374200,87
1613375100,79
1613376000,70
1613376900,65
1613377800,66
1613378700,69
1613379600,77
1613380500,77
1613381400,154
1613382300,200
1613383200,119
1613384100,103
1613385000,74
1613385900,85
1613386800,115
1613387700,148
1613388600,252
1613389500,659
1613390400,448
1613391300,335
1613392200,493
1613393100,219
1613394000,153
1613394900,144
1613395800,173
1613396700,159
1613397600,211
1613398500,143
1613399400,146
1613400300,161
1613401200,141
1613402100,166
1613403000,191
1613403900,175
1613404800,169
1613405700,178
1613406600,216
1613407500,187
1613408400,501
1613409300,680
1613410200,701
1613411100,777
1613412000,536
1613412900,274
1613413800,230
1613414700,162
1613415600,141
1613416500,126
1613417400,121
1613418300,171
1613419200,168
1613420100,157
1613421000,136
1613421900,136
1613422800,126
1613423700,145
1613424600,114
1613425500,93
1613426400,107
1613427300,58
1613428200,47
1613429100,41
1613430000,59
1613430900,59
1613431800,62
1613432700,44
1613433600,53
1613434500,48
1613435400,40
1613436300,49
1613437200,55
1613438100,49
1613439000,42
1613439900,47
1613440800,63
1613441700,72
1613442600,49
1613443500,43
1613444400,86
1613445300,81
1613446200,92
1613447100,97
1613448000,102
1613448900,42
1613449800,42
1613450700,47
1613451600,49
1613452500,52
1613453400,53
1613454300,68
1613455200,65
1613456100,108
1613457000,215
1613457900,264
1613458800,117
1613459700,124
1613460600,115
1613461500,104
1613462400,93
1613463300,73
1613464200,232
1613465100,593
1613466000,687
1613466900,235
1613467800,207
1613468700,238
1613469600,146
1613470500,139
1613471400,145
1613472300,139
1613473200,119
1613474100,200
1613475000,173
1613475900,168
1613476800,276
1613477700,221
1613478600,319
1613479500,894
1613480400,1401
1613481300,1032
1613482200,1047
1613483100,652
1613484000,163
1613484900,147
1613485800,153
1613486700,146
1613487600,170
1613488500,169
1613489400,195
1613490300,168
1613491200,185
1613492100,245
1613493000,157
1613493900,176
1613494800,201
1613495700,203
1613496600,258
1613497500,234
1613498400,271
1613499300,248
1613500200,249
1613501100,264
1613502000,277
1613502900,162
1613503800,152
1613504700,167
1613505600,190
1613506500,198
1613507400,198
1613508300,168
1613509200,158
1613510100,158
1613511000,119
1613511900,104
1613512800,105
1613513700,82
1613514600,81
1613515500,91
1613516400,88
1613517300,76
1613518200,74
1613519100,68
1613520000,77
1613520900,73
1613521800,59
1613522700,60
1613523600,99
1613524500,70
1613525400,70
1613526300,54
1613527200,48
1613528100,42
1613529000,43
1613529900,58
1613530800,43
1613531700,49
1613532600,43
1613533500,61
1613534400,75
1613535300,83
1613536200,72
1613537100,124
1613538000,96
1613538900,59
1613539800,91
1613540700,278
1613541600,279
1613542500,148
1613543400,212
1613544300,89
1613545200,130
1613546100,52
1613547000,55
1613547900,49
1613548800,66
1613549700,50
1613550600,50
1613551500,55
1613552400,63
1613553300,75
1613554200,68
1613555100,84
1613556000,74
1613556900,77
1613557800,78
1613558700,82
1613559600,81
1613560500,93
1613561400,86
1613562300,92
1613563200,122
1613564100,108
1613565000,111
1613565900,118
1613566800,152
1613567700,172
1613568600,170
1613569500,181
1613570400,144
1613571300,133
1613572200,129
1613573100,131
1613574000,133
1613574900,138
1613575800,138
1613576700,141
1613577600,130
1613578500,166
1613579400,253
1613580300,206
1613581200,215
1613582100,158
1613583000,270
1613583900,215
1613584800,211
1613585700,208
1613586600,286
1613587500,226
1613588400,400
1613589300,692
1613590200,725
1613591100,340
1613592000,294
1613592900,326
1613593800,320
1613594700,217
1613595600,210
1613596500,164
1613597400,144
1613598300,131
1613599200,125
1613600100,124
1613601000,80
1613601900,235
1613602800,159
1613603700,71
1613604600,63
1613605500,58
1613606400,84
1613607300,78
1613608200,77
1613609100,68
1613610000,88
1613610900,67
1613611800,75
1613612700,68
1613613600,94
1613614500,76
1613615400,69
1613616300,56
1613617200,62
1613618100,59
1613619000,51
1613619900,56
1613620800,84
1613621700,79
1613622600,79
1613623500,98
1613624400,122
1613625300,243
1613626200,373
1613627100,114
1613628000,153
1613628900,165
1613629800,139
1613630700,108
1613631600,117
1613632500,133
1613633400,147
1613634300,136
1613635200,141
1613636100,128
1613637000,150
1613637900,149
1613638800,177
1613639700,120
1613640600,108
1613641500,135
1613642400,175
1613643300,153
1613644200,169
1613645100,193
1613646000,140
1613646900,119
1613647800,111
1613648700,165
1613649600,220
1613650500,166
1613651400,159
1613652300,206
1613653200,882
1613654100,415
1613655000,617
1613655900,441
1613656800,230
1613657700,321
1613658600,256
1613659500,195
1613660400,225
1613661300,348
1613662200,139
1613663100,131
1613664000,120
1613664900,172
1613665800,184
1613666700,177
1613667600,170
1613668500,204
1613669400,209
1613670300,217
1613671200,186
1613672100,211
1613673000,172
1613673900,184
1613674800,174
1613675700,459
1613676600,324
1613677500,206
1613678400,199
1613679300,213
1613680200,141
1613681100,120
1613682000,155
1613682900,117
1613683800,99
1613684700,101
1613685600,72
1613686500,36
1613687400,49
1613688300,44
1613689200,43
1613690100,37
1613691000,55
1613691900,53
1613692800,61
1613693700,49
1613694600,46
1613695500,37
1613696400,42
1613697300,51
1613698200,41
1613699100,41
1613700000,45
1613700900,50
1613701800,38
1613702700,44
1613703600,52
1613704500,44
1613705400,48
1613706300,83
1613707200,125
1613708100,154
1613709000,71
1613709900,78
1613710800,108
1613711700,305
1613712600,219
1613713500,140
1613714400,140
1613715300,211
1613716200,258
1613717100,120
1613718000,140
1613718900,92
1613719800,175
1613720700,108
1613721600,141
1613722500,69
1613723400,318
1613724300,105
1613725200,117
1613726100,165
1613727000,143
1613727900,153
1613728800,173
1613729700,119
1613730600,160
1613731500,204
1613732400,168
1613733300,384
1613734200,242
1613735100,185
1613736000,165
1613736900,265
1613737800,659
1613738700,1305
1613739600,723
1613740500,537
1613741400,450
1613742300,195
1613743200,189
1613744100,193
1613745000,784
1613745900,968
1613746800,824
1613747700,709
1613748600,492
1613749500,192
1613750400,277
1613751300,326
1613752200,264
1613753100,264
1613754000,170
1613754900,206
1613755800,559
1613756700,608
1613757600,627
1613758500,470
1613759400,395
1613760300,426
1613761200,304
1613762100,353
1613763000,428
1613763900,228
1613764800,222
1613765700,214
1613766600,192
1613767500,190
1613768400,88
1613769300,81
1613770200,61
1613771100,71
1613772000,55
1613772900,62
1613773800,63
1613774700,66
1613775600,54
1613776500,62
1613777400,66
1613778300,61
1613779200,63
1613780100,72
1613781000,88
1613781900,60
1613782800,62
1613783700,56
1613784600,72
1613785500,61
1613786400,63
1613787300,55
1613788200,70
1613789100,64
1613790000,63
1613790900,60
1613791800,60
1613792700,78
1613793600,60
1613794500,101
1613795400,90
1613796300,125
1613797200,74
1613798100,64
1613799000,331
1613799900,233
1613800800,229
1613801700,132
1613802600,151
1613803500,148
1613804400,150
1613805300,113
1613806200,115
1613807100,127
1613808000,105
1613808900,98
1613809800,90
1613810700,77
1613811600,111
1613812500,133
1613813400,139
1613814300,144
1613815200,140
1613816100,138
1613817000,145
1613817900,165
1613818800,186
1613819700,154
1613820600,174
1613821500,244
1613822400,246
1613823300,217
1613824200,306
1613825100,225
1613826000,217
1613826900,206
1613827800,234
1613828700,220
1613829600,254
1613830500,250
1613831400,269
1613832300,259
1613833200,239
1613834100,223
1613835000,241
1613835900,226
1613836800,233
1613837700,222
1613838600,245
1613839500,214
1613840400,275
1613841300,333
1613842200,292
1613843100,303
1613844000,233
1613844900,289
1613845800,265
1613846700,289
1613847600,257
1613848500,261
1613849400,236
1613850300,270
1613851200,254
1613852100,465
1613853000,415
1613853900,180
1613854800,216
1613855700,221
1613856600,199
1613857500,169
1613858400,198
1613859300,196
1613860200,198
1613861100,193
1613862000,212
1613862900,181
1613863800,197
1613864700,165
1613865600,150
1613866500,161
1613867400,151
1613868300,164
1613869200,120
1613870100,84
1613871000,86
1613871900,101
1613872800,89
1613873700,82
1613874600,75
1613875500,84
1613876400,85
1613877300,76
1613878200,79
1613879100,88
1613880000,99
1613880900,72
1613881800,81
1613882700,71
1613883600,92
1613884500,103
1613885400,90
1613886300,248
1613887200,321
1613888100,402
1613889000,194
1613889900,120
1613890800,131
1613891700,490
1613892600,214
1613893500,124
1613894400,348
1613895300,322
1613896200,129
1613897100,129
1613898000,123
1613898900,243
1613899800,554
1613900700,310
1613901600,563
1613902500,308
1613903400,151
1613904300,112
1613905200,116
1613906100,105
1613907000,177
1613907900,156
1613908800,169
1613909700,151
1613910600,155
1613911500,115
1613912400,203
1613913300,155
1613914200,178
1613915100,153
1613916000,142
1613916900,154
1613917800,243
1613918700,379
1613919600,157
1613920500,147
1613921400,368
1613922300,370
1613923200,234
1613924100,238
1613925000,283
1613925900,274
1613926800,365
1613927700,398
1613928600,339
1613929500,250
1613930400,229
1613931300,234
1613932200,233
1613933100,226
1613934000,228
1613934900,253
1613935800,285
1613936700,225
1613937600,256
1613938500,292
1613939400,212
1613940300,366
1613941200,238
1613942100,194
1613943000,162
1613943900,159
1613944800,154
1613945700,163
1613946600,113
1613947500,127
1613948400,106
1613949300,98
1613950200,90
1613951100,97
1613952000,92
1613952900,92
1613953800,102
1613954700,98
1613955600,95
1613956500,74
1613957400,77
1613958300,70
1613959200,70
1613960100,65
1613961000,73
1613961900,74
1613962800,78
1613963700,109
1613964600,88
1613965500,76
1613966400,61
1613967300,70
1613968200,72
1613969100,78
1613970000,64
1613970900,86
1613971800,311
1613972700,343
1613973600,357
1613974500,105
1613975400,101
1613976300,113
1613977200,132
1613978100,131
1613979000,131
1613979900,132
1613980800,127
1613981700,479
1613982600,439
1613983500,204
1613984400,73
1613985300,83
1613986200,493
1613987100,609
1613988000,115
1613988900,121
1613989800,212
1613990700,131
1613991600,216
1613992500,313
1613993400,213
1613994300,208
1613995200,212
1613996100,123
1613997000,138
1613997900,820
1613998800,1274
1613999700,1197
1614000600,1193
1614001500,1174
1614002400,657
1614003300,147
1614004200,126
1614005100,115
1614006000,151
1614006900,125
1614007800,147
1614008700,347
1614009600,754
1614010500,1113
1614011400,1063
1614012300,747
1614013200,696
1614014100,665
1614015000,281
1614015900,308
1614016800,266
1614017700,277
1614018600,1188
1614019500,2814
1614020400,2608
1614021300,2409
1614022200,1215
1614023100,1478
1614024000,1135
1614024900,1463
1614025800,1358
1614026700,1018
1614027600,1152
1614028500,1469
1614029400,378
1614030300,156
1614031200,134
1614032100,132
1614033000,95
1614033900,90
1614034800,80
1614035700,102
1614036600,84
1614037500,74
1614038400,74
1614039300,84
1614040200,82
1614041100,68
1614042000,84
1614042900,86
1614043800,93
1614044700,78
1614045600,84
1614046500,100
1614047400,63
1614048300,75
1614049200,66
1614050100,51
1614051000,68
1614051900,58
1614052800,69
1614053700,48
1614054600,55
1614055500,51
1614056400,65
1614057300,53
1614058200,86
1614059100,126
1614060000,297
1614060900,332
1614061800,247
1614062700,404
1614063600,342
1614064500,277
1614065400,55
1614066300,67
1614067200,69
1614068100,60
1614069000,47
1614069900,80
1614070800,80
1614071700,89
1614072600,76
1614073500,85
1614074400,74
1614075300,65
1614076200,73
1614077100,64
1614078000,74
1614078900,80
1614079800,162
1614080700,170
1614081600,175
1614082500,122
1614083400,103
1614084300,84
1614085200,93
1614086100,102
1614087000,136
1614087900,124
1614088800,120
1614089700,149
1614090600,251
1614091500,215
1614092400,296
1614093300,328
1614094200,151
1614095100,163
1614096000,197
1614096900,181
1614097800,189
1614098700,388
1614099600,451
1614100500,131
1614101400,152
1614102300,145
1614103200,169
1614104100,174
1614105000,183
1614105900,142
1614106800,181
1614107700,193
1614108600,191
1614109500,211
1614110400,219
1614111300,169
1614112200,135
1614113100,138
1614114000,81
1614114900,80
1614115800,59
1614116700,49
1614117600,88
1614118500,67
1614119400,67
1614120300,61
1614121200,73
1614122100,72
1614123000,76
1614123900,80
1614124800,64
1614125700,65
1614126600,43
1614127500,53
1614128400,45
1614129300,58
1614130200,50
1614131100,49
1614132000,61
1614132900,49
1614133800,58
1614134700,66
1614135600,76
1614136500,74
1614137400,94
1614138300,128
1614139200,93
1614140100,97
1614141000,79
1614141900,56
1614142800,45
1614143700,39
1614144600,47
1614145500,95
1614146400,281
1614147300,138
1614148200,127
1614149100,239
1614150000,130
1614150900,94
1614151800,126
1614152700,134
1614153600,109
1614154500,634
1614155400,365
1614156300,335
1614157200,354
1614158100,341
1614159000,433
1614159900,406
1614160800,689
1614161700,551
1614162600,220
1614163500,189
1614164400,133
1614165300,113
1614166200,79
1614167100,346
1614168000,98
1614168900,135
1614169800,142
1614170700,146
1614171600,267
1614172500,428
1614173400,133
1614174300,124
1614175200,125
1614176100,99
1614177000,108
1614177900,108
1614178800,112
1614179700,89
1614180600,109
1614181500,81
1614182400,101
1614183300,158
1614184200,166
1614185100,161
1614186000,180
1614186900,202
1614187800,200
1614188700,206
1614189600,273
1614190500,287
1614191400,544
1614192300,458
1614193200,281
1614194100,239
1614195000,200
1614195900,174
1614196800,302
1614197700,212
1614198600,179
1614199500,166
1614200400,173
1614201300,139
1614202200,117
1614203100,121
1614204000,103
1614204900,119
1614205800,114
1614206700,123
1614207600,78
1614208500,80
1614209400,69
1614210300,78
1614211200,61
1614212100,62
1614213000,64
1614213900,70
1614214800,62
1614215700,48
1614216600,59
1614217500,52
1614218400,56
1614219300,38
1614220200,53
1614221100,45
1614222000,70
1614222900,41
1614223800,50
1614224700,55
1614225600,62
1614226500,53
1614227400,43
1614228300,47
1614229200,56
1614230100,90
1614231000,65
1614231900,143
1614232800,401
1614233700,205
1614234600,491
1614235500,394
1614236400,249
1614237300,115
1614238200,95
1614239100,249
1614240000,105
1614240900,80
1614241800,76
1614242700,97
1614243600,67
1614244500,46
1614245400,43
1614246300,42
1614247200,68
1614248100,54
1614249000,74
1614249900,79
1614250800,87
1614251700,91
1614252600,73
1614253500,74
1614254400,76
1614255300,86
1614256200,166
1614257100,124
1614258000,116
1614258900,122
1614259800,141
1614260700,130
1614261600,97
1614262500,117
1614263400,88
1614264300,102
1614265200,85
1614266100,137
1614267000,119
1614267900,120
1614268800,109
1614269700,92
1614270600,86
1614271500,94
1614272400,90
1614273300,105
1614274200,86
1614275100,93
1614276000,91
1614276900,115
1614277800,102
1614278700,93
1614279600,89
1614280500,95
1614281400,101
1614282300,94
1614283200,87
1614284100,98
1614285000,161
1614285900,221
1614286800,200
1614287700,179
1614288600,145
1614289500,163
1614290400,148
1614291300,165
1614292200,159
1614293100,146
1614294000,95
1614294900,94
1614295800,88
1614296700,80
1614297600,96
1614298500,74
1614299400,56
1614300300,56
1614301200,56
1614302100,60
1614303000,59
1614303900,83
1614304800,91
1614305700,84
1614306600,87
1614307500,73
1614308400,72
1614309300,56
1614310200,109
1614311100,83
1614312000,99
1614312900,60
1614313800,82
1614314700,94
1614315600,187
1614316500,209
1614317400,339
1614318300,427
1614319200,295
1614320100,136
1614321000,105
1614321900,96
1614322800,103
1614323700,242
1614324600,109
1614325500,138
1614326400,92
1614327300,91
1614328200,73
1614329100,115
1614330000,60
1614330900,59
1614331800,66
1614332700,326
1614333600,124
1614334500,98
1614335400,164
1614336300,303
1614337200,156
1614338100,106
1614339000,114
1614339900,105
1614340800,125
1614341700,132
1614342600,113
1614343500,613
1614344400,311
1614345300,191
1614346200,166
1614347100,126
1614348000,111
1614348900,114
1614349800,201
1614350700,325
1614351600,147
1614352500,143
1614353400,152
1614354300,149
1614355200,144
1614356100,308
1614357000,186
1614357900,201
1614358800,247
1614359700,229
1614360600,225
1614361500,227
1614362400,248
1614363300,241
1614364200,312
1614365100,231
1614366000,247
1614366900,277
1614367800,237
1614368700,282
1614369600,288
1614370500,270
1614371400,244
1614372300,266
1614373200,228
1614374100,329
1614375000,158
1614375900,116
1614376800,109
1614377700,113
1614378600,95
1614379500,132
1614380400,99
1614381300,122
1614382200,107
1614383100,113
1614384000,98
1614384900,118
1614385800,101
1614386700,105
1614387600,98
1614388500,121
1614389400,106
1614390300,114
1614391200,103
1614392100,117
1614393000,98
1614393900,104
1614394800,98
1614395700,118
1614396600,96
1614397500,105
1614398400,107
1614399300,121
1614400200,102
1614401100,109
1614402000,118
1614402900,145
1614403800,212
1614404700,195
1614405600,150
1614406500,162
1614407400,160
1614408300,309
1614409200,117
1614410100,340
1614411000,120
1614411900,142
1614412800,360
1614413700,222
1614414600,240
1614415500,154
1614416400,137
1614417300,372
1614418200,300
1614419100,682
1614420000,678
1614420900,366
1614421800,429
1614422700,203
1614423600,183
1614424500,176
1614425400,171
1614426300,213
1614427200,129
1614428100,119
1614429000,157
1614429900,644
1614430800,745
1614431700,691
1614432600,672
1614433500,629
1614434400,139
1614435300,130
1614436200,106
1614437100,112
1614438000,102
1614438900,131
1614439800,270
1614440700,218
1614441600,238
1614442500,255
1614443400,418
1614444300,189
1614445200,294
1614446100,203
1614447000,447
1614447900,273
1614448800,262
1614449700,480
1614450600,409
1614451500,249
1614452400,271
1614453300,233
1614454200,198
1614455100,203
1614456000,186
1614456900,194
1614457800,208
1614458700,281
1614459600,176
1614460500,147
1614461400,126
1614462300,125
1614463200,108
1614464100,86
1614465000,52
1614465900,67
1614466800,66
1614467700,67
1614468600,49
1614469500,58
1614470400,50
1614471300,70
1614472200,49
1614473100,58
1614474000,59
1614474900,84
1614475800,54
1614476700,58
1614477600,51
1614478500,68
1614479400,52
1614480300,60
1614481200,49
1614482100,67
1614483000,77
1614483900,107
1614484800,94
1614485700,58
1614486600,64
1614487500,58
1614488400,104
1614489300,179
1614490200,297
1614491100,585
1614492000,1001
1614492900,1003
1614493800,687
1614494700,671
1614495600,206
1614496500,172
1614497400,148
1614498300,112
1614499200,573
1614500100,495
1614501000,527
1614501900,668
1614502800,710
1614503700,856
1614504600,910
1614505500,790
1614506400,695
1614507300,676
1614508200,350
1614509100,336
1614510000,236
1614510900,214
1614511800,376
1614512700,228
1614513600,151
1614514500,168
1614515400,528
1614516300,133
1614517200,186
1614518100,550
1614519000,916
1614519900,874
1614520800,730
1614521700,233
1614522600,206
1614523500,186
1614524400,181
1614525300,170
1614526200,184
1614527100,156
1614528000,196
1614528900,266
1614529800,266
1614530700,258
1614531600,259
1614532500,267
1614533400,254
1614534300,267
1614535200,251
1614536100,264
1614537000,276
1614537900,281
1614538800,277
1614539700,235
1614540600,250
1614541500,233
1614542400,229
1614543300,174
1614544200,200
1614545100,173
1614546000,205
1614546900,148
1614547800,138
1614548700,99
1614549600,79
1614550500,91
1614551400,93
1614552300,99
1614553200,94
1614554100,77
1614555000,83
1614555900,63
1614556800,65
1614557700,58
1614558600,67
1614559500,55
1614560400,67
1614561300,61
1614562200,61
1614563100,60
1614564000,56
1614564900,50
1614565800,57
1614566700,64
1614567600,56
1614568500,63
1614569400,70
1614570300,79
1614571200,90
1614572100,159
1614573000,168
1614573900,185
1614574800,134
1614575700,142
1614576600,567
1614577500,295
1614578400,580
1614579300,410
1614580200,133
1614581100,477
1614582000,98
1614582900,197
1614583800,158
1614584700,142
1614585600,122
1614586500,270
1614587400,610
1614588300,423
1614589200,168
1614590100,139
1614591000,151
1614591900,138
1614592800,106
1614593700,121
1614594600,200
1614595500,849
1614596400,775
1614597300,989
1614598200,760
1614599100,320
1614600000,296
1614600900,143
1614601800,458
1614602700,374
1614603600,189
1614604500,732
1614605400,360
1614606300,132
1614607200,109
1614608100,134
1614609000,160
1614609900,96
1614610800,107
1614611700,132
1614612600,116
1614613500,123
1614614400,132
1614615300,179
1614616200,174
1614617100,229
1614618000,216
1614618900,201
1614619800,146
1614620700,209
1614621600,177
1614622500,168
1614623400,174
1614624300,234
1614625200,271
1614626100,283
1614627000,261
1614627900,226
1614628800,186
1614629700,186
1614630600,181
1614631500,173
1614632400,139
1614633300,141
1614634200,99
1614635100,82
1614636000,92
1614636900,96
1614637800,78
1614638700,81
1614639600,97
1614640500,87
1614641400,75
1614642300,77
1614643200,148
1614644100,120
1614645000,93
1614645900,86
1614646800,66
1614647700,71
1614648600,69
1614649500,57
1614650400,54
1614651300,72
1614652200,56
1614653100,59
1614654000,59
1614654900,64
1614655800,68
1614656700,64
1614657600,57
1614658500,97
1614659400,111
1614660300,106
1614661200,74
1614662100,92
1614663000,131
1614663900,116
1614664800,191
1614665700,397
1614666600,133
1614667500,92
1614668400,81
1614669300,90
1614670200,86
1614671100,99
1614672000,63
1614672900,57
1614673800,67
1614674700,74
1614675600,64
1614676500,58
1614677400,369
1614678300,495
1614679200,350
1614680100,111
1614681000,116
1614681900,110
1614682800,109
1614683700,108
1614684600,105
1614685500,100
1614686400,104
1614687300,106
1614688200,82
1614689100,77
1614690000,84
1614690900,76
1614691800,87
1614692700,82
1614693600,81
1614694500,82
1614695400,71
1614696300,83
1614697200,68
1614698100,77
1614699000,109
1614699900,160
1614700800,142
1614701700,351
1614702600,161
1614703500,272
1614704400,152
1614705300,149
1614706200,197
1614707100,177
1614708000,185
1614708900,187
1614709800,184
1614710700,173
1614711600,221
1614712500,195
1614713400,183
1614714300,212
1614715200,146
1614716100,201
1614717000,210
1614717900,219
1614718800,144
1614719700,148
1614720600,65
1614721500,67
1614722400,51
1614723300,57
1614724200,53
1614725100,80
1614726000,67
1614726900,55
1614727800,57
1614728700,77
1614729600,64
1614730500,52
1614731400,59
1614732300,51
1614733200,78
1614734100,62
1614735000,66
1614735900,51
1614736800,66
1614737700,53
1614738600,107
1614739500,77
1614740400,60
1614741300,130
1614742200,121
1614743100,120
1614744000,107
1614744900,69
1614745800,67
1614746700,50
1614747600,58
1614748500,49
1614749400,188
1614750300,125
1614751200,99
1614752100,329
1614753000,99
1614753900,93
1614754800,99
1614755700,163
1614756600,234
1614757500,728
1614758400,321
1614759300,87
1614760200,101
1614761100,100
1614762000,102
1614762900,142
1614763800,130
1614764700,96
1614765600,88
1614766500,68
1614767400,111
1614768300,92
1614769200,106
1614770100,96
1614771000,99
1614771900,96
1614772800,93
1614773700,242
1614774600,204
1614775500,110
1614776400,134
1614777300,121
1614778200,136
1614779100,138
1614780000,138
1614780900,115
1614781800,121
1614782700,138
1614783600,169
1614784500,148
1614785400,165
1614786300,158
1614787200,172
1614788100,251
1614789000,171
1614789900,216
1614790800,244
1614791700,385
1614792600,399
1614793500,307
1614794400,399
1614795300,282
1614796200,168
1614797100,153
1614798000,213
1614798900,219
1614799800,229
1614800700,197
1614801600,185
1614802500,220
1614803400,237
1614804300,189
1614805200,172
1614806100,188
1614807000,164
1614807900,175
1614808800,174
1614809700,203
1614810600,192
1614811500,162
1614812400,167
1614813300,161
1614814200,106
1614815100,56
1614816000,54
1614816900,79
1614817800,57
1614818700,56
1614819600,51
1614820500,61
1614821400,57
1614822300,53
1614823200,52
1614824100,64
1614825000,79
1614825900,60
1614826800,61
1614827700,59
1614828600,107
1614829500,97
1614830400,93
1614831300,71
1614832200,69
1614833100,54
1614834000,112
1614834900,378
1614835800,199
1614836700,118
1614837600,78
1614838500,94
1614839400,88
1614840300,109
1614841200,121
1614842100,114
1614843000,107
1614843900,103
1614844800,90
1614845700,124
1614846600,115
1614847500,128
1614848400,132
1614849300,147
1614850200,143
1614851100,146
1614852000,141
1614852900,163
1614853800,150
1614854700,128
1614855600,122
1614856500,132
1614857400,165
1614858300,150
1614859200,160
1614860100,161
1614861000,162
1614861900,266
1614862800,190
1614863700,162
1614864600,169
1614865500,158
1614866400,189
1614867300,147
1614868200,134
1614869100,128
1614870000,140
1614870900,137
1614871800,128
1614872700,135
1614873600,176
1614874500,211
1614875400,182
1614876300,197
1614877200,202
1614878100,251
1614879000,225
1614879900,312
1614880800,306
1614881700,522
1614882600,323
1614883500,263
1614884400,282
1614885300,251
1614886200,236
1614887100,640
1614888000,224
1614888900,178
1614889800,185
1614890700,173
1614891600,177
1614892500,147
1614893400,142
1614894300,118
1614895200,125
1614896100,146
1614897000,102
1614897900,216
1614898800,80
1614899700,93
1614900600,93
1614901500,97
1614902400,75
1614903300,88
1614904200,84
1614905100,86
1614906000,67
1614906900,75
1614907800,69
1614908700,85
1614909600,73
1614910500,69
1614911400,84
1614912300,90
1614913200,84
1614914100,69
1614915000,76
1614915900,71
1614916800,98
1614917700,86
1614918600,82
1614919500,77
1614920400,124
1614921300,311
1614922200,124
1614923100,143
1614924000,166
1614924900,220
1614925800,101
1614926700,103
1614927600,89
1614928500,142
1614929400,149
1614930300,156
1614931200,121
1614932100,222
1614933000,199
1614933900,119
1614934800,123
1614935700,123
1614936600,144
1614937500,207
1614938400,124
1614939300,113
1614940200,155
1614941100,162
1614942000,173
1614942900,155
1614943800,150
1614944700,163
1614945600,150
1614946500,163
1614947400,178
1614948300,158
1614949200,147
1614950100,156
1614951000,137
1614951900,143
1614952800,168
1614953700,149
1614954600,166
1614955500,150
1614956400,150
1614957300,133
1614958200,160
1614959100,133
1614960000,135
1614960900,154
1614961800,152
1614962700,142
1614963600,134
1614964500,144
1614965400,134
1614966300,150
1614967200,139
1614968100,139
1614969000,146
1614969900,159
1614970800,140
1614971700,133
1614972600,160
1614973500,196
1614974400,268
1614975300,257
1614976200,232
1614977100,226
1614978000,265
1614978900,226
1614979800,213
1614980700,188
1614981600,190
1614982500,180
1614983400,176
1614984300,112
1614985200,119
1614986100,130
1614987000,100
1614987900,98
1614988800,96
1614989700,96
1614990600,96
1614991500,88
1614992400,102
1614993300,111
1614994200,102
1614995100,86
1614996000,95
1614996900,93
1614997800,100
1614998700,92
1614999600,88
1615000500,100
1615001400,133
1615002300,147
1615003200,120
1615004100,183
1615005000,148
1615005900,160
1615006800,120
1615007700,87
1615008600,102
1615009500,107
1615010400,115
1615011300,121
1615012200,423
1615013100,358
1615014000,150
1615014900,281
1615015800,267
1615016700,132
1615017600,114
1615018500,433
1615019400,550
1615020300,212
1615021200,596
1615022100,239
1615023000,178
1615023900,352
1615024800,251
1615025700,208
1615026600,209
1615027500,479
1615028400,385
1615029300,185
1615030200,202
1615031100,187
1615032000,619
1615032900,743
1615033800,704
1615034700,749
1615035600,279
1615036500,255
1615037400,263
1615038300,255
1615039200,244
1615040100,264
1615041000,260
1615041900,270
1615042800,245
1615043700,249
1615044600,257
1615045500,273
1615046400,237
1615047300,249
1615048200,195
1615049100,182
1615050000,212
1615050900,226
1615051800,549
1615052700,527
1615053600,298
1615054500,227
1615055400,236
1615056300,206
1615057200,212
1615058100,210
1615059000,185
1615059900,211
1615060800,190
1615061700,210
1615062600,180
1615063500,186
1615064400,203
1615065300,269
1615066200,227
1615067100,225
1615068000,190
1615068900,167
1615069800,132
1615070700,89
1615071600,103
1615072500,79
1615073400,91
1615074300,98
1615075200,92
1615076100,94
1615077000,106
1615077900,94
1615078800,86
1615079700,92
1615080600,83
1615081500,99
1615082400,87
1615083300,95
1615084200,97
1615085100,112
1615086000,85
1615086900,97
1615087800,93
1615088700,101
1615089600,136
1615090500,124
1615091400,132
1615092300,152
1615093200,142
1615094100,97
1615095000,93
1615095900,97
1615096800,84
1615097700,89
1615098600,84
1615099500,103
1615100400,86
1615101300,242
1615102200,129
1615103100,201
1615104000,134
1615104900,163
1615105800,154
1615106700,163
1615107600,187
1615108500,167
1615109400,361
1615110300,993
1615111200,375
1615112100,184
1615113000,185
1615113900,186
1615114800,153
1615115700,163
1615116600,139
1615117500,149
1615118400,149
1615119300,144
1615120200,132
1615121100,135
1615122000,148
1615122900,135
1615123800,172
1615124700,163
1615125600,143
1615126500,165
1615127400,306
1615128300,270
1615129200,276
1615130100,271
1615131000,256
1615131900,254
1615132800,246
1615133700,253
1615134600,512
1615135500,726
1615136400,665
1615137300,580
1615138200,244
1615139100,271
1615140000,272
1615140900,258
1615141800,245
1615142700,243
1615143600,283
1615144500,227
1615145400,221
1615146300,213
1615147200,175
1615148100,161
1615149000,180
1615149900,172
1615150800,155
1615151700,172
1615152600,174
1615153500,152
1615154400,116
1615155300,99
1615156200,70
1615157100,55
1615158000,83
1615158900,350
1615159800,773
1615160700,755
1615161600,695
1615162500,411
1615163400,84
1615164300,78
1615165200,79
1615166100,82
1615167000,67
1615167900,76
1615168800,79
1615169700,69
1615170600,56
1615171500,64
1615172400,70
1615173300,60
1615174200,98
1615175100,99
1615176000,103
1615176900,68
1615177800,76
1615178700,58
1615179600,75
1615180500,59
1615181400,72
1615182300,221
1615183200,75
1615184100,438
1615185000,359
1615185900,382
1615186800,627
1615187700,168
1615188600,129
1615189500,129
1615190400,108
1615191300,154
1615192200,329
1615193100,188
1615194000,149
1615194900,152
1615195800,1055
1615196700,1243
1615197600,898
1615198500,273
1615199400,183
1615200300,197
1615201200,225
1615202100,244
1615203000,205
1615203900,155
1615204800,151
1615205700,162
1615206600,191
1615207500,1268
1615208400,1164
1615209300,835
1615210200,778
1615211100,756
1615212000,975
1615212900,220
1615213800,202
1615214700,191
1615215600,236
1615216500,159
1615217400,270
1615218300,198
1615219200,362
1615220100,689
1615221000,688
1615221900,710
1615222800,210
1615223700,196
1615224600,221
1615225500,219
1615226400,242
1615227300,325
1615228200,711
1615229100,702
1615230000,425
1615230900,215
1615231800,226
1615232700,217
1615233600,225
1615234500,194
1615235400,194
1615236300,198
1615237200,179
1615238100,160
1615239000,118
1615239900,104
1615240800,208
1615241700,94
1615242600,72
1615243500,76
1615244400,79
1615245300,83
1615246200,69
1615247100,85
1615248000,98
1615248900,93
1615249800,74
1615250700,76
1615251600,87
1615252500,58
1615253400,58
1615254300,55
1615255200,97
1615256100,75
1615257000,77
1615257900,64
1615258800,120
1615259700,94
1615260600,70
1615261500,70
1615262400,78
1615263300,87
1615264200,79
1615265100,74
1615266000,75
1615266900,113
1615267800,110
1615268700,90
1615269600,477
1615270500,1061
1615271400,1087
1615272300,981
1615273200,630
1615274100,182
1615275000,82
1615275900,74
1615276800,82
1615277700,82
1615278600,99
1615279500,101
1615280400,93
1615281300,96
1615282200,98
1615283100,94
1615284000,86
1615284900,387
1615285800,517
1615286700,436
1615287600,449
1615288500,489
1615289400,170
1615290300,136
1615291200,141
1615292100,212
1615293000,169
1615293900,229
1615294800,219
1615295700,194
1615296600,179
1615297500,172
1615298400,191
1615299300,169
1615300200,164
1615301100,162
1615302000,180
1615302900,176
1615303800,148
1615304700,175
1615305600,174
1615306500,176
1615307400,154
1615308300,180
1615309200,188
1615310100,226
1615311000,237
1615311900,725
1615312800,689
1615313700,367
1615314600,318
1615315500,311
1615316400,303
1615317300,292
1615318200,316
1615319100,241
1615320000,226
1615320900,256
1615321800,246
1615322700,239
1615323600,222
1615324500,311
1615325400,227
1615326300,177
1615327200,167
1615328100,141
1615329000,144
1615329900,128
1615330800,119
1615331700,69
1615332600,76
1615333500,81
1615334400,78
1615335300,81
1615336200,89
1615337100,85
1615338000,67
1615338900,74
1615339800,86
1615340700,78
1615341600,71
1615342500,88
1615343400,96
1615344300,86
1615345200,77
1615346100,92
1615347000,106
1615347900,93
1615348800,107
1615349700,101
1615350600,122
1615351500,103
1615352400,90
1615353300,98
1615354200,151
1615355100,290
1615356000,91
1615356900,385
1615357800,353
1615358700,536
1615359600,357
1615360500,127
1615361400,135
1615362300,99
1615363200,348
1615364100,653
1615365000,217
1615365900,140
1615366800,164
1615367700,207
1615368600,161
1615369500,685
1615370400,628
1615371300,456
1615372200,375
1615373100,443
1615374000,169
1615374900,172
1615375800,159
1615376700,655
1615377600,281
1615378500,431
1615379400,299
1615380300,199
1615381200,197
1615382100,347
1615383000,871
1615383900,800
1615384800,613
1615385700,179
1615386600,161
1615387500,145
1615388400,147
1615389300,152
1615390200,156
1615391100,153
1615392000,738
1615392900,475
1615393800,190
1615394700,175
1615395600,193
1615396500,161
1615397400,177
1615398300,215
1615399200,743
1615400100,763
1615401000,754
1615401900,665
1615402800,743
1615403700,224
1615404600,241
1615405500,274
1615406400,273
1615407300,179
1615408200,200
1615409100,190
1615410000,181
1615410900,173
1615411800,113
1615412700,88
1615413600,89
1615414500,71
1615415400,66
1615416300,91
1615417200,71
1615418100,79
1615419000,81
1615419900,82
1615420800,87
1615421700,101
1615422600,74
1615423500,86
1615424400,96
1615425300,96
1615426200,97
1615427100,96
1615428000,115
1615428900,90
1615429800,96
1615430700,96
1615431600,86
1615432500,85
1615433400,103
1615434300,107
1615435200,96
1615436100,106
1615437000,98
1615437900,95
1615438800,101
1615439700,371
1615440600,158
1615441500,90
1615442400,79
1615443300,128
1615444200,111
1615445100,98
1615446000,105
1615446900,108
1615447800,102
1615448700,94
1615449600,183
1615450500,183
1615451400,171
1615452300,143
1615453200,270
1615454100,308
1615455000,123
1615455900,131
1615456800,125
1615457700,179
1615458600,480
1615459500,367
1615460400,202
1615461300,293
1615462200,220
1615463100,279
1615464000,230
1615464900,206
1615465800,172
1615466700,157
1615467600,168
1615468500,158
1615469400,210
1615470300,229
1615471200,230
1615472100,204
1615473000,194
1615473900,192
1615474800,177
1615475700,170
1615476600,166
1615477500,179
1615478400,177
1615479300,210
1615480200,184
1615481100,194
1615482000,179
1615482900,186
1615483800,201
1615484700,487
1615485600,662
1615486500,306
1615487400,297
1615488300,278
1615489200,289
1615490100,242
1615491000,221
1615491900,206
1615492800,218
1615493700,223
1615494600,195
1615495500,189
1615496400,125
1615497300,145
1615498200,108
1615499100,98
1615500000,109
1615500900,102
1615501800,96
1615502700,87
1615503600,104
1615504500,83
1615505400,81
1615506300,74
1615507200,103
1615508100,88
1615509000,77
1615509900,71
1615510800,69
1615511700,69
1615512600,61
1615513500,82
1615514400,76
1615515300,89
1615516200,91
1615517100,99
1615518000,91
1615518900,106
1615519800,115
1615520700,86
1615521600,84
1615522500,73
1615523400,97
1615524300,295
1615525200,127
1615526100,425
1615527000,235
1615527900,193
1615528800,153
1615529700,105
1615530600,112
1615531500,444
1615532400,272
1615533300,140
1615534200,274
1615535100,195
1615536000,186
1615536900,90
1615537800,204
1615538700,89
1615539600,111
1615540500,92
1615541400,219
1615542300,97
1615543200,93
1615544100,104
1615545000,147
1615545900,172
1615546800,159
1615547700,165
1615548600,210
1615549500,184
1615550400,146
1615551300,205
1615552200,161
1615553100,137
1615554000,137
1615554900,128
1615555800,127
1615556700,114
1615557600,121
1615558500,127
1615559400,118
1615560300,119
1615561200,121
1615562100,137
1615563000,108
1615563900,117
1615564800,110
1615565700,128
1615566600,108
1615567500,111
1615568400,128
1615569300,131
1615570200,119
1615571100,109
1615572000,121
1615572900,127
1615573800,116
1615574700,114
1615575600,129
1615576500,137
1615577400,117
1615578300,120
1615579200,113
1615580100,129
1615581000,198
1615581900,253
1615582800,217
1615583700,230
1615584600,140
1615585500,92
1615586400,88
1615587300,82
1615588200,101
1615589100,76
1615590000,79
1615590900,82
1615591800,120
1615592700,84
1615593600,92
1615594500,86
1615595400,92
1615596300,95
1615597200,86
1615598100,94
1615599000,99
1615599900,117
1615600800,83
1615601700,92
1615602600,87
1615603500,100
1615604400,98
1615605300,93
1615606200,96
1615607100,98
1615608000,111
1615608900,90
1615609800,96
1615610700,112
1615611600,110
1615612500,145
1615613400,127
1615614300,114
1615615200,125
1615616100,383
1615617000,394
1615617900,508
1615618800,122
1615619700,171
1615620600,468
1615621500,138
1615622400,119
1615623300,150
1615624200,152
1615625100,137
1615626000,225
1615626900,245
1615627800,515
1615628700,136
1615629600,148
1615630500,188
1615631400,259
1615632300,286
1615633200,599
1615634100,215
1615635000,206
1615635900,205
1615636800,222
1615637700,207
1615638600,199
1615639500,200
1615640400,348
1615641300,190
1615642200,173
1615643100,171
1615644000,327
1615644900,272
1615645800,253
1615646700,669
1615647600,377
1615648500,562
1615649400,656
1615650300,279
1615651200,266
1615652100,263
1615653000,263
1615653900,265
1615654800,286
1615655700,279
1615656600,258
1615657500,245
1615658400,244
1615659300,271
1615660200,244
1615661100,248
1615662000,277
1615662900,272
1615663800,249
1615664700,278
1615665600,207
1615666500,252
1615667400,194
1615668300,157
1615669200,174
1615670100,125
1615671000,101
1615671900,71
1615672800,93
1615673700,85
1615674600,90
1615675500,79
1615676400,83
1615677300,80
1615678200,81
1615679100,91
1615680000,82
1615680900,80
1615681800,82
1615682700,93
1615683600,83
1615684500,73
1615685400,83
1615686300,84
1615687200,110
1615688100,86
1615689000,100
1615689900,97
1615690800,116
1615691700,89
1615692600,88
1615693500,94
1615694400,98
1615695300,102
1615696200,84
1615697100,104
1615698000,127
1615698900,159
1615699800,162
1615700700,181
1615701600,155
1615702500,151
1615703400,112
1615704300,100
1615705200,156
1615706100,228
1615707000,318
1615707900,116
1615708800,125
1615709700,110
1615710600,104
1615711500,94
1615712400,88
1615713300,96
1615714200,77
1615715100,100
1615716000,75
1615716900,84
1615717800,108
1615718700,138
1615719600,146
1615720500,145
1615721400,147
1615722300,139
1615723200,164
1615724100,138
1615725000,139
1615725900,138
1615726800,213
1615727700,295
1615728600,295
1615729500,267
1615730400,193
1615731300,204
1615732200,343
1615733100,210
1615734000,208
1615734900,276
1615735800,267
1615736700,265
1615737600,265
1615738500,267
1615739400,249
1615740300,235
1615741200,249
1615742100,275
1615743000,283
1615743900,254
1615744800,251
1615745700,274
1615746600,262
1615747500,260
1615748400,254
1615749300,269
1615750200,221
1615751100,284
1615752000,230
1615752900,201
1615753800,215
1615754700,249
1615755600,187
1615756500,169
1615757400,157
1615758300,140
1615759200,132
1615760100,84
1615761000,122
1615761900,89
1615762800,100
1615763700,78
1615764600,87
1615765500,83
1615766400,107
1615767300,83
1615768200,71
1615769100,74
1615770000,81
1615770900,78
1615771800,68
1615772700,84
1615773600,105
1615774500,100
1615775400,88
1615776300,83
1615777200,97
1615778100,86
1615779000,110
1615779900,123
1615780800,127
1615781700,110
1615782600,103
1615783500,90
1615784400,89
1615785300,100
1615786200,86
1615787100,108
1615788000,323
1615788900,336
1615789800,381
1615790700,154
1615791600,346
1615792500,682
1615793400,352
1615794300,337
1615795200,160
1615796100,354
1615797000,477
1615797900,401
1615798800,124
1615799700,124
1615800600,324
1615801500,747
1615802400,558
1615803300,413
1615804200,756
1615805100,724
1615806000,245
1615806900,185
1615807800,165
1615808700,161
1615809600,185
1615810500,148
1615811400,114
1615812300,362
1615813200,909
1615814100,863
1615815000,1191
1615815900,1186
1615816800,803
1615817700,708
1615818600,268
1615819500,187
1615820400,345
1615821300,826
1615822200,870
1615823100,666
1615824000,196
1615824900,192
1615825800,451
1615826700,859
1615827600,580
1615828500,281
1615829400,282
1615830300,306
1615831200,229
1615832100,245
1615833000,773
1615833900,496
1615834800,443
1615835700,271
1615836600,256
1615837500,391
1615838400,573
1615839300,855
1615840200,569
1615841100,520
1615842000,618
1615842900,220
1615843800,114
1615844700,88
1615845600,90
1615846500,90
1615847400,90
1615848300,71
1615849200,72
1615850100,67
1615851000,53
1615851900,43
1615852800,52
1615853700,61
1615854600,59
1615855500,65
1615856400,70
1615857300,65
1615858200,54
1615859100,61
1615860000,51
1615860900,86
1615861800,65
1615862700,102
1615863600,106
1615864500,99
1615865400,68
1615866300,75
1615867200,67
1615868100,74
1615869000,80
1615869900,69
1615870800,75
1615871700,92
1615872600,107
1615873500,270
1615874400,95
1615875300,114
1615876200,299
1615877100,308
1615878000,176
1615878900,132
1615879800,493
1615880700,383
1615881600,654
1615882500,291
1615883400,93
1615884300,110
1615885200,161
1615886100,666
1615887000,450
1615887900,430
1615888800,465
1615889700,284
1615890600,137
1615891500,225
1615892400,234
1615893300,191
1615894200,314
1615895100,415
1615896000,215
1615896900,175
1615897800,168
1615898700,236
1615899600,161
1615900500,138
1615901400,141
1615902300,162
1615903200,161
1615904100,378
1615905000,428
1615905900,164
1615906800,321
1615907700,426
1615908600,139
1615909500,304
1615910400,365
1615911300,316
1615912200,208
1615913100,221
1615914000,180
1615914900,193
1615915800,195
1615916700,190
1615917600,230
1615918500,354
1615919400,406
1615920300,267
1615921200,294
1615922100,282
1615923000,267
1615923900,293
1615924800,240
1615925700,206
1615926600,179
1615927500,186
1615928400,190
1615929300,195
1615930200,113
1615931100,80
1615932000,75
1615932900,87
1615933800,73
1615934700,92
1615935600,82
1615936500,97
1615937400,86
1615938300,85
1615939200,68
1615940100,76
1615941000,80
1615941900,79
1615942800,84
1615943700,83
1615944600,75
1615945500,72
1615946400,71
1615947300,86
1615948200,79
1615949100,92
1615950000,79
1615950900,86
1615951800,84
1615952700,74
1615953600,70
1615954500,78
1615955400,78
1615956300,79
1615957200,85
1615958100,83
1615959000,74
1615959900,334
1615960800,157
1615961700,124
1615962600,234
1615963500,309
1615964400,157
1615965300,135
1615966200,91
1615967100,71
1615968000,85
1615968900,72
1615969800,69
1615970700,76
1615971600,86
1615972500,95
1615973400,77
1615974300,87
1615975200,78
1615976100,101
1615977000,112
1615977900,121
1615978800,126
1615979700,132
1615980600,240
1615981500,115
1615982400,120
1615983300,113
1615984200,173
1615985100,175
1615986000,201
1615986900,220
1615987800,211
1615988700,268
1615989600,288
1615990500,180
1615991400,177
1615992300,188
1615993200,173
1615994100,172
1615995000,251
1615995900,171
1615996800,177
1615997700,182
1615998600,183
1615999500,173
1616000400,208
1616001300,217
1616002200,239
1616003100,189
1616004000,291
1616004900,434
1616005800,286
1616006700,332
1616007600,274
1616008500,265
1616009400,346
1616010300,556
1616011200,183
1616012100,168
1616013000,190
1616013900,219
1616014800,198
1616015700,222
1616016600,102
1616017500,102
1616018400,84
1616019300,91
1616020200,88
1616021100,107
1616022000,99
1616022900,101
1616023800,82
1616024700,105
1616025600,77
1616026500,67
1616027400,58
1616028300,82
1616029200,86
1616030100,84
1616031000,70
1616031900,79
1616032800,79
1616033700,71
1616034600,77
1616035500,90
1616036400,134
1616037300,120
1616038200,110
1616039100,71
1616040000,75
1616040900,84
1616041800,74
1616042700,64
1616043600,274
1616044500,155
1616045400,248
1616046300,160
1616047200,76
1616048100,78
1616049000,70
1616049900,87
1616050800,76
1616051700,86
1616052600,69
1616053500,86
1616054400,90
1616055300,85
1616056200,77
1616057100,83
1616058000,85
1616058900,106
1616059800,91
1616060700,80
1616061600,117
1616062500,116
1616063400,172
1616064300,159
1616065200,229
1616066100,199
1616067000,197
1616067900,187
1616068800,163
1616069700,154
1616070600,158
1616071500,151
1616072400,165
1616073300,177
1616074200,165
1616075100,174
1616076000,198
1616076900,187
1616077800,177
1616078700,152
1616079600,142
1616080500,154
1616081400,145
1616082300,146
1616083200,412
1616084100,177
1616085000,155
1616085900,170
1616086800,172
1616087700,238
1616088600,245
1616089500,247
1616090400,254
1616091300,280
1616092200,264
1616093100,222
1616094000,257
1616094900,238
1616095800,260
1616096700,245
1616097600,216
1616098500,293
1616099400,178
1616100300,168
1616101200,195
1616102100,183
1616103000,147
1616103900,120
1616104800,83
1616105700,79
1616106600,93
1616107500,89
1616108400,73
1616109300,62
1616110200,67
1616111100,49
1616112000,73
1616112900,55
1616113800,56
1616114700,55
1616115600,57
1616116500,97
1616117400,75
1616118300,77
1616119200,65
1616120100,73
1616121000,74
1616121900,83
1616122800,68
1616123700,84
1616124600,76
1616125500,73
1616126400,85
1616127300,71
1616128200,73
1616129100,107
1616130000,311
1616130900,119
1616131800,226
1616132700,272
1616133600,181
1616134500,249
1616135400,178
1616136300,110
1616137200,85
1616138100,162
1616139000,173
1616139900,92
1616140800,82
1616141700,100
1616142600,113
1616143500,78
1616144400,88
1616145300,96
1616146200,135
1616147100,185
1616148000,154
1616148900,85
1616149800,108
1616150700,111
1616151600,132
1616152500,108
1616153400,116
1616154300,123
1616155200,161
1616156100,166
1616157000,263
1616157900,136
1616158800,140
1616159700,185
1616160600,401
1616161500,499
1616162400,179
1616163300,188
1616164200,164
1616165100,348
1616166000,437
1616166900,220
1616167800,190
1616168700,553
1616169600,250
1616170500,218
1616171400,453
1616172300,207
1616173200,193
1616174100,178
1616175000,178
1616175900,283
1616176800,528
1616177700,199
1616178600,207
1616179500,191
1616180400,193
1616181300,250
1616182200,222
1616183100,207
1616184000,193
1616184900,204
1616185800,193
1616186700,205
1616187600,139
1616188500,142
1616189400,103
1616190300,60
1616191200,101
1616192100,111
1616193000,70
1616193900,136
1616194800,115
1616195700,96
1616196600,63
1616197500,52
1616198400,59
1616199300,63
1616200200,75
1616201100,62
1616202000,74
1616202900,66
1616203800,70
1616204700,71
1616205600,83
1616206500,92
1616207400,124
1616208300,83
1616209200,64
1616210100,85
1616211000,72
1616211900,73
1616212800,65
1616213700,72
1616214600,89
1616215500,98
1616216400,86
1616217300,68
1616218200,74
1616219100,69
1616220000,233
1616220900,88
1616221800,399
1616222700,389
1616223600,129
1616224500,169
1616225400,335
1616226300,129
1616227200,102
1616228100,114
1616229000,98
1616229900,119
1616230800,511
1616231700,644
1616232600,631
1616233500,307
1616234400,105
1616235300,161
1616236200,145
1616237100,143
1616238000,152
1616238900,128
1616239800,157
1616240700,141
1616241600,145
1616242500,138
1616243400,136
1616244300,138
1616245200,213
1616246100,154
1616247000,261
1616247900,239
1616248800,228
1616249700,257
1616250600,274
1616251500,278
1616252400,276
1616253300,273
1616254200,254
1616255100,283
1616256000,259
1616256900,263
1616257800,253
1616258700,264
1616259600,297
1616260500,313
1616261400,287
1616262300,271
1616263200,262
1616264100,263
1616265000,271
1616265900,323
1616266800,282
1616267700,259
1616268600,215
1616269500,245
1616270400,258
1616271300,228
1616272200,222
1616273100,200
1616274000,206
1616274900,216
1616275800,142
1616276700,100
1616277600,89
1616278500,86
1616279400,77
1616280300,76
1616281200,94
1616282100,93
1616283000,90
1616283900,81
1616284800,93
1616285700,90
1616286600,90
1616287500,82
1616288400,100
1616289300,110
1616290200,93
1616291100,93
1616292000,84
1616292900,110
1616293800,103
1616294700,107
1616295600,108
1616296500,132
1616297400,166
1616298300,146
1616299200,124
1616300100,110
1616301000,112
1616301900,105
1616302800,111
1616303700,110
1616304600,118
1616305500,105
1616306400,106
1616307300,99
1616308200,104
1616309100,104
1616310000,138
1616310900,307
1616311800,129
1616312700,408
1616313600,568
1616314500,459
1616315400,853
1616316300,705
1616317200,449
1616318100,460
1616319000,421
1616319900,343
1616320800,166
1616321700,182
1616322600,387
1616323500,562
1616324400,318
1616325300,197
1616326200,336
1616327100,227
1616328000,175
1616328900,167
1616329800,184
1616330700,249
1616331600,656
1616332500,209
1616333400,201
1616334300,205
1616335200,186
1616336100,270
1616337000,204
1616337900,230
1616338800,202
1616339700,252
1616340600,418
1616341500,264
1616342400,539
1616343300,923
1616344200,909
1616345100,479
1616346000,314
1616346900,313
1616347800,312
1616348700,299
1616349600,318
1616350500,389
1616351400,379
1616352300,308
1616353200,320
1616354100,277
1616355000,296
1616355900,252
1616356800,229
1616357700,211
1616358600,200
1616359500,238
1616360400,182
1616361300,137
1616362200,126
1616363100,114
1616364000,104
1616364900,112
1616365800,85
1616366700,74
1616367600,54
1616368500,61
1616369400,54
1616370300,74
1616371200,55
1616372100,75
1616373000,139
1616373900,83
1616374800,65
1616375700,73
1616376600,65
1616377500,86
1616378400,83
1616379300,92
1616380200,104
1616381100,105
1616382000,97
1616382900,85
1616383800,120
1616384700,121
1616385600,98
1616386500,78
1616387400,97
1616388300,89
1616389200,128
1616390100,95
1616391000,275
1616391900,151
1616392800,444
1616393700,105
1616394600,89
1616395500,96
1616396400,81
1616397300,96
1616398200,75
1616399100,79
1616400000,76
1616400900,92
1616401800,76
1616402700,90
1616403600,90
1616404500,80
1616405400,94
1616406300,74
1616407200,80
1616408100,73
1616409000,124
1616409900,111
1616410800,129
1616411700,126
1616412600,205
1616413500,328
1616414400,339
1616415300,253
1616416200,147
1616417100,176
1616418000,799
1616418900,324
1616419800,770
1616420700,842
1616421600,827
1616422500,742
1616423400,514
1616424300,199
1616425200,190
1616426100,226
1616427000,205
1616427900,167
1616428800,388
1616429700,1254
1616430600,1219
1616431500,787
1616432400,399
1616433300,221
1616434200,242
1616435100,235
1616436000,227
1616436900,222
1616437800,246
1616438700,255
1616439600,253
1616440500,229
1616441400,255
1616442300,277
1616443200,245
1616444100,228
1616445000,226
1616445900,197
1616446800,193
1616447700,152
1616448600,120
1616449500,108
1616450400,103
1616451300,111
1616452200,85
1616453100,77
1616454000,70
1616454900,82
1616455800,60
1616456700,62
1616457600,61
1616458500,75
1616459400,83
1616460300,72
1616461200,63
1616462100,59
1616463000,81
1616463900,78
1616464800,81
1616465700,73
1616466600,98
1616467500,96
1616468400,81
1616469300,72
1616470200,79
1616471100,83
1616472000,89
1616472900,72
1616473800,108
1616474700,126
1616475600,134
1616476500,73
1616477400,245
1616478300,285
1616479200,87
1616480100,131
1616481000,573
1616481900,113
1616482800,284
1616483700,366
1616484600,126
1616485500,384
1616486400,192
1616487300,99
1616488200,162
1616489100,223
1616490000,169
1616490900,124
1616491800,127
1616492700,137
1616493600,128
1616494500,495
1616495400,392
1616496300,254
1616497200,446
1616498100,492
1616499000,259
1616499900,190
1616500800,176
1616501700,198
1616502600,341
1616503500,480
1616504400,317
1616505300,284
1616506200,718
1616507100,582
1616508000,259
1616508900,309
1616509800,170
1616510700,164
1616511600,146
1616512500,137
1616513400,137
1616514300,145
1616515200,159
1616516100,126
1616517000,141
1616517900,128
1616518800,157
1616519700,154
1616520600,228
1616521500,195
1616522400,188
1616523300,208
1616524200,270
1616525100,236
1616526000,214
1616526900,205
1616527800,252
1616528700,284
1616529600,182
1616530500,233
1616531400,197
1616532300,175
1616533200,181
1616534100,181
1616535000,129
1616535900,101
1616536800,91
1616537700,95
1616538600,89
1616539500,116
1616540400,91
1616541300,91
1616542200,77
1616543100,95
1616544000,84
1616544900,79
1616545800,83
1616546700,87
1616547600,130
1616548500,128
1616549400,127
1616550300,117
1616551200,160
1616552100,93
1616553000,100
1616553900,97
1616554800,103
1616555700,110
1616556600,96
1616557500,115
1616558400,107
1616559300,111
1616560200,101
1616561100,112
1616562000,262
1616562900,188
1616563800,460
1616564700,121
1616565600,115
1616566500,114
1616567400,134
1616568300,169
1616569200,145
1616570100,134
1616571000,138
1616571900,124
1616572800,134
1616573700,162
1616574600,146
1616575500,152
1616576400,165
1616577300,137
1616578200,125
1616579100,119
1616580000,224
1616580900,191
1616581800,168
1616582700,163
1616583600,178
1616584500,190
1616585400,196
1616586300,164
1616587200,234
1616588100,198
1616589000,273
1616589900,182
1616590800,303
1616591700,262
1616592600,144
1616593500,205
1616594400,183
1616595300,554
1616596200,704
1616597100,277
1616598000,139
1616598900,147
1616599800,117
1616600700,108
1616601600,111
1616602500,116
1616603400,105
1616604300,118
1616605200,115
1616606100,144
1616607000,202
1616607900,204
1616608800,218
1616609700,206
1616610600,260
1616611500,237
1616612400,197
1616613300,201
1616614200,202
1616615100,183
1616616000,188
1616616900,209
1616617800,166
1616618700,170
1616619600,144
1616620500,183
1616621400,129
1616622300,114
1616623200,100
1616624100,103
1616625000,74
1616625900,80
1616626800,72
1616627700,79
1616628600,87
1616629500,80
1616630400,72
1616631300,79
1616632200,73
1616633100,92
1616634000,94
1616634900,83
1616635800,81
1616636700,75
1616637600,94
1616638500,74
1616639400,80
1616640300,75
1616641200,85
1616642100,84
1616643000,97
1616643900,81
1616644800,88
1616645700,87
1616646600,97
1616647500,87
1616648400,260
1616649300,226
1616650200,371
1616651100,109
1616652000,111
1616652900,91
1616653800,104
1616654700,130
1616655600,127
1616656500,121
1616657400,146
1616658300,127
1616659200,172
1616660100,128
1616661000,119
1616661900,130
1616662800,175
1616663700,141
1616664600,186
1616665500,108
1616666400,153
1616667300,225
1616668200,149
1616669100,291
1616670000,163
1616670900,158
1616671800,139
1616672700,158
1616673600,136
1616674500,139
1616675400,129
1616676300,152
1616677200,160
1616678100,274
1616679000,208
1616679900,354
1616680800,128
1616681700,122
1616682600,124
1616683500,113
1616684400,115
1616685300,115
1616686200,539
1616687100,189
1616688000,154
1616688900,141
1616689800,153
1616690700,154
1616691600,142
1616692500,126
1616693400,143
1616694300,141
1616695200,207
1616696100,199
1616697000,204
1616697900,207
1616698800,196
1616699700,202
1616700600,189
1616701500,197
1616702400,230
1616703300,221
1616704200,207
1616705100,230
1616706000,218
1616706900,242
1616707800,202
1616708700,145
1616709600,104
1616710500,104
1616711400,95
1616712300,107
1616713200,100
1616714100,119
1616715000,128
1616715900,113
1616716800,113
1616717700,114
1616718600,133
1616719500,105
1616720400,120
1616721300,105
1616722200,119
1616723100,134
1616724000,128
1616724900,115
1616725800,122
1616726700,103
1616727600,118
1616728500,105
1616729400,98
1616730300,107
1616731200,101
1616732100,123
1616733000,107
1616733900,138
1616734800,198
1616735700,235
1616736600,119
1616737500,112
1616738400,98
1616739300,111
1616740200,219
1616741100,276
1616742000,241
1616742900,157
1616743800,133
1616744700,148
1616745600,182
1616746500,165
1616747400,458
1616748300,262
1616749200,196
1616750100,129
1616751000,217
1616751900,175
1616752800,473
1616753700,270
1616754600,180
1616755500,183
1616756400,163
1616757300,153
1616758200,133
1616759100,136
1616760000,365
1616760900,203
1616761800,265
1616762700,163
1616763600,320
1616764500,176
1616765400,122
1616766300,135
1616767200,123
1616768100,138
1616769000,174
1616769900,160
1616770800,177
1616771700,164
1616772600,199
1616773500,198
1616774400,159
1616775300,195
1616776200,169
1616777100,165
1616778000,152
1616778900,157
1616779800,150
1616780700,167
1616781600,179
1616782500,197
1616783400,442
1616784300,342
1616785200,271
1616786100,282
1616787000,238
1616787900,494
1616788800,322
1616789700,206
1616790600,185
1616791500,190
1616792400,155
1616793300,200
1616794200,162
1616795100,109
1616796000,75
1616796900,89
1616797800,78
1616798700,80
1616799600,79
1616800500,80
1616801400,92
1616802300,75
1616803200,113
1616804100,105
1616805000,122
1616805900,68
1616806800,72
1616807700,64
1616808600,71
1616809500,77
1616810400,73
1616811300,63
1616812200,88
1616813100,101
1616814000,96
1616814900,89
1616815800,127
1616816700,85
1616817600,93
1616818500,82
1616819400,81
1616820300,82
1616821200,87
1616822100,99
1616823000,87
1616823900,109
1616824800,93
1616825700,266
1616826600,107
1616827500,392
1616828400,174
1616829300,110
1616830200,128
1616831100,117
1616832000,129
1616832900,121
1616833800,115
1616834700,130
1616835600,118
1616836500,119
1616837400,141
1616838300,127
1616839200,137
1616840100,153
1616841000,193
1616841900,184
1616842800,172
1616843700,168
1616844600,155
1616845500,198
1616846400,192
1616847300,184
1616848200,167
1616849100,181
1616850000,192
1616850900,238
1616851800,225
1616852700,296
1616853600,204
1616854500,201
1616855400,238
1616856300,236
1616857200,248
1616858100,248
1616859000,248
1616859900,275
1616860800,264
1616861700,251
1616862600,273
1616863500,284
1616864400,316
1616865300,313
1616866200,314
1616867100,262
1616868000,255
1616868900,285
1616869800,426
1616870700,407
1616871600,402
1616872500,304
1616873400,241
1616874300,262
1616875200,249
1616876100,267
1616877000,325
1616877900,253
1616878800,194
1616879700,128
1616880600,103
1616881500,88
1616882400,57
1616883300,64
1616884200,58
1616885100,77
1616886000,57
1616886900,63
1616887800,56
1616888700,91
1616889600,69
1616890500,73
1616891400,57
1616892300,78
1616893200,57
1616894100,70
1616895000,63
1616895900,87
1616896800,67
1616897700,137
1616898600,165
1616899500,178
1616900400,134
1616901300,128
1616902200,127
1616903100,131
1616904000,97
1616904900,84
1616905800,78
1616906700,85
1616907600,92
1616908500,103
1616909400,129
1616910300,128
1616911200,141
1616912100,146
1616913000,229
1616913900,72
1616914800,89
1616915700,114
1616916600,451
1616917500,354
1616918400,326
1616919300,293
1616920200,340
1616921100,309
1616922000,222
1616922900,296
1616923800,205
1616924700,203
1616925600,214
1616926500,340
1616927400,392
1616928300,248
1616929200,196
1616930100,203
1616931000,180
1616931900,464
1616932800,344
1616933700,240
1616934600,171
1616935500,201
1616936400,167
1616937300,182
1616938200,163
1616939100,317
1616940000,174
1616940900,161
1616941800,167
1616942700,165
1616943600,154
1616944500,152
1616945400,164
1616946300,159
1616947200,153
1616948100,144
1616949000,145
1616949900,145
1616950800,170
1616951700,221
1616952600,249
1616953500,272
1616954400,282
1616955300,270
1616956200,242
1616957100,222
1616958000,256
1616958900,232
1616959800,218
1616960700,237
1616961600,213
1616962500,162
1616963400,153
1616964300,142
1616965200,119
1616966100,100
1616967000,124
1616967900,87
1616968800,87
1616969700,76
1616970600,87
1616971500,83
1616972400,81
1616973300,81
1616974200,90
1616975100,91
1616976000,91
1616976900,78
1616977800,71
1616978700,84
1616979600,74
1616980500,80
1616981400,69
1616982300,82
1616983200,69
1616984100,81
1616985000,79
1616985900,98
1616986800,88
1616987700,89
1616988600,117
1616989500,122
1616990400,131
1616991300,86
1616992200,84
1616993100,114
1616994000,470
1616994900,237
1616995800,122
1616996700,91
1616997600,88
1616998500,96
1616999400,119
1617000300,696
1617001200,652
1617002100,312
1617003000,116
1617003900,119
1617004800,114
1617005700,139
1617006600,162
1617007500,109
1617008400,99
1617009300,117
1617010200,136
1617011100,137
1617012000,134
1617012900,141
1617013800,139
1617014700,142
1617015600,148
1617016500,161
1617017400,156
1617018300,153
1617019200,171
1617020100,162
1617021000,142
1617021900,138
1617022800,142
1617023700,142
1617024600,152
1617025500,158
1617026400,190
1617027300,249
1617028200,151
1617029100,150
1617030000,152
1617030900,145
1617031800,129
1617032700,165
1617033600,609
1617034500,951
1617035400,827
1617036300,1119
1617037200,815
1617038100,1099
1617039000,494
1617039900,332
1617040800,875
1617041700,1231
1617042600,790
1617043500,672
1617044400,274
1617045300,273
1617046200,237
1617047100,234
1617048000,203
1617048900,126
1617049800,122
1617050700,130
1617051600,129
1617052500,104
1617053400,101
1617054300,94
1617055200,103
1617056100,108
1617057000,105
1617057900,97
1617058800,101
1617059700,100
1617060600,133
1617061500,101
1617062400,106
1617063300,93
1617064200,102
1617065100,118
1617066000,126
1617066900,108
1617067800,117
1617068700,115
1617069600,131
1617070500,129
1617071400,113
1617072300,137
1617073200,121
1617074100,126
1617075000,138
1617075900,100
1617076800,78
1617077700,82
1617078600,99
1617079500,1054
1617080400,738
1617081300,690
1617082200,954
1617083100,199
1617084000,203
1617084900,468
1617085800,92
1617086700,523
1617087600,129
1617088500,380
1617089400,827
1617090300,516
1617091200,792
1617092100,168
1617093000,399
1617093900,970
1617094800,625
1617095700,170
1617096600,161
1617097500,176
1617098400,348
1617099300,268
1617100200,271
1617101100,152
1617102000,406
1617102900,217
1617103800,184
1617104700,417
1617105600,323
1617106500,133
1617107400,254
1617108300,180
1617109200,163
1617110100,119
1617111000,156
1617111900,172
1617112800,169
1617113700,175
1617114600,175
1617115500,161
1617116400,162
1617117300,181
1617118200,175
1617119100,183
1617120000,173
1617120900,193
1617121800,595
1617122700,494
1617123600,606
1617124500,495
1617125400,502
1617126300,307
1617127200,303
1617128100,345
1617129000,326
1617129900,306
1617130800,314
1617131700,325
1617132600,294
1617133500,246
1617134400,215
1617135300,195
1617136200,191
1617137100,215
1617138000,199
1617138900,202
1617139800,101
1617140700,109
1617141600,97
1617142500,99
1617143400,115
1617144300,103
1617145200,122
1617146100,100
1617147000,109
1617147900,98
1617148800,109
1617149700,114
1617150600,103
1617151500,106
1617152400,117
1617153300,112
1617154200,119
1617155100,98
1617156000,109
1617156900,103
1617157800,154
1617158700,155
1617159600,148
1617160500,117
1617161400,101
1617162300,113
1617163200,104
1617164100,108
1617165000,98
1617165900,271
1617166800,379
1617167700,349
1617168600,121
1617169500,526
1617170400,118
1617171300,349
1617172200,306
1617173100,140
1617174000,122
1617174900,394
1617175800,366
1617176700,162
1617177600,154
1617178500,152
1617179400,166
1617180300,124
1617181200,267
1617182100,228
1617183000,183
1617183900,202
1617184800,214
1617185700,450
1617186600,182
1617187500,172
1617188400,184
1617189300,182
1617190200,302
1617191100,824
1617192000,198
1617192900,206
1617193800,445
1617194700,326
1617195600,504
1617196500,555
1617197400,458
1617198300,215
1617199200,202
1617200100,203
1617201000,179
1617201900,219
1617202800,229
1617203700,281
1617204600,216
1617205500,208
1617206400,205
1617207300,182
1617208200,152
1617209100,187
1617210000,221
1617210900,759
1617211800,603
1617212700,631
1617213600,738
1617214500,282
1617215400,256
1617216300,284
1617217200,294
1617218100,284
1617219000,346
1617219900,220
1617220800,197
1617221700,168
1617222600,203
1617223500,173
1617224400,138
1617225300,134
1617226200,145
1617227100,163
1617228000,116
1617228900,118
1617229800,109
1617230700,107
1617231600,112
1617232500,107
1617233400,95
1617234300,104
1617235200,108
1617236100,136
1617237000,124
1617237900,118
1617238800,112
1617239700,116
1617240600,126
1617241500,111
1617242400,114
1617243300,119
1617244200,120
1617245100,125
1617246000,111
1617246900,96
1617247800,114
1617248700,109
1617249600,305
1617250500,348
1617251400,185
1617252300,506
1617253200,855
1617254100,823
1617255000,801
1617255900,743
1617256800,1001
1617257700,231
1617258600,166
1617259500,158
1617260400,127
1617261300,281
1617262200,385
1617263100,115
1617264000,137
1617264900,171
1617265800,183
1617266700,182
1617267600,166
1617268500,219
1617269400,212
1617270300,251
1617271200,220
1617272100,230
1617273000,234
1617273900,220
1617274800,236
1617275700,174
1617276600,167
1617277500,169
1617278400,175
1617279300,177
1617280200,186
1617281100,171
1617282000,191
1617282900,176
1617283800,170
1617284700,190
1617285600,237
1617286500,215
1617287400,192
1617288300,187
1617289200,173
1617290100,185
1617291000,186
1617291900,187
1617292800,188
1617293700,195
1617294600,204
1617295500,224
1617296400,190
1617297300,193
1617298200,189
1617299100,197
1617300000,216
1617300900,226
1617301800,205
1617302700,208
1617303600,195
1617304500,203
1617305400,181
1617306300,191
1617307200,136
1617308100,137
1617309000,118
1617309900,101
1617310800,92
1617311700,89
1617312600,109
1617313500,86
1617314400,93
1617315300,92
1617316200,117
1617317100,105
1617318000,101
1617318900,92
1617319800,103
1617320700,97
1617321600,95
1617322500,85
1617323400,117
1617324300,106
1617325200,118
1617326100,140
1617327000,106
1617327900,99
1617328800,122
1617329700,129
1617330600,123
1617331500,123
1617332400,112
1617333300,104
1617334200,137
1617335100,145
1617336000,152
1617336900,297
1617337800,139
1617338700,193
1617339600,287
1617340500,123
1617341400,99
1617342300,104
1617343200,112
1617344100,136
1617345000,302
1617345900,306
1617346800,276
1617347700,317
1617348600,182
1617349500,284
1617350400,536
1617351300,234
1617352200,508
1617353100,743
1617354000,376
1617354900,247
1617355800,260
1617356700,257
1617357600,212
1617358500,196
1617359400,204
1617360300,205
1617361200,277
1617362100,214
1617363000,184
1617363900,190
1617364800,233
1617365700,222
1617366600,245
1617367500,232
1617368400,222
1617369300,217
1617370200,234
1617371100,222
1617372000,223
1617372900,274
1617373800,290
1617374700,276
1617375600,314
1617376500,463
1617377400,325
1617378300,373
1617379200,978
1617380100,833
1617381000,718
1617381900,1063
1617382800,290
1617383700,220
1617384600,215
1617385500,206
1617386400,199
1617387300,197
1617388200,182
1617389100,165
1617390000,179
1617390900,152
1617391800,158
1617392700,136
1617393600,141
1617394500,107
1617395400,144
1617396300,159
1617397200,128
1617398100,132
1617399000,136
1617399900,165
1617400800,107
1617401700,110
1617402600,88
1617403500,110
1617404400,97
1617405300,103
1617406200,96
1617407100,117
1617408000,134
1617408900,121
1617409800,102
1617410700,113
1617411600,107
1617412500,117
1617413400,118
1617414300,120
1617415200,115
1617416100,103
1617417000,130
1617417900,125
1617418800,127
1617419700,94
1617420600,97
1617421500,110
1617422400,113
1617423300,86
1617424200,96
1617425100,89
1617426000,96
1617426900,107
1617427800,254
1617428700,680
1617429600,1065
1617430500,295
1617431400,169
1617432300,181
1617433200,125
1617434100,148
1617435000,178
1617435900,192
1617436800,133
1617437700,115
1617438600,100
1617439500,108
1617440400,119
1617441300,123
1617442200,136
1617443100,152
1617444000,153
1617444900,145
1617445800,155
1617446700,138
1617447600,145
1617448500,140
1617449400,153
1617450300,165
1617451200,160
1617452100,136
1617453000,1103
1617453900,798
1617454800,796
1617455700,1159
1617456600,1124
1617457500,761
1617458400,1055
1617459300,724
1617460200,574
1617461100,313
1617462000,287
1617462900,248
1617463800,188
1617464700,199
1617465600,186
1617466500,192
1617467400,198
1617468300,276
1617469200,266
1617470100,261
1617471000,245
1617471900,265
1617472800,279
1617473700,269
1617474600,231
1617475500,263
1617476400,267
1617477300,260
1617478200,293
1617479100,258
1617480000,221
1617480900,346
1617481800,211
1617482700,166
1617483600,133
1617484500,89
1617485400,89
1617486300,72
1617487200,88
1617488100,83
1617489000,98
1617489900,78
1617490800,81
1617491700,73
1617492600,85
1617493500,94
1617494400,93
1617495300,87
1617496200,80
1617497100,78
1617498000,96
1617498900,77
1617499800,94
1617500700,107
1617501600,106
1617502500,112
1617503400,90
1617504300,143
1617505200,119
1617506100,109
1617507000,128
1617507900,114
1617508800,102
1617509700,100
1617510600,99
1617511500,104
1617512400,92
1617513300,96
1617514200,197
1617515100,128
1617516000,135
1617516900,134
1617517800,282
1617518700,256
1617519600,253
1617520500,112
1617521400,122
1617522300,111
1617523200,105
1617524100,400
1617525000,261
1617525900,117
1617526800,153
1617527700,163
1617528600,140
1617529500,153
1617530400,159
1617531300,156
1617532200,131
1617533100,145
1617534000,138
1617534900,155
1617535800,158
1617536700,168
1617537600,150
1617538500,151
1617539400,141
1617540300,135
1617541200,131
1617542100,144
1617543000,147
1617543900,159
1617544800,148
1617545700,139
1617546600,130
1617547500,134
1617548400,133
1617549300,133
1617550200,173
1617551100,177
1617552000,145
1617552900,133
1617553800,130
1617554700,121
1617555600,127
1617556500,133
1617557400,140
1617558300,120
1617559200,129
1617560100,143
1617561000,239
1617561900,295
1617562800,290
1617563700,278
1617564600,274
1617565500,233
1617566400,233
1617567300,197
1617568200,198
1617569100,175
1617570000,109
1617570900,97
1617571800,107
1617572700,73
1617573600,73
1617574500,76
1617575400,75
1617576300,75
1617577200,82
1617578100,108
1617579000,103
1617579900,103
1617580800,180
1617581700,128
1617582600,125
1617583500,112
1617584400,103
1617585300,126
1617586200,125
1617587100,113
1617588000,105
1617588900,97
1617589800,88
1617590700,96
1617591600,84
1617592500,103
1617593400,99
1617594300,97
1617595200,95
1617596100,119
1617597000,124
1617597900,162
1617598800,247
1617599700,297
1617600600,125
1617601500,519
1617602400,286
1617603300,224
1617604200,250
1617605100,173
1617606000,836
1617606900,643
1617607800,764
1617608700,830
1617609600,851
1617610500,569
1617611400,504
1617612300,712
1617613200,503
1617614100,718
1617615000,341
1617615900,427
1617616800,311
1617617700,298
1617618600,230
1617619500,235
1617620400,247
1617621300,235
1617622200,402
1617623100,229
1617624000,229
1617624900,239
1617625800,271
1617626700,304
1617627600,607
1617628500,214
1617629400,216
1617630300,177
1617631200,181
1617632100,194
1617633000,201
1617633900,328
1617634800,181
1617635700,191
1617636600,222
1617637500,183
1617638400,174
1617639300,472
1617640200,192
1617641100,186
1617642000,170
1617642900,186
1617643800,195
1617644700,218
1617645600,221
1617646500,223
1617647400,210
1617648300,203
1617649200,203
1617650100,211
1617651000,215
1617651900,227
1617652800,173
1617653700,151
1617654600,158
1617655500,133
1617656400,125
1617657300,109
1617658200,134
1617659100,142
1617660000,136
1617660900,188
1617661800,140
1617662700,125
1617663600,123
1617664500,130
1617665400,119
1617666300,151
1617667200,143
1617668100,107
1617669000,97
1617669900,98
1617670800,112
1617671700,104
1617672600,115
1617673500,130
1617674400,168
1617675300,154
1617676200,131
1617677100,95
1617678000,95
1617678900,97
1617679800,90
1617680700,96
1617681600,96
1617682500,129
1617683400,148
1617684300,355
1617685200,164
1617686100,164
1617687000,500
1617687900,241
1617688800,487
1617689700,274
1617690600,167
1617691500,383
1617692400,160
1617693300,146
1617694200,825
1617695100,427
1617696000,234
1617696900,402
1617697800,1019
1617698700,746
1617699600,723
1617700500,548
1617701400,330
1617702300,324
1617703200,238
1617704100,327
1617705000,217
1617705900,419
1617706800,190
1617707700,176
1617708600,214
1617709500,245
1617710400,458
1617711300,448
1617712200,243
1617713100,390
1617714000,164
1617714900,167
1617715800,308
1617716700,862
1617717600,1131
1617718500,834
1617719400,748
1617720300,1017
1617721200,182
1617722100,214
1617723000,181
1617723900,199
1617724800,193
1617725700,201
1617726600,229
1617727500,232
1617728400,205
1617729300,203
1617730200,205
1617731100,229
1617732000,206
1617732900,200
1617733800,195
1617734700,456
1617735600,557
1617736500,183
1617737400,218
1617738300,179
1617739200,421
1617740100,327
1617741000,173
1617741900,172
1617742800,156
1617743700,154
1617744600,178
1617745500,144
1617746400,124
1617747300,100
1617748200,88
1617749100,114
1617750000,119
1617750900,113
1617751800,94
1617752700,88
1617753600,90
1617754500,80
1617755400,90
1617756300,98
1617757200,96
1617758100,114
1617759000,102
1617759900,101
1617760800,87
1617761700,86
1617762600,86
1617763500,93
1617764400,88
1617765300,99
1617766200,122
1617767100,108
1617768000,104
1617768900,110
1617769800,114
1617770700,189
1617771600,252
1617772500,248
1617773400,289
1617774300,174
1617775200,394
1617776100,198
1617777000,163
1617777900,166
1617778800,131
1617779700,100
1617780600,105
1617781500,118
1617782400,133
1617783300,110
1617784200,95
1617785100,106
1617786000,113
1617786900,136
1617787800,139
1617788700,145
1617789600,161
1617790500,164
1617791400,154
1617792300,138
1617793200,149
1617794100,130
1617795000,137
1617795900,158
1617796800,167
1617797700,247
1617798600,181
1617799500,183
1617800400,155
1617801300,170
1617802200,435
1617803100,444
1617804000,498
1617804900,402
1617805800,205
1617806700,416
1617807600,201
1617808500,337
1617809400,440
1617810300,225
1617811200,188
1617812100,181
1617813000,359
1617813900,672
1617814800,842
1617815700,675
1617816600,669
1617817500,743
1617818400,706
1617819300,641
1617820200,611
1617821100,667
1617822000,318
1617822900,230
1617823800,257
1617824700,273
1617825600,462
1617826500,202
1617827400,202
1617828300,206
1617829200,186
1617830100,184
1617831000,572
1617831900,206
1617832800,110
1617833700,99
1617834600,96
1617835500,104
1617836400,105
1617837300,89
1617838200,115
1617839100,122
1617840000,130
1617840900,91
1617841800,102
1617842700,93
1617843600,108
1617844500,97
1617845400,127
1617846300,136
1617847200,139
1617848100,147
1617849000,125
1617849900,114
1617850800,87
1617851700,110
1617852600,99
1617853500,111
1617854400,122
1617855300,250
1617856200,253
1617857100,147
1617858000,102
1617858900,111
1617859800,147
1617860700,139
1617861600,111
1617862500,119
1617863400,100
1617864300,165
1617865200,154
1617866100,136
1617867000,120
1617867900,137
1617868800,131
1617869700,120
1617870600,134
1617871500,107
1617872400,141
1617873300,141
1617874200,158
1617875100,151
1617876000,149
1617876900,282
1617877800,181
1617878700,207
1617879600,244
1617880500,447
1617881400,269
1617882300,210
1617883200,158
1617884100,172
1617885000,161
1617885900,576
1617886800,194
1617887700,146
1617888600,170
1617889500,189
1617890400,195
1617891300,201
1617892200,205
1617893100,257
1617894000,206
1617894900,193
1617895800,168
1617896700,160
1617897600,146
1617898500,171
1617899400,157
1617900300,170
1617901200,191
1617902100,191
1617903000,183
1617903900,167
1617904800,178
1617905700,171
1617906600,185
1617907500,173
1617908400,211
1617909300,192
1617910200,180
1617911100,177
1617912000,190
1617912900,140
1617913800,134
1617914700,127
1617915600,122
1617916500,109
1617917400,96
1617918300,110
1617919200,93
1617920100,113
1617921000,120
1617921900,147
1617922800,126
1617923700,96
1617924600,99
1617925500,101
1617926400,89
1617927300,95
1617928200,87
1617929100,108
1617930000,107
1617930900,99
1617931800,92
1617932700,89
1617933600,104
1617934500,93
1617935400,101
1617936300,97
1617937200,104
1617938100,112
1617939000,104
1617939900,87
1617940800,206
1617941700,165
1617942600,195
1617943500,139
1617944400,247
1617945300,204
1617946200,176
1617947100,145
1617948000,141
1617948900,125
1617949800,149
1617950700,155
1617951600,165
1617952500,498
1617953400,348
1617954300,147
1617955200,152
1617956100,270
1617957000,266
1617957900,608
1617958800,158
1617959700,178
1617960600,196
1617961500,168
1617962400,174
1617963300,157
1617964200,150
1617965100,170
1617966000,163
1617966900,231
1617967800,177
1617968700,193
1617969600,159
1617970500,171
1617971400,157
1617972300,161
1617973200,155
1617974100,160
1617975000,156
1617975900,152
1617976800,144
1617977700,146
1617978600,132
1617979500,139
1617980400,132
1617981300,149
1617982200,149
1617983100,164
1617984000,174
1617984900,170
1617985800,186
1617986700,173
1617987600,209
1617988500,347
1617989400,235
1617990300,202
1617991200,271
1617992100,317
1617993000,292
1617993900,260
1617994800,273
1617995700,234
1617996600,196
1617997500,262
1617998400,268
1617999300,220
1618000200,212
1618001100,187
1618002000,172
1618002900,157
1618003800,86
1618004700,81
1618005600,70
1618006500,87
1618007400,97
1618008300,93
1618009200,98
1618010100,107
1618011000,91
1618011900,103
1618012800,85
1618013700,95
1618014600,89
1618015500,107
1618016400,96
1618017300,106
1618018200,94
1618019100,93
1618020000,103
1618020900,97
1618021800,107
1618022700,117
1618023600,100
1618024500,166
1618025400,148
1618026300,126
1618027200,127
1618028100,100
1618029000,100
1618029900,93
1618030800,92
1618031700,100
1618032600,112
1618033500,156
1618034400,206
1618035300,308
1618036200,269
1618037100,114
1618038000,219
1618038900,284
1618039800,151
1618040700,170
1618041600,597
1618042500,251
1618043400,438
1618044300,288
1618045200,725
1618046100,288
1618047000,184
1618047900,190
1618048800,252
1618049700,760
1618050600,765
1618051500,473
1618052400,282
1618053300,215
1618054200,244
1618055100,217
1618056000,318
1618056900,555
1618057800,345
1618058700,211
1618059600,198
1618060500,292
1618061400,244
1618062300,251
1618063200,197
1618064100,710
1618065000,981
1618065900,846
1618066800,772
1618067700,753
1618068600,718
1618069500,309
1618070400,169
1618071300,165
1618072200,201
1618073100,279
1618074000,270
1618074900,340
1618075800,262
1618076700,348
1618077600,266
1618078500,256
1618079400,270
1618080300,283
1618081200,261
1618082100,221
1618083000,193
1618083900,216
1618084800,194
1618085700,168
1618086600,165
1618087500,150
1618088400,98
1618089300,95
1618090200,97
1618091100,116
1618092000,88
1618092900,95
1618093800,108
1618094700,109
1618095600,97
1618096500,96
1618097400,106
1618098300,101
1618099200,114
1618100100,118
1618101000,105
1618101900,77
1618102800,77
1618103700,68
1618104600,79
1618105500,62
1618106400,69
1618107300,57
1618108200,87
1618109100,61
1618110000,83
1618110900,76
1618111800,145
1618112700,79
1618113600,83
1618114500,93
1618115400,133
1618116300,117
1618117200,94
1618118100,105
1618119000,112
1618119900,204
1618120800,95
1618121700,93
1618122600,129
1618123500,180
1618124400,116
1618125300,181
1618126200,154
1618127100,156
1618128000,677
1618128900,461
1618129800,398
1618130700,353
1618131600,298
1618132500,236
1618133400,188
1618134300,193
1618135200,191
1618136100,540
1618137000,525
1618137900,250
1618138800,230
1618139700,204
1618140600,184
1618141500,197
1618142400,177
1618143300,333
1618144200,273
1618145100,239
1618146000,211
1618146900,226
1618147800,212
1618148700,604
1618149600,326
1618150500,287
1618151400,283
1618152300,226
1618153200,197
1618154100,239
1618155000,271
1618155900,306
1618156800,286
1618157700,261
1618158600,257
1618159500,237
1618160400,225
1618161300,237
1618162200,244
1618163100,398
1618164000,199
1618164900,171
1618165800,146
1618166700,192
1618167600,159
1618168500,199
1618169400,190
1618170300,170
1618171200,155
1618172100,140
1618173000,134
1618173900,137
1618174800,115
1618175700,116
1618176600,70
1618177500,75
1618178400,64
1618179300,63
1618180200,55
1618181100,72
1618182000,59
1618182900,68
1618183800,70
1618184700,139
1618185600,63
1618186500,70
1618187400,63
1618188300,81
1618189200,66
1618190100,86
1618191000,91
1618191900,101
1618192800,70
1618193700,72
1618194600,89
1618195500,88
1618196400,84
1618197300,75
1618198200,96
1618199100,103
1618200000,87
1618200900,79
1618201800,83
1618202700,89
1618203600,105
1618204500,312
1618205400,259
1618206300,353
1618207200,115
1618208100,104
1618209000,111
1618209900,111
1618210800,101
1618211700,98
1618212600,105
1618213500,102
1618214400,226
1618215300,756
1618216200,672
1618217100,259
1618218000,87
1618218900,112
1618219800,115
1618220700,129
1618221600,123
1618222500,191
1618223400,571
1618224300,279
1618225200,217
1618226100,209
1618227000,206
1618227900,195
1618228800,430
1618229700,216
1618230600,166
1618231500,191
1618232400,543
1618233300,986
1618234200,1093
1618235100,700
1618236000,419
1618236900,211
1618237800,221
1618238700,176
1618239600,191
1618240500,207
1618241400,204
1618242300,190
1618243200,179
1618244100,182
1618245000,853
1618245900,796
1618246800,801
1618247700,526
1618248600,251
1618249500,282
1618250400,273
1618251300,228
1618252200,225
1618253100,209
1618254000,220
1618254900,251
1618255800,252
1618256700,202
1618257600,182
1618258500,176
1618259400,131
1618260300,133
1618261200,119
1618262100,122
1618263000,92
1618263900,97
1618264800,90
1618265700,106
1618266600,82
1618267500,87
1618268400,92
1618269300,101
1618270200,64
1618271100,67
1618272000,64
1618272900,78
1618273800,66
1618274700,75
1618275600,83
1618276500,99
1618277400,109
1618278300,87
1618279200,89
1618280100,87
1618281000,83
1618281900,78
1618282800,91
1618283700,98
1618284600,144
1618285500,123
1618286400,116
1618287300,87
1618288200,212
1618289100,152
1618290000,96
1618290900,102
1618291800,104
1618292700,90
1618293600,75
1618294500,80
1618295400,86
1618296300,143
1618297200,267
1618298100,224
1618299000,122
1618299900,116
1618300800,408
1618301700,874
1618302600,533
1618303500,323
1618304400,436
1618305300,157
1618306200,150
1618307100,175
1618308000,232
1618308900,205
1618309800,574
1618310700,158
1618311600,167
1618312500,135
1618313400,128
1618314300,112
1618315200,154
1618316100,160
1618317000,173
1618317900,155
1618318800,266
1618319700,157
1618320600,317
1618321500,175
1618322400,154
1618323300,184
1618324200,166
1618325100,200
1618326000,190
1618326900,202
1618327800,199
1618328700,219
1618329600,185
1618330500,182
1618331400,225
1618332300,1548
1618333200,2082
1618334100,1724
1618335000,1019
1618335900,1091
1618336800,619
1618337700,2193
1618338600,2199
1618339500,1181
1618340400,1343
1618341300,1110
1618342200,1266
1618343100,915
1618344000,193
1618344900,185
1618345800,196
1618346700,162
1618347600,141
1618348500,98
1618349400,111
1618350300,102
1618351200,95
1618352100,109
1618353000,129
1618353900,102
1618354800,63
1618355700,72
1618356600,69
1618357500,78
1618358400,61
1618359300,77
1618360200,87
1618361100,109
1618362000,83
1618362900,84
1618363800,100
1618364700,146
1618365600,119
1618366500,115
1618367400,114
1618368300,94
1618369200,103
1618370100,98
1618371000,95
1618371900,83
1618372800,86
1618373700,74
1618374600,83
1618375500,116
1618376400,403
1618377300,297
1618378200,289
1618379100,316
1618380000,267
1618380900,399
1618381800,130
1618382700,101
1618383600,130
1618384500,133
1618385400,134
1618386300,543
1618387200,120
1618388100,146
1618389000,120
1618389900,95
1618390800,91
1618391700,138
1618392600,128
1618393500,130
1618394400,127
1618395300,127
1618396200,140
1618397100,123
1618398000,130
1618398900,129
1618399800,154
1618400700,130
1618401600,149
1618402500,178
1618403400,198
1618404300,190
1618405200,185
1618406100,188
1618407000,185
1618407900,172
1618408800,188
1618409700,564
1618410600,416
1618411500,435
1618412400,459
1618413300,235
1618414200,171
1618415100,149
1618416000,164
1618416900,162
1618417800,201
1618418700,243
1618419600,235
1618420500,205
1618421400,215
1618422300,230
1618423200,294
1618424100,335
1618425000,305
1618425900,262
1618426800,230
1618427700,220
1618428600,220
1618429500,203
1618430400,199
1618431300,185
1618432200,178
1618433100,175
1618434000,136
1618434900,148
1618435800,111
1618436700,110
1618437600,100
1618438500,119
1618439400,116
1618440300,95
1618441200,88
1618442100,106
1618443000,113
1618443900,112
1618444800,95
1618445700,119
1618446600,107
1618447500,99
1618448400,92
1618449300,90
1618450200,81
1618451100,81
1618452000,96
1618452900,78
1618453800,99
1618454700,97
1618455600,138
1618456500,113
1618457400,104
1618458300,85
1618459200,124
1618460100,161
1618461000,437
1618461900,392
1618462800,237
1618463700,148
1618464600,110
1618465500,326
1618466400,130
1618467300,125
1618468200,137
1618469100,147
1618470000,134
1618470900,502
1618471800,107
1618472700,117
1618473600,108
1618474500,118
1618475400,181
1618476300,213
1618477200,216
1618478100,186
1618479000,152
1618479900,198
1618480800,230
1618481700,264
1618482600,189
1618483500,202
1618484400,228
1618485300,184
1618486200,171
1618487100,156
1618488000,171
1618488900,145
1618489800,230
1618490700,222
1618491600,223
1618492500,173
1618493400,163
1618494300,158
1618495200,171
1618496100,168
1618497000,204
1618497900,179
1618498800,193
1618499700,180
1618500600,196
1618501500,212
1618502400,189
1618503300,207
1618504200,208
1618505100,231
1618506000,220
1618506900,226
1618507800,269
1618508700,455
1618509600,489
1618510500,303
1618511400,313
1618512300,368
1618513200,325
1618514100,369
1618515000,225
1618515900,203
1618516800,119
1618517700,381
1618518600,205
1618519500,84
1618520400,59
1618521300,67
1618522200,76
1618523100,70
1618524000,77
1618524900,82
1618525800,82
1618526700,65
1618527600,70
1618528500,70
1618529400,85
1618530300,65
1618531200,88
1618532100,84
1618533000,120
1618533900,92
1618534800,74
1618535700,77
1618536600,96
1618537500,84
1618538400,93
1618539300,101
1618540200,101
1618541100,106
1618542000,114
1618542900,130
1618543800,114
1618544700,85
1618545600,273
1618546500,127
1618547400,120
1618548300,93
1618549200,97
1618550100,114
1618551000,293
1618551900,182
1618552800,147
1618553700,103
1618554600,140
1618555500,110
1618556400,150
1618557300,241
1618558200,97
1618559100,110
1618560000,93
1618560900,134
1618561800,100
1618562700,239
1618563600,153
1618564500,119
1618565400,127
1618566300,145
1618567200,142
1618568100,212
1618569000,176
1618569900,159
1618570800,183
1618571700,247
1618572600,177
1618573500,167
1618574400,187
1618575300,177
1618576200,297
1618577100,286
1618578000,189
1618578900,513
1618579800,470
1618580700,193
1618581600,220
1618582500,262
1618583400,262
1618584300,511
1618585200,208
1618586100,299
1618587000,227
1618587900,232
1618588800,209
1618589700,206
1618590600,224
1618591500,217
1618592400,279
1618593300,209
1618594200,192
1618595100,353
1618596000,758
1618596900,669
1618597800,315
1618598700,249
1618599600,271
1618600500,194
1618601400,212
1618602300,303
1618603200,212
1618604100,161
1618605000,163
1618605900,154
1618606800,85
1618607700,65
1618608600,60
1618609500,73
1618610400,75
1618611300,67
1618612200,63
1618613100,84
1618614000,85
1618614900,73
1618615800,62
1618616700,73
1618617600,73
1618618500,73
1618619400,77
1618620300,88
1618621200,104
1618622100,87
1618623000,111
1618623900,140
1618624800,135
1618625700,142
1618626600,125
1618627500,105
1618628400,126
1618629300,328
1618630200,173
1618631100,165
1618632000,100
1618632900,86
1618633800,89
1618634700,96
1618635600,91
1618636500,90
1618637400,91
1618638300,92
1618639200,104
1618640100,137
1618641000,159
1618641900,140
1618642800,271
1618643700,237
1618644600,133
1618645500,134
1618646400,148
1618647300,122
1618648200,397
1618649100,438
1618650000,318
1618650900,209
1618651800,122
1618652700,124
1618653600,150
1618654500,134
1618655400,132
1618656300,164
1618657200,142
1618658100,159
1618659000,130
1618659900,147
1618660800,143
1618661700,198
1618662600,375
1618663500,142
1618664400,177
1618665300,353
1618666200,1399
1618667100,1258
1618668000,1212
1618668900,1097
1618669800,585
1618670700,582
1618671600,601
1618672500,630
1618673400,341
1618674300,244
1618675200,257
1618676100,241
1618677000,251
1618677900,225
1618678800,241
1618679700,240
1618680600,254
1618681500,223
1618682400,233
1618683300,228
1618684200,231
1618685100,186
1618686000,222
1618686900,368
1618687800,302
1618688700,221
1618689600,159
1618690500,148
1618691400,134
1618692300,101
1618693200,75
1618694100,85
1618695000,74
1618695900,60
1618696800,63
1618697700,74
1618698600,61
1618699500,65
1618700400,63
1618701300,92
1618702200,70
1618703100,70
1618704000,60
1618704900,82
1618705800,58
1618706700,70
1618707600,63
1618708500,101
1618709400,95
1618710300,124
1618711200,102
1618712100,126
1618713000,112
1618713900,102
1618714800,99
1618715700,98
1618716600,2703
1618717500,2732
1618718400,2688
1618719300,1566
1618720200,1617
1618721100,1439
1618722000,1090
1618722900,956
1618723800,533
1618724700,561
1618725600,715
1618726500,491
1618727400,542
1618728300,495
1618729200,549
1618730100,536
1618731000,409
1618731900,145
1618732800,222
1618733700,176
1618734600,376
1618735500,344
1618736400,195
1618737300,307
1618738200,174
1618739100,425
1618740000,191
1618740900,240
1618741800,191
1618742700,195
1618743600,254
1618744500,561
1618745400,176
1618746300,171
1618747200,179
1618748100,176
1618749000,173
1618749900,173
1618750800,179
1618751700,173
1618752600,165
1618753500,164
1618754400,162
1618755300,148
1618756200,134
1618757100,143
1618758000,140
1618758900,142
1618759800,114
1618760700,124
1618761600,116
1618762500,167
1618763400,177
1618764300,184
1618765200,557
1618766100,674
1618767000,625
1618767900,610
1618768800,559
1618769700,529
1618770600,177
1618771500,157
1618772400,121
1618773300,153
1618774200,144
1618775100,137
1618776000,143
1618776900,137
1618777800,132
1618778700,134
1618779600,121
1618780500,105
1618781400,72
1618782300,60
1618783200,72
1618784100,75
1618785000,67
1618785900,132
1618786800,81
1618787700,78
1618788600,80
1618789500,81
1618790400,83
1618791300,98
1618792200,74
1618793100,99
1618794000,93
1618794900,95
1618795800,75
1618796700,80
1618797600,85
1618798500,90
1618799400,85
1618800300,85
1618801200,94
1618802100,105
1618803000,85
1618803900,77
1618804800,86
1618805700,122
1618806600,125
1618807500,241
1618808400,566
1618809300,382
1618810200,404
1618811100,660
1618812000,137
1618812900,146
1618813800,131
1618814700,142
1618815600,137
1618816500,148
1618817400,194
1618818300,146
1618819200,136
1618820100,156
1618821000,163
1618821900,143
1618822800,136
1618823700,147
1618824600,170
1618825500,164
1618826400,168
1618827300,176
1618828200,599
1618829100,742
1618830000,751
1618830900,570
1618831800,207
1618832700,232
1618833600,213
1618834500,209
1618835400,178
1618836300,160
1618837200,164
1618838100,165
1618839000,212
1618839900,182
1618840800,188
1618841700,186
1618842600,165
1618843500,151
1618844400,163
1618845300,175
1618846200,308
1618847100,604
1618848000,832
1618848900,901
1618849800,1099
1618850700,777
1618851600,470
1618852500,247
1618853400,246
1618854300,255
1618855200,240
1618856100,380
1618857000,313
1618857900,306
1618858800,298
1618859700,321
1618860600,534
1618861500,344
1618862400,263
1618863300,243
1618864200,661
1618865100,211
1618866000,138
1618866900,108
1618867800,103
1618868700,107
1618869600,90
1618870500,97
1618871400,99
1618872300,114
1618873200,101
1618874100,98
1618875000,100
1618875900,103
1618876800,90
1618877700,97
1618878600,103
1618879500,116
1618880400,105
1618881300,123
1618882200,141
1618883100,142
1618884000,130
1618884900,125
1618885800,145
1618886700,146
1618887600,135
1618888500,110
1618889400,104
1618890300,96
1618891200,93
1618892100,148
1618893000,218
1618893900,198
1618894800,274
1618895700,101
1618896600,182
1618897500,546
1618898400,126
1618899300,105
1618900200,136
1618901100,154
1618902000,130
1618902900,123
1618903800,223
1618904700,344
1618905600,350
1618906500,170
1618907400,128
1618908300,130
1618909200,128
1618910100,230
1618911000,141
1618911900,150
1618912800,181
1618913700,164
1618914600,168
1618915500,376
1618916400,314
1618917300,168
1618918200,185
1618919100,185
1618920000,203
1618920900,547
1618921800,319
1618922700,201
1618923600,204
1618924500,181
1618925400,187
1618926300,183
1618927200,187
1618928100,191
1618929000,172
1618929900,251
1618930800,183
1618931700,213
1618932600,193
1618933500,185
1618934400,179
1618935300,208
1618936200,185
1618937100,208
1618938000,176
1618938900,434
1618939800,542
1618940700,280
1618941600,267
1618942500,284
1618943400,336
1618944300,291
1618945200,290
1618946100,315
1618947000,295
1618947900,330
1618948800,308
1618949700,268
1618950600,261
1618951500,353
1618952400,216
1618953300,129
1618954200,121
1618955100,82
1618956000,101
1618956900,74
1618957800,81
1618958700,86
1618959600,82
1618960500,74
1618961400,85
1618962300,80
1618963200,92
1618964100,86
1618965000,91
1618965900,77
1618966800,81
1618967700,86
1618968600,110
1618969500,87
1618970400,94
1618971300,105
1618972200,112
1618973100,121
1618974000,116
1618974900,106
1618975800,93
1618976700,98
1618977600,92
1618978500,115
1618979400,101
1618980300,335
1618981200,409
1618982100,206
1618983000,238
1618983900,124
1618984800,136
1618985700,632
1618986600,687
1618987500,598
1618988400,175
1618989300,237
1618990200,380
1618991100,224
1618992000,845
1618992900,805
1618993800,262
1618994700,340
1618995600,927
1618996500,1061
1618997400,844
1618998300,877
1618999200,383
1619000100,252
1619001000,428
1619001900,440
1619002800,397
1619003700,329
1619004600,641
1619005500,825
1619006400,627
1619007300,603
1619008200,798
1619009100,567
1619010000,735
1619010900,485
1619011800,503
1619012700,512
1619013600,461
1619014500,629
1619015400,541
1619016300,575
1619017200,455
1619018100,936
1619019000,1112
1619019900,1010
1619020800,408
1619021700,335
1619022600,282
1619023500,321
1619024400,293
1619025300,294
1619026200,309
1619027100,350
1619028000,576
1619028900,368
1619029800,322
1619030700,343
1619031600,310
1619032500,273
1619033400,585
1619034300,248
1619035200,236
1619036100,206
1619037000,213
1619037900,193
1619038800,176
1619039700,169
1619040600,173
1619041500,123
1619042400,116
1619043300,96
1619044200,100
1619045100,87
1619046000,82
1619046900,82
1619047800,92
1619048700,90
1619049600,86
1619050500,92
1619051400,76
1619052300,95
1619053200,101
1619054100,96
1619055000,91
1619055900,120
1619056800,97
1619057700,97
1619058600,93
1619059500,102
1619060400,87
1619061300,95
1619062200,108
1619063100,103
1619064000,147
1619064900,337
1619065800,174
1619066700,140
1619067600,366
1619068500,140
1619069400,178
1619070300,196
1619071200,198
1619072100,205
1619073000,161
1619073900,159
1619074800,180
1619075700,176
1619076600,156
1619077500,229
1619078400,173
1619079300,157
1619080200,196
1619081100,233
1619082000,207
1619082900,252
1619083800,219
1619084700,326
1619085600,329
1619086500,446
1619087400,428
1619088300,197
1619089200,312
1619090100,209
1619091000,215
1619091900,237
1619092800,349
1619093700,773
1619094600,517
1619095500,483
1619096400,294
1619097300,284
1619098200,245
1619099100,323
1619100000,213
1619100900,207
1619101800,292
1619102700,319
1619103600,289
1619104500,172
1619105400,176
1619106300,154
1619107200,148
1619108100,139
1619109000,146
1619109900,139
1619110800,326
1619111700,170
1619112600,168
1619113500,231
1619114400,183
1619115300,222
1619116200,205
1619117100,265
1619118000,201
1619118900,218
1619119800,176
1619120700,178
1619121600,204
1619122500,197
1619123400,188
1619124300,180
1619125200,225
1619126100,109
1619127000,116
1619127900,109
1619128800,121
1619129700,112
1619130600,105
1619131500,95
1619132400,96
1619133300,98
1619134200,97
1619135100,96
1619136000,100
1619136900,111
1619137800,101
1619138700,103
1619139600,96
1619140500,118
1619141400,96
1619142300,113
1619143200,109
1619144100,118
1619145000,110
1619145900,103
1619146800,96
1619147700,116
1619148600,100
1619149500,130
1619150400,151
1619151300,314
1619152200,231
1619153100,125
1619154000,275
1619154900,203
1619155800,156
1619156700,155
1619157600,122
1619158500,124
1619159400,140
1619160300,132
1619161200,385
1619162100,157
1619163000,104
1619163900,95
1619164800,118
1619165700,281
1619166600,104
1619167500,110
1619168400,154
1619169300,368
1619170200,425
1619171100,238
1619172000,134
1619172900,153
1619173800,666
1619174700,164
1619175600,428
1619176500,204
1619177400,711
1619178300,453
1619179200,750
1619180100,285
1619181000,243
1619181900,399
1619182800,257
1619183700,371
1619184600,196
1619185500,157
1619186400,195
1619187300,182
1619188200,180
1619189100,196
1619190000,143
1619190900,137
1619191800,172
1619192700,193
1619193600,202
1619194500,411
1619195400,529
1619196300,282
1619197200,200
1619198100,235
1619199000,185
1619199900,612
1619200800,930
1619201700,531
1619202600,199
1619203500,223
1619204400,252
1619205300,1283
1619206200,2776
1619207100,2683
1619208000,1924
1619208900,1297
1619209800,1246
1619210700,1267
1619211600,548
1619212500,136
1619213400,123
1619214300,98
1619215200,71
1619216100,74
1619217000,78
1619217900,73
1619218800,65
1619219700,81
1619220600,86
1619221500,83
1619222400,65
1619223300,86
1619224200,78
1619225100,92
1619226000,83
1619226900,130
1619227800,108
1619228700,100
1619229600,95
1619230500,91
1619231400,90
1619232300,83
1619233200,103
1619234100,82
1619235000,124
1619235900,135
1619236800,153
1619237700,120
1619238600,88
1619239500,83
1619240400,268
1619241300,273
1619242200,268
1619243100,104
1619244000,111
1619244900,112
1619245800,174
1619246700,95
1619247600,212
1619248500,335
1619249400,149
1619250300,161
1619251200,146
1619252100,135
1619253000,126
1619253900,142
1619254800,126
1619255700,132
1619256600,121
1619257500,160
1619258400,152
1619259300,158
1619260200,145
1619261100,161
1619262000,178
1619262900,193
1619263800,168
1619264700,184
1619265600,181
1619266500,180
1619267400,131
1619268300,135
1619269200,150
1619270100,159
1619271000,303
1619271900,204
1619272800,210
1619273700,230
1619274600,613
1619275500,336
1619276400,290
1619277300,308
1619278200,223
1619279100,132
1619280000,142
1619280900,121
1619281800,107
1619282700,105
1619283600,111
1619284500,97
1619285400,107
1619286300,104
1619287200,123
1619288100,111
1619289000,101
1619289900,106
1619290800,106
1619291700,106
1619292600,97
1619293500,114
1619294400,111
1619295300,117
1619296200,102
1619297100,114
1619298000,88
1619298900,87
1619299800,78
1619300700,95
1619301600,91
1619302500,99
1619303400,81
1619304300,89
1619305200,83
1619306100,82
1619307000,82
1619307900,97
1619308800,104
1619309700,185
1619310600,129
1619311500,99
1619312400,104
1619313300,86
1619314200,93
1619315100,89
1619316000,99
1619316900,92
1619317800,102
1619318700,87
1619319600,97
1619320500,84
1619321400,84
1619322300,84
1619323200,96
1619324100,95
1619325000,97
1619325900,100
1619326800,177
1619327700,86
1619328600,82
1619329500,94
1619330400,107
1619331300,110
1619332200,242
1619333100,302
1619334000,138
1619334900,126
1619335800,128
1619336700,129
1619337600,471
1619338500,320
1619339400,167
1619340300,215
1619341200,238
1619342100,195
1619343000,158
1619343900,215
1619344800,175
1619345700,148
1619346600,143
1619347500,140
1619348400,140
1619349300,140
1619350200,129
1619351100,137
1619352000,339
1619352900,655
1619353800,242
1619354700,146
1619355600,138
1619356500,144
1619357400,123
1619358300,117
1619359200,110
1619360100,134
1619361000,114
1619361900,107
1619362800,93
1619363700,110
1619364600,90
1619365500,94
1619366400,98
1619367300,128
1619368200,111
1619369100,107
1619370000,127
1619370900,425
1619371800,746
1619372700,571
1619373600,888
1619374500,850
1619375400,765
1619376300,169
1619377200,149
1619378100,134
1619379000,120
1619379900,126
1619380800,225
1619381700,122
1619382600,121
1619383500,115
1619384400,117
1619385300,94
1619386200,109
1619387100,107
1619388000,120
1619388900,84
1619389800,92
1619390700,81
1619391600,97
1619392500,78
1619393400,104
1619394300,90
1619395200,103
1619396100,77
1619397000,82
1619397900,82
1619398800,89
1619399700,80
1619400600,76
1619401500,101
1619402400,96
1619403300,85
1619404200,91
1619405100,95
1619406000,103
1619406900,82
1619407800,76
1619408700,94
1619409600,94
1619410500,93
1619411400,76
1619412300,237
1619413200,97
1619414100,231
1619415000,126
1619415900,131
1619416800,154
1619417700,207
1619418600,90
1619419500,112
1619420400,249
1619421300,149
1619422200,102
1619423100,440
1619424000,105
1619424900,111
1619425800,376
1619426700,225
1619427600,306
1619428500,126
1619429400,100
1619430300,141
1619431200,133
1619432100,122
1619433000,115
1619433900,132
1619434800,130
1619435700,665
1619436600,656
1619437500,200
1619438400,186
1619439300,194
1619440200,192
1619441100,207
1619442000,203
1619442900,149
1619443800,118
1619444700,124
1619445600,129
1619446500,185
1619447400,132
1619448300,216
1619449200,172
1619450100,512
1619451000,791
1619451900,890
1619452800,684
1619453700,433
1619454600,164
1619455500,137
1619456400,173
1619457300,171
1619458200,150
1619459100,144
1619460000,187
1619460900,511
1619461800,209
1619462700,264
1619463600,275
1619464500,284
1619465400,267
1619466300,665
1619467200,233
1619468100,219
1619469000,187
1619469900,194
1619470800,186
1619471700,158
1619472600,115
1619473500,99
1619474400,104
1619475300,101
1619476200,82
1619477100,90
1619478000,71
1619478900,76
1619479800,62
1619480700,74
1619481600,83
1619482500,92
1619483400,73
1619484300,84
1619485200,79
1619486100,94
1619487000,77
1619487900,84
1619488800,85
1619489700,105
1619490600,80
1619491500,84
1619492400,77
1619493300,98
1619494200,73
1619495100,121
1619496000,118
1619496900,594
1619497800,328
1619498700,429
1619499600,694
1619500500,694
1619501400,270
1619502300,475
1619503200,147
1619504100,676
1619505000,665
1619505900,529
1619506800,678
1619507700,118
1619508600,91
1619509500,96
1619510400,91
1619511300,154
1619512200,114
1619513100,102
1619514000,313
1619514900,244
1619515800,275
1619516700,165
1619517600,186
1619518500,147
1619519400,140
1619520300,127
1619521200,154
1619522100,122
1619523000,258
1619523900,284
1619524800,127
1619525700,129
1619526600,138
1619527500,123
1619528400,389
1619529300,297
1619530200,141
1619531100,134
1619532000,111
1619532900,114
1619533800,691
1619534700,311
1619535600,201
1619536500,196
1619537400,199
1619538300,185
1619539200,867
1619540100,637
1619541000,714
1619541900,717
1619542800,510
1619543700,336
1619544600,594
1619545500,1060
1619546400,498
1619547300,688
1619548200,908
1619549100,848
1619550000,1038
1619550900,985
1619551800,965
1619552700,852
1619553600,382
1619554500,340
1619555400,331
1619556300,155
1619557200,175
1619558100,177
1619559000,151
1619559900,116
1619560800,106
1619561700,107
1619562600,107
1619563500,106
1619564400,107
1619565300,112
1619566200,87
1619567100,79
1619568000,77
1619568900,94
1619569800,79
1619570700,81
1619571600,85
1619572500,100
1619573400,90
1619574300,82
1619575200,92
1619576100,81
1619577000,77
1619577900,83
1619578800,87
1619579700,84
1619580600,101
1619581500,125
1619582400,87
1619583300,75
1619584200,253
1619585100,288
1619586000,85
1619586900,86
1619587800,101
1619588700,104
1619589600,117
1619590500,180
1619591400,275
1619592300,365
1619593200,379
1619594100,381
1619595000,130
1619595900,109
1619596800,116
1619597700,92
1619598600,113
1619599500,410
1619600400,558
1619601300,349
1619602200,123
1619603100,110
1619604000,130
1619604900,352
1619605800,206
1619606700,129
1619607600,146
1619608500,184
1619609400,142
1619610300,528
1619611200,224
1619612100,119
1619613000,178
1619613900,368
1619614800,325
1619615700,483
1619616600,433
1619617500,114
1619618400,144
1619619300,138
1619620200,180
1619621100,204
1619622000,234
1619622900,186
1619623800,174
1619624700,185
1619625600,180
1619626500,199
1619627400,180
1619628300,173
1619629200,414
1619630100,474
1619631000,442
1619631900,652
1619632800,552
1619633700,490
1619634600,485
1619635500,459
1619636400,459
1619637300,423
1619638200,393
1619639100,378
1619640000,464
1619640900,423
1619641800,436
1619642700,386
1619643600,235
1619644500,126
1619645400,105
1619646300,105
1619647200,108
1619648100,125
1619649000,113
1619649900,121
1619650800,106
1619651700,99
1619652600,101
1619653500,119
1619654400,114
1619655300,124
1619656200,121
1619657100,135
1619658000,121
1619658900,104
1619659800,111
1619660700,108
1619661600,110
1619662500,103
1619663400,115
1619664300,86
1619665200,100
1619666100,84
1619667000,115
1619667900,117
1619668800,122
1619669700,262
1619670600,148
1619671500,213
1619672400,117
1619673300,114
1619674200,93
1619675100,85
1619676000,88
1619676900,85
1619677800,74
1619678700,83
1619679600,89
1619680500,95
1619681400,90
1619682300,110
1619683200,105
1619684100,110
1619685000,90
1619685900,107
1619686800,90
1619687700,103
1619688600,114
1619689500,142
1619690400,267
1619691300,297
1619692200,166
1619693100,159
1619694000,178
1619694900,115
1619695800,388
1619696700,251
1619697600,122
1619698500,117
1619699400,137
1619700300,121
1619701200,119
1619702100,498
1619703000,433
1619703900,149
1619704800,147
1619705700,119
1619706600,137
1619707500,116
1619708400,102
1619709300,101
1619710200,103
1619711100,88
1619712000,81
1619712900,119
1619713800,123
1619714700,123
1619715600,138
1619716500,169
1619717400,144
1619718300,144
1619719200,230
1619720100,155
1619721000,144
1619721900,145
1619722800,103
1619723700,176
1619724600,180
1619725500,196
1619726400,168
1619727300,184
1619728200,187
1619729100,177
1619730000,154
1619730900,127
1619731800,107
1619732700,111
1619733600,107
1619734500,118
1619735400,111
1619736300,119
1619737200,123
1619738100,116
1619739000,104
1619739900,115
1619740800,127
1619741700,124
1619742600,120
1619743500,119
1619744400,137
1619745300,135
1619746200,136
1619747100,125
1619748000,138
1619748900,124
1619749800,125
1619750700,129
1619751600,155
1619752500,101
1619753400,87
1619754300,94
1619755200,230
1619756100,111
1619757000,84
1619757900,90
1619758800,98
1619759700,151
1619760600,217
1619761500,213
1619762400,138
1619763300,115
1619764200,108
1619765100,123
1619766000,199
1619766900,140
1619767800,99
1619768700,130
1619769600,219
1619770500,333
1619771400,195
1619772300,132
1619773200,102
1619774100,106
1619775000,139
1619775900,224
1619776800,143
1619777700,144
1619778600,127
1619779500,196
1619780400,148
1619781300,136
1619782200,123
1619783100,150
1619784000,132
1619784900,136
1619785800,121
1619786700,397
1619787600,143
1619788500,144
1619789400,151
1619790300,358
1619791200,263
1619792100,465
1619793000,441
1619793900,484
1619794800,174
1619795700,162
1619796600,206
1619797500,515
1619798400,133
1619799300,127
1619800200,128
1619801100,132
1619802000,107
1619802900,126
1619803800,140
1619804700,149
1619805600,277
1619806500,180
1619807400,225
1619808300,243
1619809200,277
1619810100,218
1619811000,222
1619811900,168
1619812800,148
1619813700,159
1619814600,153
1619815500,144
1619816400,124
1619817300,124
1619818200,111
1619819100,107
1619820000,993
1619820900,1218
1619821800,967
1619822700,952
1619823600,910
1619824500,81
1619825400,88
1619826300,93
1619827200,69
1619828100,58
1619829000,42
1619829900,105
1619830800,72
1619831700,87
1619832600,78
1619833500,85
1619834400,85
1619835300,92
1619836200,85
1619837100,95
1619838000,92
1619838900,67
1619839800,58
1619840700,74
1619841600,203
1619842500,64
1619843400,56
1619844300,84
1619845200,461
1619846100,365
1619847000,140
1619847900,160
1619848800,94
1619849700,145
1619850600,146
1619851500,190
1619852400,125
1619853300,80
1619854200,82
1619855100,103
1619856000,292
1619856900,128
1619857800,458
1619858700,706
1619859600,930
1619860500,655
1619861400,161
1619862300,134
1619863200,129
1619864100,132
1619865000,168
1619865900,786
1619866800,354
1619867700,608
1619868600,124
1619869500,423
1619870400,149
1619871300,117
1619872200,89
1619873100,188
1619874000,644
1619874900,652
1619875800,227
1619876700,109
1619877600,106
1619878500,99
1619879400,104
1619880300,387
1619881200,1302
1619882100,1349
1619883000,1247
1619883900,679
1619884800,115
1619885700,91
1619886600,118
1619887500,143
1619888400,119
1619889300,111
1619890200,100
1619891100,108
1619892000,117
1619892900,96
1619893800,77
1619894700,68
1619895600,106
1619896500,79
1619897400,73
1619898300,66
1619899200,64
1619900100,64
1619901000,40
1619901900,46
1619902800,48
1619903700,171
1619904600,66
1619905500,40
1619906400,47
1619907300,57
1619908200,43
1619909100,47
1619910000,40
1619910900,59
1619911800,72
1619912700,56
1619913600,47
1619914500,55
1619915400,138
1619916300,68
1619917200,98
1619918100,86
1619919000,92
1619919900,100
1619920800,79
1619921700,65
1619922600,46
1619923500,68
1619924400,46
1619925300,50
1619926200,52
1619927100,63
1619928000,81
1619928900,84
1619929800,77
1619930700,218
1619931600,150
1619932500,658
1619933400,126
1619934300,102
1619935200,99
1619936100,112
1619937000,98
1619937900,128
1619938800,124
1619939700,145
1619940600,140
1619941500,150
1619942400,143
1619943300,127
1619944200,286
1619945100,141
1619946000,96
1619946900,117
1619947800,150
1619948700,136
1619949600,133
1619950500,122
1619951400,135
1619952300,138
1619953200,189
1619954100,227
1619955000,132
1619955900,153
1619956800,136
1619957700,166
1619958600,200
1619959500,211
1619960400,1322
1619961300,1124
1619962200,1040
1619963100,654
1619964000,263
1619964900,237
1619965800,252
1619966700,390
1619967600,712
1619968500,250
1619969400,203
1619970300,218
1619971200,203
1619972100,218
1619973000,157
1619973900,160
1619974800,179
1619975700,149
1619976600,152
1619977500,171
1619978400,196
1619979300,739
1619980200,319
1619981100,447
1619982000,217
1619982900,261
1619983800,200
1619984700,220
1619985600,195
1619986500,200
1619987400,184
1619988300,151
1619989200,128
1619990100,83
1619991000,100
1619991900,93
1619992800,95
1619993700,69
1619994600,82
1619995500,74
1619996400,76
1619997300,72
1619998200,82
1619999100,68
1620000000,76
1620000900,78
1620001800,76
1620002700,67
1620003600,90
1620004500,85
1620005400,129
1620006300,125
1620007200,125
1620008100,110
1620009000,115
1620009900,93
1620010800,77
1620011700,71
1620012600,83
1620013500,72
1620014400,68
1620015300,79
1620016200,78
1620017100,100
1620018000,91
1620018900,126
1620019800,104
1620020700,96
1620021600,187
1620022500,81
1620023400,65
1620024300,205
1620025200,297
1620026100,585
1620027000,794
1620027900,1119
1620028800,805
1620029700,447
1620030600,542
1620031500,616
1620032400,737
1620033300,189
1620034200,181
1620035100,267
1620036000,481
1620036900,176
1620037800,192
1620038700,213
1620039600,328
1620040500,248
1620041400,191
1620042300,186
1620043200,177
1620044100,168
1620045000,167
1620045900,203
1620046800,205
1620047700,210
1620048600,226
1620049500,175
1620050400,132
1620051300,131
1620052200,166
1620053100,583
1620054000,1001
1620054900,544
1620055800,230
1620056700,262
1620057600,915
1620058500,312
1620059400,559
1620060300,178
1620061200,147
1620062100,158
1620063000,180
1620063900,157
1620064800,151
1620065700,150
1620066600,171
1620067500,165
1620068400,156
1620069300,161
1620070200,192
1620071100,161
1620072000,123
1620072900,94
1620073800,95
1620074700,90
1620075600,88
1620076500,88
1620077400,84
1620078300,82
1620079200,75
1620080100,98
1620081000,104
1620081900,98
1620082800,75
1620083700,85
1620084600,83
1620085500,80
1620086400,73
1620087300,81
1620088200,76
1620089100,61
1620090000,53
1620090900,61
1620091800,67
1620092700,62
1620093600,63
1620094500,85
1620095400,98
1620096300,114
1620097200,99
1620098100,70
1620099000,67
1620099900,60
1620100800,53
1620101700,60
1620102600,64
1620103500,214
1620104400,80
1620105300,95
1620106200,520
1620107100,576
1620108000,477
1620108900,266
1620109800,108
1620110700,174
1620111600,241
1620112500,115
1620113400,94
1620114300,124
1620115200,163
1620116100,311
1620117000,159
1620117900,155
1620118800,152
1620119700,116
1620120600,113
1620121500,127
1620122400,236
1620123300,421
1620124200,367
1620125100,218
1620126000,225
1620126900,703
1620127800,264
1620128700,318
1620129600,122
1620130500,126
1620131400,125
1620132300,158
1620133200,174
1620134100,153
1620135000,170
1620135900,156
1620136800,167
1620137700,225
1620138600,185
1620139500,171
1620140400,212
1620141300,202
1620142200,294
1620143100,169
1620144000,159
1620144900,188
1620145800,182
1620146700,140
1620147600,153
1620148500,158
1620149400,162
1620150300,173
1620151200,180
1620152100,190
1620153000,189
1620153900,224
1620154800,213
1620155700,206
1620156600,210
1620157500,194
1620158400,183
1620159300,160
1620160200,251
1620161100,153
1620162000,156
1620162900,140
1620163800,166
1620164700,142
1620165600,148
1620166500,131
1620167400,107
1620168300,98
1620169200,90
1620170100,79
1620171000,79
1620171900,100
1620172800,95
1620173700,102
1620174600,92
1620175500,117
1620176400,90
1620177300,78
1620178200,72
1620179100,88
1620180000,77
1620180900,78
1620181800,71
1620182700,102
1620183600,111
1620184500,129
1620185400,128
1620186300,85
1620187200,88
1620188100,74
1620189000,78
1620189900,65
1620190800,242
1620191700,89
1620192600,89
1620193500,78
1620194400,87
1620195300,110
1620196200,103
1620197100,138
1620198000,68
1620198900,83
1620199800,87
1620200700,111
1620201600,636
1620202500,268
1620203400,653
1620204300,372
1620205200,142
1620206100,191
1620207000,222
1620207900,189
1620208800,262
1620209700,158
1620210600,195
1620211500,130
1620212400,113
1620213300,109
1620214200,111
1620215100,118
1620216000,98
1620216900,90
1620217800,77
1620218700,85
1620219600,82
1620220500,89
1620221400,92
1620222300,93
1620223200,89
1620224100,78
1620225000,151
1620225900,170
1620226800,122
1620227700,123
1620228600,112
1620229500,138
1620230400,137
1620231300,187
1620232200,174
1620233100,169
1620234000,144
1620234900,162
1620235800,162
1620236700,215
1620237600,659
1620238500,292
1620239400,510
1620240300,245
1620241200,223
1620242100,247
1620243000,211
1620243900,124
1620244800,85
1620245700,75
1620246600,72
1620247500,96
1620248400,65
1620249300,72
1620250200,78
1620251100,86
1620252000,81
1620252900,88
1620253800,87
1620254700,101
1620255600,86
1620256500,78
1620257400,69
1620258300,89
1620259200,95
1620260100,96
1620261000,90
1620261900,101
1620262800,91
1620263700,113
1620264600,91
1620265500,99
1620266400,62
1620267300,68
1620268200,67
1620269100,62
1620270000,57
1620270900,85
1620271800,92
1620272700,85
1620273600,81
1620274500,255
1620275400,105
1620276300,113
1620277200,258
1620278100,56
1620279000,41
1620279900,47
1620280800,56
1620281700,102
1620282600,65
1620283500,82
1620284400,84
1620285300,68
1620286200,61
1620287100,64
1620288000,57
1620288900,307
1620289800,370
1620290700,580
1620291600,233
1620292500,63
1620293400,118
1620294300,63
1620295200,74
1620296100,84
1620297000,112
1620297900,104
1620298800,168
1620299700,92
1620300600,101
1620301500,140
1620302400,123
1620303300,212
1620304200,143
1620305100,131
1620306000,145
1620306900,124
1620307800,132
1620308700,125
1620309600,142
1620310500,134
1620311400,130
1620312300,126
1620313200,142
1620314100,272
1620315000,172
1620315900,369
1620316800,566
1620317700,423
1620318600,418
1620319500,173
1620320400,172
1620321300,181
1620322200,157
1620323100,185
1620324000,188
1620324900,181
1620325800,170
1620326700,242
1620327600,150
1620328500,145
1620329400,199
1620330300,156
1620331200,111
1620332100,98
1620333000,91
1620333900,75
1620334800,66
1620335700,96
1620336600,95
1620337500,98
1620338400,83
1620339300,86
1620340200,94
1620341100,88
1620342000,54
1620342900,57
1620343800,49
1620344700,70
1620345600,49
1620346500,80
1620347400,89
1620348300,94
1620349200,91
1620350100,78
1620351000,71
1620351900,77
1620352800,49
1620353700,68
1620354600,48
1620355500,56
1620356400,63
1620357300,82
1620358200,80
1620359100,79
1620360000,144
1620360900,215
1620361800,80
1620362700,91
1620363600,67
1620364500,47
1620365400,35
1620366300,49
1620367200,41
1620368100,51
1620369000,62
1620369900,78
1620370800,106
1620371700,147
1620372600,128
1620373500,135
1620374400,146
1620375300,133
1620376200,175
1620377100,96
1620378000,107
1620378900,142
1620379800,149
1620380700,172
1620381600,137
1620382500,206
1620383400,171
1620384300,194
1620385200,179
1620386100,150
1620387000,217
1620387900,307
1620388800,132
1620389700,134
1620390600,150
1620391500,166
1620392400,133
1620393300,140
1620394200,124
1620395100,350
1620396000,121
1620396900,129
1620397800,560
1620398700,484
1620399600,121
1620400500,129
1620401400,124
1620402300,128
1620403200,130
1620404100,136
1620405000,127
1620405900,128
1620406800,148
1620407700,189
1620408600,215
1620409500,151
1620410400,145
1620411300,294
1620412200,405
1620413100,449
1620414000,264
1620414900,211
1620415800,189
1620416700,124
1620417600,57
1620418500,38
1620419400,40
1620420300,51
1620421200,42
1620422100,39
1620423000,41
1620423900,38
1620424800,53
1620425700,40
1620426600,99
1620427500,77
1620428400,81
1620429300,98
1620430200,83
1620431100,71
1620432000,53
1620432900,38
1620433800,56
1620434700,38
1620435600,40
1620436500,38
1620437400,55
1620438300,75
1620439200,62
1620440100,59
1620441000,62
1620441900,59
1620442800,78
1620443700,43
1620444600,42
1620445500,40
1620446400,58
1620447300,197
1620448200,63
1620449100,80
1620450000,62
1620450900,90
1620451800,200
1620452700,54
1620453600,61
1620454500,57
1620455400,48
1620456300,49
1620457200,40
1620458100,67
1620459000,186
1620459900,35
1620460800,86
1620461700,77
1620462600,151
1620463500,77
1620464400,72
1620465300,93
1620466200,124
1620467100,66
1620468000,83
1620468900,131
1620469800,103
1620470700,136
1620471600,221
1620472500,185
1620473400,82
1620474300,422
1620475200,538
1620476100,149
1620477000,171
1620477900,374
1620478800,166
1620479700,136
1620480600,128
1620481500,114
1620482400,150
1620483300,173
1620484200,159
1620485100,153
1620486000,161
1620486900,349
1620487800,227
1620488700,246
1620489600,148
1620490500,199
1620491400,688
1620492300,741
1620493200,192
1620494100,167
1620495000,156
1620495900,165
1620496800,173
1620497700,176
1620498600,138
1620499500,154
1620500400,209
1620501300,197
1620502200,161
1620503100,394
1620504000,696
1620504900,265
1620505800,483
1620506700,104
1620507600,128
1620508500,112
1620509400,152
1620510300,152
1620511200,92
1620512100,85
1620513000,56
1620513900,44
1620514800,58
1620515700,64
1620516600,55
1620517500,64
1620518400,55
1620519300,88
1620520200,114
1620521100,61
1620522000,50
1620522900,51
1620523800,58
1620524700,70
1620525600,66
1620526500,79
1620527400,64
1620528300,85
1620529200,67
1620530100,62
1620531000,44
1620531900,46
1620532800,55
1620533700,50
1620534600,51
1620535500,60
1620536400,65
1620537300,81
1620538200,222
1620539100,81
1620540000,98
1620540900,98
1620541800,469
1620542700,235
1620543600,154
1620544500,279
1620545400,137
1620546300,108
1620547200,153
1620548100,273
1620549000,175
1620549900,285
1620550800,852
1620551700,324
1620552600,149
1620553500,164
1620554400,211
1620555300,692
1620556200,697
1620557100,644
1620558000,410
1620558900,133
1620559800,125
1620560700,140
1620561600,139
1620562500,385
1620563400,388
1620564300,368
1620565200,243
1620566100,116
1620567000,354
1620567900,822
1620568800,840
1620569700,746
1620570600,487
1620571500,226
1620572400,257
1620573300,903
1620574200,817
1620575100,709
1620576000,377
1620576900,152
1620577800,138
1620578700,163
1620579600,151
1620580500,521
1620581400,405
1620582300,377
1620583200,180
1620584100,182
1620585000,174
1620585900,254
1620586800,155
1620587700,292
1620588600,191
1620589500,193
1620590400,168
1620591300,109
1620592200,56
1620593100,55
1620594000,64
1620594900,50
1620595800,44
1620596700,38
1620597600,39
1620598500,60
1620599400,49
1620600300,45
1620601200,35
1620602100,42
1620603000,32
1620603900,30
1620604800,29
1620605700,43
1620606600,31
1620607500,29
1620608400,45
1620609300,91
1620610200,79
1620611100,63
1620612000,58
1620612900,76
1620613800,59
1620614700,58
1620615600,54
1620616500,66
1620617400,41
1620618300,38
1620619200,38
1620620100,48
1620621000,41
1620621900,56
1620622800,58
1620623700,67
1620624600,90
1620625500,149
1620626400,201
1620627300,86
1620628200,176
1620629100,170
1620630000,80
1620630900,61
1620631800,74
1620632700,39
1620633600,61
1620634500,73
1620635400,76
1620636300,67
1620637200,63
1620638100,83
1620639000,72
1620639900,70
1620640800,63
1620641700,67
1620642600,69
1620643500,77
1620644400,62
1620645300,83
1620646200,79
1620647100,100
1620648000,63
1620648900,70
1620649800,61
1620650700,85
1620651600,63
1620652500,69
1620653400,62
1620654300,78
1620655200,68
1620656100,70
1620657000,61
1620657900,63
1620658800,62
1620659700,58
1620660600,66
1620661500,74
1620662400,78
1620663300,59
1620664200,48
1620665100,58
1620666000,57
1620666900,62
1620667800,48
1620668700,59
1620669600,53
1620670500,177
1620671400,183
1620672300,230
1620673200,213
1620674100,207
1620675000,185
1620675900,261
1620676800,177
1620677700,110
1620678600,84
1620679500,74
1620680400,70
1620681300,57
1620682200,77
1620683100,50
1620684000,53
1620684900,33
1620685800,54
1620686700,37
1620687600,42
1620688500,34
1620689400,46
1620690300,45
1620691200,42
1620692100,43
1620693000,56
1620693900,71
1620694800,45
1620695700,43
1620696600,34
1620697500,51
1620698400,41
1620699300,43
1620700200,33
1620701100,52
1620702000,69
1620702900,65
1620703800,63
1620704700,59
1620705600,67
1620706500,39
1620707400,46
1620708300,51
1620709200,57
1620710100,184
1620711000,88
1620711900,66
1620712800,416
1620713700,436
1620714600,158
1620715500,485
1620716400,483
1620717300,259
1620718200,299
1620719100,267
1620720000,222
1620720900,489
1620721800,509
1620722700,516
1620723600,541
1620724500,174
1620725400,394
1620726300,735
1620727200,366
1620728100,210
1620729000,143
1620729900,144
1620730800,138
1620731700,122
1620732600,145
1620733500,408
1620734400,259
1620735300,178
1620736200,194
1620737100,188
1620738000,174
1620738900,265
1620739800,251
1620740700,168
1620741600,271
1620742500,153
1620743400,550
1620744300,283
1620745200,148
1620746100,175
1620747000,147
1620747900,144
1620748800,132
1620749700,162
1620750600,154
1620751500,249
1620752400,235
1620753300,255
1620754200,282
1620755100,240
1620756000,266
1620756900,248
1620757800,264
1620758700,256
1620759600,251
1620760500,167
1620761400,213
1620762300,186
1620763200,161
1620764100,138
1620765000,123
1620765900,154
1620766800,224
1620767700,165
1620768600,108
1620769500,121
1620770400,78
1620771300,83
1620772200,88
1620773100,80
1620774000,76
1620774900,45
1620775800,43
1620776700,34
1620777600,56
1620778500,34
1620779400,47
1620780300,140
1620781200,85
1620782100,41
1620783000,45
1620783900,37
1620784800,46
1620785700,49
1620786600,57
1620787500,61
1620788400,81
1620789300,74
1620790200,67
1620791100,58
1620792000,62
1620792900,40
1620793800,54
1620794700,251
1620795600,243
1620796500,424
1620797400,176
1620798300,91
1620799200,107
1620800100,443
1620801000,244
1620801900,121
1620802800,101
1620803700,89
1620804600,87
1620805500,96
1620806400,86
1620807300,90
1620808200,97
1620809100,95
1620810000,105
1620810900,228
1620811800,189
1620812700,137
1620813600,141
1620814500,233
1620815400,173
1620816300,205
1620817200,346
1620818100,571
1620819000,280
1620819900,157
1620820800,227
1620821700,176
1620822600,146
1620823500,133
1620824400,142
1620825300,138
1620826200,134
1620827100,128
1620828000,146
1620828900,153
1620829800,148
1620830700,125
1620831600,133
1620832500,140
1620833400,137
1620834300,130
1620835200,132
1620836100,139
1620837000,141
1620837900,139
1620838800,146
1620839700,164
1620840600,151
1620841500,224
1620842400,239
1620843300,272
1620844200,239
1620845100,234
1620846000,232
1620846900,197
1620847800,200
1620848700,136
1620849600,119
1620850500,161
1620851400,88
1620852300,77
1620853200,93
1620854100,70
1620855000,76
1620855900,77
1620856800,81
1620857700,82
1620858600,92
1620859500,94
1620860400,74
1620861300,65
1620862200,78
1620863100,73
1620864000,73
1620864900,66
1620865800,84
1620866700,66
1620867600,73
1620868500,65
1620869400,85
1620870300,66
1620871200,72
1620872100,85
1620873000,99
1620873900,74
1620874800,57
1620875700,59
1620876600,61
1620877500,49
1620878400,104
1620879300,142
1620880200,56
1620881100,47
1620882000,55
1620882900,58
1620883800,68
1620884700,60
1620885600,69
1620886500,54
1620887400,52
1620888300,240
1620889200,581
1620890100,326
1620891000,278
1620891900,438
1620892800,703
1620893700,683
1620894600,511
1620895500,177
1620896400,131
1620897300,400
1620898200,455
1620899100,264
1620900000,279
1620900900,263
1620901800,230
1620902700,801
1620903600,289
1620904500,478
1620905400,125
1620906300,91
1620907200,106
1620908100,87
1620909000,95
1620909900,79
1620910800,86
1620911700,178
1620912600,67
1620913500,64
1620914400,77
1620915300,58
1620916200,65
1620917100,96
1620918000,132
1620918900,192
1620919800,153
1620920700,152
1620921600,240
1620922500,135
1620923400,108
1620924300,101
1620925200,109
1620926100,92
1620927000,100
1620927900,113
1620928800,128
1620929700,126
1620930600,196
1620931500,206
1620932400,165
1620933300,225
1620934200,192
1620935100,135
1620936000,83
1620936900,36
1620937800,41
1620938700,35
1620939600,53
1620940500,34
1620941400,40
1620942300,36
1620943200,52
1620944100,36
1620945000,39
1620945900,37
1620946800,69
1620947700,51
1620948600,56
1620949500,38
1620950400,51
1620951300,39
1620952200,38
1620953100,39
1620954000,51
1620954900,40
1620955800,37
1620956700,40
1620957600,50
1620958500,42
1620959400,34
1620960300,58
1620961200,63
1620962100,59
1620963000,35
1620963900,46
1620964800,106
1620965700,222
1620966600,59
1620967500,81
1620968400,73
1620969300,64
1620970200,53
1620971100,70
1620972000,63
1620972900,75
1620973800,45
1620974700,52
1620975600,45
1620976500,67
1620977400,61
1620978300,74
1620979200,65
1620980100,86
1620981000,68
1620981900,58
1620982800,48
1620983700,100
1620984600,75
1620985500,124
1620986400,112
1620987300,217
1620988200,176
1620989100,137
1620990000,101
1620990900,95
1620991800,176
1620992700,135
1620993600,76
1620994500,76
1620995400,80
1620996300,67
1620997200,55
1620998100,71
1620999000,161
1620999900,158
1621000800,634
1621001700,466
1621002600,452
1621003500,245
1621004400,147
1621005300,143
1621006200,131
1621007100,140
1621008000,120
1621008900,131
1621009800,123
1621010700,150
1621011600,142
1621012500,146
1621013400,146
1621014300,171
1621015200,180
1621016100,182
1621017000,159
1621017900,159
1621018800,162
1621019700,185
1621020600,217
1621021500,204
1621022400,218
1621023300,144
1621024200,135
1621025100,131
1621026000,133
1621026900,150
1621027800,145
1621028700,143
1621029600,148
1621030500,105
1621031400,56
1621032300,44
1621033200,47
1621034100,50
1621035000,55
1621035900,44
1621036800,47
1621037700,40
1621038600,62
1621039500,42
1621040400,46
1621041300,42
1621042200,55
1621043100,45
1621044000,61
1621044900,56
1621045800,80
1621046700,77
1621047600,68
1621048500,59
1621049400,71
1621050300,51
1621051200,304
1621052100,80
1621053000,51
1621053900,43
1621054800,85
1621055700,68
1621056600,219
1621057500,142
1621058400,178
1621059300,200
1621060200,122
1621061100,117
1621062000,212
1621062900,132
1621063800,73
1621064700,61
1621065600,92
1621066500,74
1621067400,99
1621068300,77
1621069200,86
1621070100,98
1621071000,94
1621071900,96
1621072800,387
1621073700,164
1621074600,366
1621075500,273
1621076400,145
1621077300,137
1621078200,130
1621079100,535
1621080000,696
1621080900,647
1621081800,594
1621082700,160
1621083600,110
1621084500,358
1621085400,885
1621086300,810
1621087200,645
1621088100,244
1621089000,130
1621089900,520
1621090800,194
1621091700,183
1621092600,175
1621093500,311
1621094400,648
1621095300,755
1621096200,348
1621097100,302
1621098000,317
1621098900,318
1621099800,332
1621100700,340
1621101600,309
1621102500,300
1621103400,286
1621104300,326
1621105200,312
1621106100,263
1621107000,272
1621107900,240
1621108800,197
1621109700,141
1621110600,74
1621111500,65
1621112400,63
1621113300,45
1621114200,59
1621115100,50
1621116000,49
1621116900,53
1621117800,55
1621118700,55
1621119600,72
1621120500,63
1621121400,54
1621122300,47
1621123200,57
1621124100,44
1621125000,51
1621125900,56
1621126800,50
1621127700,159
1621128600,75
1621129500,58
1621130400,60
1621131300,51
1621132200,64
1621133100,57
1621134000,63
1621134900,57
1621135800,76
1621136700,79
1621137600,76
1621138500,64
1621139400,63
1621140300,77
1621141200,200
1621142100,346
1621143000,80
1621143900,108
1621144800,143
1621145700,114
1621146600,107
1621147500,133
1621148400,145
1621149300,162
1621150200,122
1621151100,117
1621152000,123
1621152900,118
1621153800,139
1621154700,99
1621155600,175
1621156500,244
1621157400,784
1621158300,370
1621159200,532
1621160100,180
1621161000,157
1621161900,167
1621162800,185
1621163700,229
1621164600,886
1621165500,838
1621166400,771
1621167300,582
1621168200,186
1621169100,258
1621170000,183
1621170900,231
1621171800,222
1621172700,207
1621173600,213
1621174500,223
1621175400,243
1621176300,230
1621177200,249
1621178100,211
1621179000,180
1621179900,170
1621180800,215
1621181700,188
1621182600,1976
1621183500,2326
1621184400,2333
1621185300,1266
1621186200,1204
1621187100,1269
1621188000,1566
1621188900,1209
1621189800,1186
1621190700,1138
1621191600,977
1621192500,1248
1621193400,374
1621194300,200
1621195200,152
1621196100,141
1621197000,128
1621197900,107
1621198800,118
1621199700,135
1621200600,48
1621201500,40
1621202400,52
1621203300,47
1621204200,63
1621205100,55
1621206000,72
1621206900,40
1621207800,48
1621208700,40
1621209600,60
1621210500,60
1621211400,106
1621212300,60
1621213200,77
1621214100,59
1621215000,68
1621215900,66
1621216800,71
1621217700,57
1621218600,62
1621219500,54
1621220400,52
1621221300,41
1621222200,47
1621223100,53
1621224000,47
1621224900,43
1621225800,59
1621226700,76
1621227600,67
1621228500,67
1621229400,66
1621230300,268
1621231200,501
1621232100,435
1621233000,66
1621233900,79
1621234800,59
1621235700,54
1621236600,48
1621237500,77
1621238400,70
1621239300,76
1621240200,71
1621241100,86
1621242000,50
1621242900,72
1621243800,74
1621244700,99
1621245600,84
1621246500,79
1621247400,70
1621248300,82
1621249200,69
1621250100,79
1621251000,78
1621251900,87
1621252800,77
1621253700,75
1621254600,76
1621255500,105
1621256400,277
1621257300,101
1621258200,282
1621259100,309
1621260000,92
1621260900,79
1621261800,560
1621262700,632
1621263600,110
1621264500,123
1621265400,126
1621266300,138
1621267200,129
1621268100,148
1621269000,113
1621269900,146
1621270800,129
1621271700,129
1621272600,126
1621273500,144
1621274400,112
1621275300,101
1621276200,104
1621277100,122
1621278000,96
1621278900,57
1621279800,68
1621280700,93
1621281600,182
1621282500,84
1621283400,77
1621284300,77
1621285200,79
1621286100,68
1621287000,72
1621287900,77
1621288800,80
1621289700,69
1621290600,72
1621291500,69
1621292400,73
1621293300,76
1621294200,69
1621295100,61
1621296000,52
1621296900,41
1621297800,40
1621298700,40
1621299600,53
1621300500,41
1621301400,39
1621302300,41
1621303200,50
1621304100,46
1621305000,39
1621305900,56
1621306800,52
1621307700,67
1621308600,53
1621309500,51
1621310400,40
1621311300,61
1621312200,154
1621313100,219
1621314000,234
1621314900,319
1621315800,416
1621316700,451
1621317600,276
1621318500,501
1621319400,410
1621320300,923
1621321200,743
1621322100,702
1621323000,513
1621323900,437
1621324800,264
1621325700,224
1621326600,197
1621327500,153
1621328400,90
1621329300,110
1621330200,144
1621331100,455
1621332000,715
1621332900,449
1621333800,200
1621334700,544
1621335600,359
1621336500,292
1621337400,159
1621338300,80
1621339200,71
1621340100,67
1621341000,68
1621341900,69
1621342800,59
1621343700,75
1621344600,61
1621345500,92
1621346400,74
1621347300,81
1621348200,63
1621349100,88
1621350000,58
1621350900,64
1621351800,55
1621352700,101
1621353600,105
1621354500,101
1621355400,107
1621356300,147
1621357200,171
1621358100,168
1621359000,168
1621359900,160
1621360800,168
1621361700,152
1621362600,162
1621363500,154
1621364400,216
1621365300,203
1621366200,232
1621367100,126
1621368000,113
1621368900,91
1621369800,90
1621370700,104
1621371600,110
1621372500,84
1621373400,69
1621374300,59
1621375200,74
1621376100,64
1621377000,67
1621377900,62
1621378800,66
1621379700,77
1621380600,41
1621381500,47
1621382400,35
1621383300,66
1621384200,58
1621385100,56
1621386000,52
1621386900,50
1621387800,41
1621388700,33
1621389600,43
1621390500,46
1621391400,44
1621392300,42
1621393200,33
1621394100,47
1621395000,44
1621395900,42
1621396800,181
1621397700,54
1621398600,83
1621399500,50
1621400400,73
1621401300,66
1621402200,77
1621403100,60
1621404000,63
1621404900,56
1621405800,44
1621406700,59
1621407600,45
1621408500,99
1621409400,553
1621410300,713
1621411200,373
1621412100,633
1621413000,548
1621413900,303
1621414800,275
1621415700,120
1621416600,125
1621417500,104
1621418400,130
1621419300,111
1621420200,103
1621421100,105
1621422000,125
1621422900,110
1621423800,104
1621424700,107
1621425600,102
1621426500,92
1621427400,75
1621428300,74
1621429200,80
1621430100,74
1621431000,67
1621431900,73
1621432800,75
1621433700,78
1621434600,67
1621435500,71
1621436400,71
1621437300,69
1621438200,76
1621439100,71
1621440000,77
1621440900,68
1621441800,102
1621442700,104
1621443600,110
1621444500,308
1621445400,113
1621446300,91
1621447200,96
1621448100,100
1621449000,111
1621449900,170
1621450800,150
1621451700,203
1621452600,178
1621453500,133
1621454400,92
1621455300,75
1621456200,80
1621457100,73
1621458000,66
1621458900,74
1621459800,72
1621460700,78
1621461600,48
1621462500,52
1621463400,49
1621464300,65
1621465200,42
1621466100,42
1621467000,36
1621467900,57
1621468800,35
1621469700,43
1621470600,35
1621471500,59
1621472400,55
1621473300,60
1621474200,52
1621475100,47
1621476000,45
1621476900,41
1621477800,39
1621478700,39
1621479600,54
1621480500,40
1621481400,41
1621482300,38
1621483200,73
1621484100,143
1621485000,69
1621485900,106
1621486800,70
1621487700,54
1621488600,58
1621489500,35
1621490400,69
1621491300,68
1621492200,66
1621493100,58
1621494000,54
1621494900,59
1621495800,54
1621496700,44
1621497600,54
1621498500,64
1621499400,85
1621500300,72
1621501200,173
1621502100,135
1621503000,120
1621503900,179
1621504800,186
1621505700,158
1621506600,169
1621507500,136
1621508400,164
1621509300,138
1621510200,193
1621511100,171
1621512000,129
1621512900,125
1621513800,144
1621514700,128
1621515600,123
1621516500,117
1621517400,123
1621518300,118
1621519200,109
1621520100,112
1621521000,174
1621521900,228
1621522800,118
1621523700,77
1621524600,62
1621525500,125
1621526400,116
1621527300,156
1621528200,268
1621529100,150
1621530000,232
1621530900,537
1621531800,148
1621532700,160
1621533600,247
1621534500,183
1621535400,168
1621536300,172
1621537200,208
1621538100,711
1621539000,285
1621539900,422
1621540800,142
1621541700,126
1621542600,115
1621543500,113
1621544400,104
1621545300,127
1621546200,130
1621547100,124
1621548000,68
1621548900,42
1621549800,45
1621550700,46
1621551600,36
1621552500,42
1621553400,41
1621554300,48
1621555200,34
1621556100,40
1621557000,39
1621557900,51
1621558800,33
1621559700,48
1621560600,54
1621561500,68
1621562400,46
1621563300,39
1621564200,35
1621565100,64
1621566000,42
1621566900,43
1621567800,38
1621568700,51
1621569600,38
1621570500,39
1621571400,332
1621572300,103
1621573200,63
1621574100,333
1621575000,604
1621575900,595
1621576800,253
1621577700,62
1621578600,91
1621579500,504
1621580400,243
1621581300,199
1621582200,176
1621583100,262
1621584000,197
1621584900,1120
1621585800,1023
1621586700,780
1621587600,600
1621588500,218
1621589400,205
1621590300,110
1621591200,83
1621592100,74
1621593000,66
1621593900,74
1621594800,65
1621595700,75
1621596600,65
1621597500,76
1621598400,65
1621599300,75
1621600200,66
1621601100,73
1621602000,63
1621602900,65
1621603800,55
1621604700,70
1621605600,65
1621606500,80
1621607400,91
1621608300,87
1621609200,79
1621610100,102
1621611000,72
1621611900,55
1621612800,60
1621613700,55
1621614600,60
1621615500,54
1621616400,61
1621617300,53
1621618200,91
1621619100,110
1621620000,113
1621620900,109
1621621800,155
1621622700,149
1621623600,152
1621624500,142
1621625400,131
1621626300,114
1621627200,121
1621628100,70
1621629000,111
1621629900,72
1621630800,78
1621631700,70
1621632600,79
1621633500,71
1621634400,75
1621635300,59
1621636200,65
1621637100,59
1621638000,69
1621638900,56
1621639800,63
1621640700,66
1621641600,80
1621642500,72
1621643400,79
1621644300,55
1621645200,67
1621646100,56
1621647000,64
1621647900,55
1621648800,63
1621649700,55
1621650600,62
1621651500,54
1621652400,63
1621653300,55
1621654200,56
1621655100,43
1621656000,54
1621656900,225
1621657800,102
1621658700,93
1621659600,72
1621660500,45
1621661400,172
1621662300,74
1621663200,89
1621664100,46
1621665000,130
1621665900,88
1621666800,63
1621667700,46
1621668600,429
1621669500,304
1621670400,154
1621671300,91
1621672200,181
1621673100,247
1621674000,67
1621674900,207
1621675800,91
1621676700,162
1621677600,697
1621678500,186
1621679400,364
1621680300,107
1621681200,86
1621682100,91
1621683000,205
1621683900,274
1621684800,154
1621685700,184
1621686600,344
1621687500,129
1621688400,136
1621689300,162
1621690200,104
1621691100,270
1621692000,264
1621692900,175
1621693800,118
1621694700,82
1621695600,63
1621696500,80
1621697400,71
1621698300,78
1621699200,51
1621700100,52
1621701000,46
1621701900,51
1621702800,45
1621703700,52
1621704600,45
1621705500,53
1621706400,44
1621707300,53
1621708200,45
1621709100,53
1621710000,59
1621710900,67
1621711800,60
1621712700,54
1621713600,44
1621714500,36
1621715400,26
1621716300,34
1621717200,25
1621718100,34
1621719000,27
1621719900,35
1621720800,26
1621721700,34
1621722600,29
1621723500,51
1621724400,42
1621725300,45
1621726200,26
1621727100,36
1621728000,25
1621728900,35
1621729800,26
1621730700,36
1621731600,99
1621732500,103
1621733400,63
1621734300,70
1621735200,45
1621736100,54
1621737000,48
1621737900,53
1621738800,44
1621739700,51
1621740600,43
1621741500,51
1621742400,43
1621743300,51
1621744200,42
1621745100,51
1621746000,55
1621746900,66
1621747800,65
1621748700,55
1621749600,43
1621750500,53
1621751400,153
1621752300,260
1621753200,87
1621754100,76
1621755000,357
1621755900,210
1621756800,83
1621757700,89
1621758600,94
1621759500,95
1621760400,71
1621761300,81
1621762200,72
1621763100,81
1621764000,75
1621764900,82
1621765800,133
1621766700,113
1621767600,170
1621768500,111
1621769400,103
1621770300,151
1621771200,100
1621772100,112
1621773000,99
1621773900,291
1621774800,265
1621775700,189
1621776600,188
1621777500,169
1621778400,170
1621779300,175
1621780200,201
1621781100,200
1621782000,205
1621782900,216
1621783800,635
1621784700,645
1621785600,281
1621786500,423
1621787400,421
1621788300,698
1621789200,575
1621790100,268
1621791000,127
1621791900,103
1621792800,134
1621793700,155
1621794600,171
1621795500,159
1621796400,168
1621797300,173
1621798200,181
1621799100,182
1621800000,185
1621800900,149
1621801800,270
1621802700,158
1621803600,103
1621804500,51
1621805400,43
1621806300,50
1621807200,59
1621808100,52
1621809000,48
1621809900,35
1621810800,43
1621811700,34
1621812600,44
1621813500,34
1621814400,43
1621815300,35
1621816200,44
1621817100,35
1621818000,99
1621818900,59
1621819800,78
1621820700,69
1621821600,69
1621822500,37
1621823400,43
1621824300,35
1621825200,44
1621826100,34
1621827000,43
1621827900,35
1621828800,40
1621829700,35
1621830600,43
1621831500,44
1621832400,67
1621833300,55
1621834200,90
1621835100,48
1621836000,202
1621836900,66
1621837800,219
1621838700,69
1621839600,84
1621840500,69
1621841400,71
1621842300,52
1621843200,54
1621844100,49
1621845000,54
1621845900,61
1621846800,140
1621847700,766
1621848600,264
1621849500,137
1621850400,429
1621851300,511
1621852200,341
1621853100,277
1621854000,114
1621854900,117
1621855800,110
1621856700,117
1621857600,86
1621858500,78
1621859400,66
1621860300,74
1621861200,66
1621862100,84
1621863000,81
1621863900,91
1621864800,82
1621865700,82
1621866600,65
1621867500,73
1621868400,65
1621869300,90
1621870200,124
1621871100,126
1621872000,126
1621872900,146
1621873800,144
1621874700,155
1621875600,113
1621876500,96
1621877400,96
1621878300,93
1621879200,111
1621880100,149
1621881000,148
1621881900,147
1621882800,149
1621883700,148
1621884600,223
1621885500,189
1621886400,141
1621887300,67
1621888200,75
1621889100,69
1621890000,77
1621890900,68
1621891800,75
1621892700,66
1621893600,65
1621894500,54
1621895400,65
1621896300,58
1621897200,68
1621898100,66
1621899000,79
1621899900,69
1621900800,65
1621901700,53
1621902600,63
1621903500,54
1621904400,62
1621905300,55
1621906200,61
1621907100,57
1621908000,60
1621908900,57
1621909800,58
1621910700,56
1621911600,62
1621912500,67
1621913400,56
1621914300,61
1621915200,61
1621916100,50
1621917000,42
1621917900,48
1621918800,125
1621919700,159
1621920600,174
1621921500,344
1621922400,529
1621923300,471
1621924200,468
1621925100,262
1621926000,275
1621926900,90
1621927800,82
1621928700,334
1621929600,204
1621930500,211
1621931400,686
1621932300,506
1621933200,509
1621934100,451
1621935000,181
1621935900,137
1621936800,534
1621937700,518
1621938600,378
1621939500,225
1621940400,134
1621941300,124
1621942200,151
1621943100,199
1621944000,152
1621944900,136
1621945800,218
1621946700,98
1621947600,118
1621948500,158
1621949400,166
1621950300,154
1621951200,163
1621952100,158
1621953000,193
1621953900,403
1621954800,127
1621955700,132
1621956600,132
1621957500,528
1621958400,646
1621959300,349
1621960200,153
1621961100,162
1621962000,191
1621962900,182
1621963800,190
1621964700,155
1621965600,140
1621966500,157
1621967400,162
1621968300,185
1621969200,181
1621970100,181
1621971000,161
1621971900,179
1621972800,177
1621973700,150
1621974600,96
1621975500,90
1621976400,79
1621977300,79
1621978200,68
1621979100,76
1621980000,74
1621980900,88
1621981800,74
1621982700,65
1621983600,63
1621984500,64
1621985400,60
1621986300,57
1621987200,60
1621988100,57
1621989000,62
1621989900,55
1621990800,62
1621991700,56
1621992600,81
1621993500,71
1621994400,69
1621995300,54
1621996200,56
1621997100,46
1621998000,57
1621998900,56
1621999800,59
1622000700,41
1622001600,51
1622002500,41
1622003400,97
1622004300,683
1622005200,742
1622006100,697
1622007000,618
1622007900,670
1622008800,74
1622009700,60
1622010600,145
1622011500,119
1622012400,140
1622013300,111
1622014200,128
1622015100,181
1622016000,146
1622016900,397
1622017800,210
1622018700,143
1622019600,170
1622020500,174
1622021400,842
1622022300,217
1622023200,467
1622024100,159
1622025000,158
1622025900,157
1622026800,115
1622027700,270
1622028600,369
1622029500,213
1622030400,176
1622031300,344
1622032200,433
1622033100,392
1622034000,496
1622034900,120
1622035800,117
1622036700,122
1622037600,136
1622038500,154
1622039400,134
1622040300,141
1622041200,167
1622042100,154
1622043000,139
1622043900,132
1622044800,133
1622045700,143
1622046600,133
1622047500,144
1622048400,136
1622049300,145
1622050200,145
1622051100,131
1622052000,125
1622052900,165
1622053800,133
1622054700,103
1622055600,139
1622056500,226
1622057400,99
1622058300,95
1622059200,42
1622060100,34
1622061000,24
1622061900,33
1622062800,24
1622063700,31
1622064600,69
1622065500,83
1622066400,60
1622067300,52
1622068200,53
1622069100,42
1622070000,49
1622070900,44
1622071800,50
1622072700,54
1622073600,65
1622074500,53
1622075400,47
1622076300,42
1622077200,45
1622078100,45
1622079000,41
1622079900,48
1622080800,39
1622081700,48
1622082600,38
1622083500,42
1622084400,31
1622085300,41
1622086200,47
1622087100,56
1622088000,205
1622088900,54
1622089800,48
1622090700,48
1622091600,47
1622092500,46
1622093400,43
1622094300,45
1622095200,56
1622096100,60
1622097000,67
1622097900,41
1622098800,52
1622099700,35
1622100600,236
1622101500,618
1622102400,669
1622103300,758
1622104200,507
1622105100,362
1622106000,133
1622106900,70
1622107800,101
1622108700,96
1622109600,99
1622110500,208
1622111400,173
1622112300,147
1622113200,123
1622114100,266
1622115000,97
1622115900,270
1622116800,263
1622117700,110
1622118600,98
1622119500,101
1622120400,73
1622121300,82
1622122200,86
1622123100,430
1622124000,516
1622124900,158
1622125800,113
1622126700,116
1622127600,137
1622128500,148
1622129400,143
1622130300,143
1622131200,147
1622132100,152
1622133000,134
1622133900,145
1622134800,155
1622135700,151
1622136600,155
1622137500,145
1622138400,157
1622139300,178
1622140200,191
1622141100,154
1622142000,134
1622142900,302
1622143800,166
1622144700,105
1622145600,72
1622146500,46
1622147400,52
1622148300,41
1622149200,57
1622150100,70
1622151000,84
1622151900,120
1622152800,77
1622153700,71
1622154600,57
1622155500,58
1622156400,63
1622157300,53
1622158200,62
1622159100,54
1622160000,64
1622160900,61
1622161800,58
1622162700,78
1622163600,67
1622164500,67
1622165400,51
1622166300,59
1622167200,57
1622168100,55
1622169000,60
1622169900,51
1622170800,61
1622171700,50
1622172600,61
1622173500,55
1622174400,72
1622175300,236
1622176200,148
1622177100,86
1622178000,383
1622178900,321
1622179800,417
1622180700,111
1622181600,40
1622182500,35
1622183400,42
1622184300,34
1622185200,42
1622186100,33
1622187000,41
1622187900,53
1622188800,78
1622189700,159
1622190600,80
1622191500,95
1622192400,100
1622193300,139
1622194200,138
1622195100,143
1622196000,135
1622196900,274
1622197800,212
1622198700,172
1622199600,188
1622200500,189
1622201400,180
1622202300,170
1622203200,180
1622204100,145
1622205000,142
1622205900,181
1622206800,124
1622207700,115
1622208600,110
1622209500,137
1622210400,131
1622211300,233
1622212200,706
1622213100,183
1622214000,156
1622214900,156
1622215800,141
1622216700,215
1622217600,233
1622218500,225
1622219400,254
1622220300,230
1622221200,238
1622222100,238
1622223000,232
1622223900,228
1622224800,233
1622225700,191
1622226600,152
1622227500,114
1622228400,105
1622229300,116
1622230200,159
1622231100,114
1622232000,71
1622232900,84
1622233800,66
1622234700,70
1622235600,72
1622236500,84
1622237400,87
1622238300,70
1622239200,75
1622240100,65
1622241000,68
1622241900,52
1622242800,54
1622243700,48
1622244600,55
1622245500,47
1622246400,56
1622247300,48
1622248200,67
1622249100,69
1622250000,57
1622250900,54
1622251800,46
1622252700,56
1622253600,47
1622254500,54
1622255400,41
1622256300,42
1622257200,35
1622258100,40
1622259000,35
1622259900,52
1622260800,174
1622261700,54
1622262600,35
1622263500,41
1622264400,40
1622265300,106
1622266200,131
1622267100,38
1622268000,100
1622268900,232
1622269800,373
1622270700,246
1622271600,268
1622272500,45
1622273400,51
1622274300,43
1622275200,101
1622276100,180
1622277000,163
1622277900,130
1622278800,116
1622279700,112
1622280600,120
1622281500,140
1622282400,93
1622283300,90
1622284200,152
1622285100,93
1622286000,90
1622286900,172
1622287800,120
1622288700,193
1622289600,225
1622290500,279
1622291400,137
1622292300,139
1622293200,118
1622294100,124
1622295000,110
1622295900,118
1622296800,119
1622297700,122
1622298600,124
1622299500,139
1622300400,141
1622301300,117
1622302200,117
1622303100,109
1622304000,113
1622304900,150
1622305800,151
1622306700,112
1622307600,154
1622308500,167
1622309400,277
1622310300,167
1622311200,172
1622312100,176
1622313000,163
1622313900,245
1622314800,167
1622315700,178
1622316600,180
1622317500,176
1622318400,149
1622319300,139
1622320200,130
1622321100,123
1622322000,142
1622322900,76
1622323800,61
1622324700,59
1622325600,36
1622326500,40
1622327400,45
1622328300,33
1622329200,44
1622330100,44
1622331000,33
1622331900,44
1622332800,43
1622333700,35
1622334600,44
1622335500,52
1622336400,56
1622337300,51
1622338200,36
1622339100,42
1622340000,44
1622340900,35
1622341800,44
1622342700,41
1622343600,40
1622344500,44
1622345400,37
1622346300,44
1622347200,46
1622348100,50
1622349000,78
1622349900,208
1622350800,177
1622351700,181
1622352600,137
1622353500,286
1622354400,274
1622355300,661
1622356200,616
1622357100,259
1622358000,114
1622358900,115
1622359800,86
1622360700,110
1622361600,111
1622362500,106
1622363400,139
1622364300,476
1622365200,643
1622366100,124
1622367000,98
1622367900,109
1622368800,104
1622369700,129
1622370600,524
1622371500,736
1622372400,743
1622373300,1388
1622374200,424
1622375100,421
1622376000,178
1622376900,288
1622377800,406
1622378700,175
1622379600,148
1622380500,138
1622381400,139
1622382300,152
1622383200,150
1622384100,152
1622385000,131
1622385900,134
1622386800,136
1622387700,141
1622388600,145
1622389500,138
1622390400,147
1622391300,142
1622392200,136
1622393100,162
1622394000,136
1622394900,147
1622395800,154
1622396700,236
1622397600,160
1622398500,174
1622399400,138
1622400300,138
1622401200,202
1622402100,199
1622403000,185
1622403900,201
1622404800,145
1622405700,54
1622406600,56
1622407500,37
1622408400,45
1622409300,40
1622410200,38
1622411100,45
1622412000,34
1622412900,45
1622413800,39
1622414700,40
1622415600,54
1622416500,53
1622417400,54
1622418300,37
1622419200,43
1622420100,43
1622421000,36
1622421900,45
1622422800,37
1622423700,44
1622424600,42
1622425500,44
1622426400,113
1622427300,56
1622428200,63
1622429100,59
1622430000,68
1622430900,64
1622431800,44
1622432700,45
1622433600,51
1622434500,70
1622435400,66
1622436300,64
1622437200,51
1622438100,38
1622439000,173
1622439900,53
1622440800,256
1622441700,716
1622442600,352
1622443500,64
1622444400,135
1622445300,57
1622446200,51
1622447100,56
1622448000,71
1622448900,73
1622449800,89
1622450700,412
1622451600,548
1622452500,131
1622453400,236
1622454300,437
1622455200,523
1622456100,607
1622457000,683
1622457900,323
1622458800,452
1622459700,160
1622460600,161
1622461500,100
1622462400,140
1622463300,95
1622464200,98
1622465100,84
1622466000,100
1622466900,84
1622467800,96
1622468700,111
1622469600,117
1622470500,115
1622471400,115
1622472300,100
1622473200,106
1622474100,96
1622475000,112
1622475900,117
1622476800,117
1622477700,113
1622478600,96
1622479500,105
1622480400,94
1622481300,102
1622482200,98
1622483100,362
1622484000,438
1622484900,160
1622485800,243
1622486700,163
1622487600,172
1622488500,179
1622489400,177
1622490300,165
1622491200,104
1622492100,74
1622493000,67
1622493900,52
1622494800,56
1622495700,60
1622496600,65
1622497500,59
1622498400,82
1622499300,72
1622500200,72
1622501100,59
1622502000,61
1622502900,64
1622503800,58
1622504700,65
1622505600,56
1622506500,67
1622507400,53
1622508300,52
1622509200,56
1622510100,38
1622511000,48
1622511900,55
1622512800,64
1622513700,46
1622514600,1590
1622515500,2488
1622516400,2255
1622517300,1483
1622518200,1218
1622519100,1180
1622520000,943
1622520900,942
1622521800,1180
1622522700,181
1622523600,94
1622524500,64
1622525400,94
1622526300,84
1622527200,248
1622528100,67
1622529000,238
1622529900,586
1622530800,361
1622531700,385
1622532600,714
1622533500,733
1622534400,477
1622535300,598
1622536200,387
1622537100,371
1622538000,518
1622538900,1020
1622539800,498
1622540700,433
1622541600,169
1622542500,184
1622543400,163
1622544300,154
1622545200,150
1622546100,149
1622547000,146
1622547900,143
1622548800,135
1622549700,150
1622550600,147
1622551500,227
1622552400,225
1622553300,173
1622554200,189
1622555100,407
1622556000,524
1622556900,250
1622557800,368
1622558700,126
1622559600,152
1622560500,270
1622561400,806
1622562300,823
1622563200,704
1622564100,767
1622565000,200
1622565900,138
1622566800,127
1622567700,125
1622568600,83
1622569500,85
1622570400,79
1622571300,70
1622572200,83
1622573100,83
1622574000,74
1622574900,78
1622575800,77
1622576700,84
1622577600,70
1622578500,62
1622579400,63
1622580300,59
1622581200,36
1622582100,43
1622583000,54
1622583900,90
1622584800,71
1622585700,53
1622586600,73
1622587500,46
1622588400,50
1622589300,42
1622590200,62
1622591100,48
1622592000,52
1622592900,56
1622593800,73
1622594700,65
1622595600,62
1622596500,65
1622597400,63
1622598300,65
1622599200,40
1622600100,48
1622601000,40
1622601900,65
1622602800,40
1622603700,48
1622604600,40
1622605500,61
1622606400,43
1622607300,63
1622608200,55
1622609100,69
1622610000,216
1622610900,356
1622611800,112
1622612700,212
1622613600,366
1622614500,144
1622615400,129
1622616300,363
1622617200,104
1622618100,153
1622619000,313
1622619900,97
1622620800,229
1622621700,817
1622622600,760
1622623500,141
1622624400,237
1622625300,330
1622626200,229
1622627100,183
1622628000,279
1622628900,130
1622629800,174
1622630700,829
1622631600,234
1622632500,516
1622633400,404
1622634300,818
1622635200,838
1622636100,702
1622637000,617
1622637900,150
1622638800,120
1622639700,112
1622640600,187
1622641500,496
1622642400,428
1622643300,465
1622644200,444
1622645100,298
1622646000,275
1622646900,155
1622647800,146
1622648700,155
1622649600,128
1622650500,136
1622651400,125
1622652300,139
1622653200,141
1622654100,134
1622655000,132
1622655900,128
1622656800,234
1622657700,155
1622658600,146
1622659500,139
1622660400,147
1622661300,163
1622662200,155
1622663100,150
1622664000,171
1622664900,178
1622665800,155
1622666700,133
1622667600,103
1622668500,117
1622669400,110
1622670300,109
1622671200,104
1622672100,104
1622673000,91
1622673900,56
1622674800,66
1622675700,44
1622676600,63
1622677500,50
1622678400,49
1622679300,63
1622680200,65
1622681100,72
1622682000,38
1622682900,47
1622683800,39
1622684700,60
1622685600,41
1622686500,48
1622687400,41
1622688300,47
1622689200,58
1622690100,39
1622691000,55
1622691900,44
1622692800,65
1622693700,75
1622694600,236
1622695500,142
1622696400,137
1622697300,103
1622698200,100
1622699100,99
1622700000,78
1622700900,100
1622701800,83
1622702700,96
1622703600,124
1622704500,144
1622705400,116
1622706300,156
1622707200,267
1622708100,179
1622709000,164
1622709900,121
1622710800,171
1622711700,762
1622712600,481
1622713500,127
1622714400,137
1622715300,473
1622716200,284
1622717100,166
1622718000,188
1622718900,737
1622719800,309
1622720700,363
1622721600,441
1622722500,338
1622723400,126
1622724300,156
1622725200,266
1622726100,398
1622727000,130
1622727900,124
1622728800,272
1622729700,365
1622730600,274
1622731500,316
1622732400,199
1622733300,127
1622734200,246
1622735100,569
1622736000,290
1622736900,666
1622737800,695
1622738700,237
1622739600,192
1622740500,202
1622741400,198
1622742300,192
1622743200,190
1622744100,185
1622745000,178
1622745900,173
1622746800,224
1622747700,156
1622748600,152
1622749500,136
1622750400,124
1622751300,91
1622752200,88
1622753100,93
1622754000,81
1622754900,69
1622755800,70
1622756700,69
1622757600,58
1622758500,63
1622759400,60
1622760300,75
1622761200,58
1622762100,64
1622763000,55
1622763900,76
1622764800,60
1622765700,77
1622766600,74
1622767500,68
1622768400,66
1622769300,58
1622770200,60
1622771100,57
1622772000,77
1622772900,60
1622773800,85
1622774700,70
1622775600,91
1622776500,59
1622777400,63
1622778300,62
1622779200,235
1622780100,201
1622781000,177
1622781900,77
1622782800,105
1622783700,78
1622784600,59
1622785500,39
1622786400,47
1622787300,53
1622788200,49
1622789100,101
1622790000,106
1622790900,182
1622791800,110
1622792700,101
1622793600,108
1622794500,123
1622795400,102
1622796300,71
1622797200,64
1622798100,75
1622799000,78
1622799900,79
1622800800,71
1622801700,149
1622802600,193
1622803500,192
1622804400,181
1622805300,154
1622806200,99
1622807100,142
1622808000,90
1622808900,179
1622809800,132
1622810700,135
1622811600,99
1622812500,100
1622813400,89
1622814300,266
1622815200,119
1622816100,120
1622817000,130
1622817900,137
1622818800,138
1622819700,128
1622820600,102
1622821500,171
1622822400,172
1622823300,126
1622824200,225
1622825100,144
1622826000,474
1622826900,571
1622827800,299
1622828700,323
1622829600,125
1622830500,159
1622831400,114
1622832300,125
1622833200,121
1622834100,113
1622835000,117
1622835900,114
1622836800,114
1622837700,96
1622838600,94
1622839500,136
1622840400,90
1622841300,89
1622842200,84
1622843100,87
1622844000,80
1622844900,65
1622845800,70
1622846700,77
1622847600,68
1622848500,63
1622849400,68
1622850300,75
1622851200,81
1622852100,82
1622853000,67
1622853900,69
1622854800,70
1622855700,68
1622856600,65
1622857500,106
1622858400,99
1622859300,72
1622860200,68
1622861100,1350
1622862000,2178
1622862900,2185
1622863800,1406
1622864700,1509
1622865600,1238
1622866500,1210
1622867400,926
1622868300,1058
1622869200,282
1622870100,206
1622871000,154
1622871900,131
1622872800,105
1622873700,108
1622874600,122
1622875500,168
1622876400,175
1622877300,133
1622878200,123
1622879100,198
1622880000,117
1622880900,314
1622881800,204
1622882700,152
1622883600,144
1622884500,180
1622885400,706
1622886300,289
1622887200,380
1622888100,126
1622889000,128
1622889900,122
1622890800,272
1622891700,708
1622892600,612
1622893500,652
1622894400,410
1622895300,116
1622896200,113
1622897100,123
1622898000,135
1622898900,82
1622899800,80
1622900700,91
1622901600,269
1622902500,997
1622903400,781
1622904300,695
1622905200,960
1622906100,1118
1622907000,413
1622907900,203
1622908800,183
1622909700,189
1622910600,174
1622911500,188
1622912400,567
1622913300,1215
1622914200,780
1622915100,716
1622916000,293
1622916900,195
1622917800,97
1622918700,98
1622919600,91
1622920500,96
1622921400,104
1622922300,99
1622923200,114
1622924100,103
1622925000,103
1622925900,84
1622926800,69
1622927700,78
1622928600,81
1622929500,80
1622930400,76
1622931300,66
1622932200,74
1622933100,73
1622934000,67
1622934900,68
1622935800,56
1622936700,89
1622937600,78
1622938500,84
1622939400,67
1622940300,76
1622941200,75
1622942100,57
1622943000,80
1622943900,89
1622944800,97
1622945700,92
1622946600,80
1622947500,65
1622948400,80
1622949300,80
1622950200,75
1622951100,71
1622952000,95
1622952900,73
1622953800,72
1622954700,77
1622955600,100
1622956500,244
1622957400,103
1622958300,349
1622959200,466
1622960100,112
1622961000,94
1622961900,93
1622962800,231
1622963700,179
1622964600,188
1622965500,156
1622966400,143
1622967300,185
1622968200,220
1622969100,573
1622970000,679
1622970900,255
1622971800,232
1622972700,539
1622973600,395
1622974500,461
1622975400,310
1622976300,544
1622977200,330
1622978100,231
1622979000,115
1622979900,114
1622980800,183
1622981700,186
1622982600,230
1622983500,287
1622984400,187
1622985300,193
1622986200,175
1622987100,165
1622988000,179
1622988900,155
1622989800,156
1622990700,163
1622991600,152
1622992500,151
1622993400,158
1622994300,168
1622995200,156
1622996100,156
1622997000,173
1622997900,174
1622998800,200
1622999700,199
1623000600,189
1623001500,175
1623002400,167
1623003300,151
1623004200,164
1623005100,166
1623006000,157
1623006900,298
1623007800,131
1623008700,117
1623009600,90
1623010500,116
1623011400,69
1623012300,57
1623013200,64
1623014100,62
1623015000,46
1623015900,38
1623016800,60
1623017700,38
1623018600,46
1623019500,53
1623020400,80
1623021300,66
1623022200,84
1623023100,91
1623024000,74
1623024900,46
1623025800,38
1623026700,58
1623027600,40
1623028500,47
1623029400,38
1623030300,58
1623031200,54
1623032100,72
1623033000,63
1623033900,80
1623034800,72
1623035700,48
1623036600,48
1623037500,53
1623038400,67
1623039300,56
1623040200,51
1623041100,47
1623042000,65
1623042900,62
1623043800,73
1623044700,65
1623045600,263
1623046500,755
1623047400,656
1623048300,722
1623049200,810
1623050100,239
1623051000,60
1623051900,61
1623052800,54
1623053700,63
1623054600,575
1623055500,1012
1623056400,672
1623057300,590
1623058200,146
1623059100,182
1623060000,202
1623060900,203
1623061800,169
1623062700,167
1623063600,113
1623064500,168
1623065400,204
1623066300,254
1623067200,208
1623068100,154
1623069000,118
1623069900,130
1623070800,194
1623071700,223
1623072600,151
1623073500,104
1623074400,73
1623075300,83
1623076200,111
1623077100,107
1623078000,116
1623078900,149
1623079800,178
1623080700,193
1623081600,207
1623082500,184
1623083400,177
1623084300,175
1623085200,171
1623086100,168
1623087000,181
1623087900,193
1623088800,186
1623089700,167
1623090600,133
1623091500,130
1623092400,124
1623093300,125
1623094200,108
1623095100,112
1623096000,111
1623096900,110
1623097800,88
1623098700,79
1623099600,71
1623100500,93
1623101400,71
1623102300,52
1623103200,36
1623104100,57
1623105000,37
1623105900,42
1623106800,41
1623107700,54
1623108600,39
1623109500,40
1623110400,45
1623111300,54
1623112200,62
1623113100,52
1623114000,53
1623114900,48
1623115800,46
1623116700,36
1623117600,45
1623118500,50
1623119400,45
1623120300,37
1623121200,44
1623122100,76
1623123000,84
1623123900,73
1623124800,67
1623125700,76
1623126600,56
1623127500,52
1623128400,60
1623129300,218
1623130200,266
1623131100,310
1623132000,460
1623132900,403
1623133800,371
1623134700,178
1623135600,275
1623136500,324
1623137400,117
1623138300,247
1623139200,203
1623140100,627
1623141000,419
1623141900,866
1623142800,1159
1623143700,724
1623144600,289
1623145500,173
1623146400,174
1623147300,154
1623148200,160
1623149100,88
1623150000,98
1623150900,468
1623151800,1315
1623152700,781
1623153600,689
1623154500,679
1623155400,353
1623156300,153
1623157200,106
1623158100,115
1623159000,107
1623159900,106
1623160800,102
1623161700,139
1623162600,150
1623163500,159
1623164400,538
1623165300,715
1623166200,324
1623167100,129
1623168000,118
1623168900,143
1623169800,119
1623170700,121
1623171600,122
1623172500,124
1623173400,116
1623174300,197
1623175200,212
1623176100,127
1623177000,126
1623177900,146
1623178800,168
1623179700,149
1623180600,112
1623181500,124
1623182400,126
1623183300,129
1623184200,129
1623185100,127
1623186000,108
1623186900,105
1623187800,97
1623188700,121
1623189600,100
1623190500,108
1623191400,91
1623192300,84
1623193200,60
1623194100,50
1623195000,49
1623195900,47
1623196800,45
1623197700,35
1623198600,47
1623199500,48
1623200400,45
1623201300,38
1623202200,44
1623203100,55
1623204000,38
1623204900,45
1623205800,57
1623206700,91
1623207600,75
1623208500,87
1623209400,47
1623210300,59
1623211200,41
1623212100,50
1623213000,57
1623213900,84
1623214800,263
1623215700,56
1623216600,60
1623217500,102
1623218400,118
1623219300,114
1623220200,138
1623221100,128
1623222000,102
1623222900,72
1623223800,80
1623224700,212
1623225600,270
1623226500,474
1623227400,266
1623228300,680
1623229200,475
1623230100,152
1623231000,141
1623231900,156
1623232800,142
1623233700,140
1623234600,129
1623235500,176
1623236400,697
1623237300,222
1623238200,291
1623239100,120
1623240000,121
1623240900,116
1623241800,166
1623242700,134
1623243600,127
1623244500,126
1623245400,112
1623246300,111
1623247200,195
1623248100,120
1623249000,124
1623249900,127
1623250800,138
1623251700,117
1623252600,106
1623253500,242
1623254400,144
1623255300,123
1623256200,105
1623257100,94
1623258000,117
1623258900,144
1623259800,144
1623260700,147
1623261600,145
1623262500,116
1623263400,129
1623264300,116
1623265200,115
1623266100,107
1623267000,127
1623267900,78
1623268800,70
1623269700,50
1623270600,59
1623271500,48
1623272400,41
1623273300,41
1623274200,75
1623275100,74
1623276000,80
1623276900,70
1623277800,56
1623278700,54
1623279600,51
1623280500,55
1623281400,46
1623282300,41
1623283200,48
1623284100,54
1623285000,45
1623285900,45
1623286800,65
1623287700,71
1623288600,52
1623289500,46
1623290400,46
1623291300,56
1623292200,44
1623293100,62
1623294000,62
1623294900,73
1623295800,44
1623296700,46
1623297600,61
1623298500,332
1623299400,88
1623300300,155
1623301200,134
1623302100,141
1623303000,110
1623303900,120
1623304800,141
1623305700,105
1623306600,73
1623307500,111
1623308400,124
1623309300,102
1623310200,84
1623311100,86
1623312000,82
1623312900,88
1623313800,178
1623314700,163
1623315600,204
1623316500,256
1623317400,197
1623318300,138
1623319200,92
1623320100,154
1623321000,205
1623321900,162
1623322800,163
1623323700,165
1623324600,112
1623325500,221
1623326400,93
1623327300,116
1623328200,178
1623329100,189
1623330000,149
1623330900,222
1623331800,86
1623332700,114
1623333600,132
1623334500,237
1623335400,159
1623336300,199
1623337200,119
1623338100,120
1623339000,130
1623339900,139
1623340800,126
1623341700,127
1623342600,111
1623343500,159
1623344400,142
1623345300,108
1623346200,100
1623347100,120
1623348000,110
1623348900,123
1623349800,129
1623350700,137
1623351600,144
1623352500,139
1623353400,115
1623354300,103
1623355200,99
1623356100,69
1623357000,127
1623357900,656
1623358800,98
1623359700,72
1623360600,76
1623361500,71
1623362400,93
1623363300,72
1623364200,94
1623365100,85
1623366000,105
1623366900,72
1623367800,79
1623368700,68
1623369600,80
1623370500,59
1623371400,65
1623372300,58
1623373200,78
1623374100,63
1623375000,65
1623375900,55
1623376800,72
1623377700,64
1623378600,73
1623379500,73
1623380400,86
1623381300,71
1623382200,95
1623383100,477
1623384000,496
1623384900,320
1623385800,255
1623386700,94
1623387600,104
1623388500,105
1623389400,81
1623390300,54
1623391200,61
1623392100,81
1623393000,216
1623393900,148
1623394800,256
1623395700,494
1623396600,395
1623397500,204
1623398400,148
1623399300,323
1623400200,528
1623401100,273
1623402000,286
1623402900,248
1623403800,194
1623404700,170
1623405600,201
1623406500,180
1623407400,190
1623408300,234
1623409200,473
1623410100,220
1623411000,386
1623411900,137
1623412800,129
1623413700,107
1623414600,110
1623415500,566
1623416400,284
1623417300,192
1623418200,201
1623419100,185
1623420000,161
1623420900,151
1623421800,162
1623422700,164
1623423600,169
1623424500,150
1623425400,161
1623426300,147
1623427200,139
1623428100,149
1623429000,167
1623429900,150
1623430800,1042
1623431700,2287
1623432600,2285
1623433500,1543
1623434400,1306
1623435300,1227
1623436200,1390
1623437100,1110
1623438000,1086
1623438900,1132
1623439800,1115
1623440700,1128
1623441600,373
1623442500,141
1623443400,143
1623444300,124
1623445200,133
1623446100,113
1623447000,119
1623447900,115
1623448800,129
1623449700,119
1623450600,145
1623451500,76
1623452400,85
1623453300,72
1623454200,73
1623455100,67
1623456000,69
1623456900,73
1623457800,85
1623458700,86
1623459600,65
1623460500,56
1623461400,66
1623462300,73
1623463200,69
1623464100,49
1623465000,51
1623465900,55
1623466800,51
1623467700,42
1623468600,54
1623469500,62
1623470400,231
1623471300,58
1623472200,70
1623473100,194
1623474000,124
1623474900,87
1623475800,68
1623476700,122
1623477600,158
1623478500,281
1623479400,113
1623480300,66
1623481200,72
1623482100,92
1623483000,117
1623483900,119
1623484800,271
1623485700,383
1623486600,187
1623487500,248
1623488400,159
1623489300,936
1623490200,368
1623491100,461
1623492000,178
1623492900,554
1623493800,690
1623494700,715
1623495600,477
1623496500,172
1623497400,190
1623498300,200
1623499200,186
1623500100,191
1623501000,173
1623501900,151
1623502800,159
1623503700,678
1623504600,1364
1623505500,1327
1623506400,757
1623507300,374
1623508200,422
1623509100,194
1623510000,177
1623510900,148
1623511800,157
1623512700,132
1623513600,143
1623514500,137
1623515400,156
1623516300,440
1623517200,781
1623518100,674
1623519000,379
1623519900,147
1623520800,150
1623521700,148
1623522600,188
1623523500,209
1623524400,144
1623525300,314
1623526200,200
1623527100,215
1623528000,152
1623528900,118
1623529800,142
1623530700,84
1623531600,79
1623532500,84
1623533400,82
1623534300,75
1623535200,68
1623536100,73
1623537000,65
1623537900,54
1623538800,37
1623539700,53
1623540600,44
1623541500,46
1623542400,38
1623543300,57
1623544200,39
1623545100,46
1623546000,36
1623546900,60
1623547800,38
1623548700,46
1623549600,51
1623550500,135
1623551400,71
1623552300,58
1623553200,54
1623554100,58
1623555000,41
1623555900,53
1623556800,50
1623557700,49
1623558600,40
1623559500,62
1623560400,192
1623561300,309
1623562200,201
1623563100,70
1623564000,59
1623564900,272
1623565800,155
1623566700,409
1623567600,345
1623568500,87
1623569400,73
1623570300,216
1623571200,91
1623572100,459
1623573000,261
1623573900,114
1623574800,173
1623575700,111
1623576600,103
1623577500,126
1623578400,137
1623579300,243
1623580200,119
1623581100,376
1623582000,361
1623582900,225
1623583800,153
1623584700,122
1623585600,127
1623586500,181
1623587400,194
1623588300,171
1623589200,156
1623590100,144
1623591000,136
1623591900,348
1623592800,518
1623593700,177
1623594600,165
1623595500,169
1623596400,153
1623597300,166
1623598200,168
1623599100,159
1623600000,143
1623600900,156
1623601800,143
1623602700,143
1623603600,145
1623604500,146
1623605400,136
1623606300,147
1623607200,590
1623608100,252
1623609000,523
1623609900,149
1623610800,300
1623611700,506
1623612600,135
1623613500,99
1623614400,119
1623615300,86
1623616200,79
1623617100,77
1623618000,66
1623618900,34
1623619800,43
1623620700,47
1623621600,47
1623622500,143
1623623400,104
1623624300,64
1623625200,62
1623626100,56
1623627000,69
1623627900,63
1623628800,66
1623629700,56
1623630600,75
1623631500,78
1623632400,75
1623633300,38
1623634200,52
1623635100,40
1623636000,43
1623636900,36
1623637800,52
1623638700,40
1623639600,44
1623640500,34
1623641400,53
1623642300,40
1623643200,43
1623644100,103
1623645000,110
1623645900,147
1623646800,61
1623647700,79
1623648600,127
1623649500,67
1623650400,69
1623651300,39
1623652200,61
1623653100,57
1623654000,51
1623654900,54
1623655800,58
1623656700,60
1623657600,47
1623658500,56
1623659400,540
1623660300,981
1623661200,776
1623662100,254
1623663000,357
1623663900,255
1623664800,129
1623665700,141
1623666600,512
1623667500,472
1623668400,410
1623669300,451
1623670200,122
1623671100,133
1623672000,140
1623672900,142
1623673800,169
1623674700,144
1623675600,131
1623676500,126
1623677400,120
1623678300,109
1623679200,126
1623680100,114
1623681000,117
1623681900,104
1623682800,120
1623683700,96
1623684600,108
1623685500,94
1623686400,125
1623687300,99
1623688200,121
1623689100,128
1623690000,145
1623690900,116
1623691800,165
1623692700,123
1623693600,118
1623694500,137
1623695400,154
1623696300,165
1623697200,162
1623698100,158
1623699000,143
1623699900,152
1623700800,127
1623701700,139
1623702600,112
1623703500,125
1623704400,116
1623705300,87
1623706200,69
1623707100,56
1623708000,133
1623708900,59
1623709800,66
1623710700,58
1623711600,73
1623712500,47
1623713400,46
1623714300,36
1623715200,59
1623716100,37
1623717000,44
1623717900,38
1623718800,76
1623719700,54
1623720600,54
1623721500,43
1623722400,52
1623723300,43
1623724200,53
1623725100,61
1623726000,65
1623726900,60
1623727800,51
1623728700,62
1623729600,65
1623730500,45
1623731400,36
1623732300,49
1623733200,68
1623734100,65
1623735000,213
1623735900,194
1623736800,210
1623737700,351
1623738600,422
1623739500,415
1623740400,140
1623741300,81
1623742200,85
1623743100,466
1623744000,629
1623744900,691
1623745800,651
1623746700,324
1623747600,1026
1623748500,186
1623749400,448
1623750300,67
1623751200,80
1623752100,126
1623753000,81
1623753900,181
1623754800,103
1623755700,105
1623756600,100
1623757500,111
1623758400,126
1623759300,114
1623760200,102
1623761100,130
1623762000,187
1623762900,137
1623763800,127
1623764700,703
1623765600,790
1623766500,736
1623767400,611
1623768300,167
1623769200,153
1623770100,125
1623771000,121
1623771900,115
1623772800,133
1623773700,165
1623774600,181
1623775500,188
1623776400,236
1623777300,229
1623778200,186
1623779100,185
1623780000,188
1623780900,186
1623781800,177
1623782700,179
1623783600,181
1623784500,175
1623785400,162
1623786300,202
1623787200,186
1623788100,167
1623789000,157
1623789900,102
1623790800,117
1623791700,86
1623792600,86
1623793500,67
1623794400,80
1623795300,55
1623796200,66
1623797100,54
1623798000,74
1623798900,70
1623799800,97
1623800700,88
1623801600,92
1623802500,48
1623803400,54
1623804300,58
1623805200,78
1623806100,69
1623807000,46
1623807900,44
1623808800,43
1623809700,42
1623810600,35
1623811500,46
1623812400,41
1623813300,41
1623814200,34
1623815100,48
1623816000,40
1623816900,46
1623817800,182
1623818700,147
1623819600,79
1623820500,92
1623821400,66
1623822300,151
1623823200,136
1623824100,133
1623825000,72
1623825900,82
1623826800,143
1623827700,99
1623828600,127
1623829500,141
1623830400,85
1623831300,208
1623832200,198
1623833100,753
1623834000,169
1623834900,67
1623835800,105
1623836700,1231
1623837600,398
1623838500,353
1623839400,69
1623840300,99
1623841200,86
1623842100,93
1623843000,106
1623843900,145
1623844800,125
1623845700,117
1623846600,84
1623847500,77
1623848400,72
1623849300,61
1623850200,70
1623851100,69
1623852000,62
1623852900,64
1623853800,70
1623854700,61
1623855600,67
1623856500,54
1623857400,86
1623858300,124
1623859200,114
1623860100,114
1623861000,92
1623861900,113
1623862800,126
1623863700,164
1623864600,130
1623865500,141
1623866400,124
1623867300,153
1623868200,150
1623869100,152
1623870000,142
1623870900,152
1623871800,156
1623872700,166
1623873600,161
1623874500,138
1623875400,143
1623876300,103
1623877200,159
1623878100,98
1623879000,100
1623879900,81
1623880800,88
1623881700,64
1623882600,62
1623883500,68
1623884400,64
1623885300,54
1623886200,74
1623887100,51
1623888000,55
1623888900,41
1623889800,46
1623890700,37
1623891600,39
1623892500,51
1623893400,51
1623894300,56
1623895200,56
1623896100,44
1623897000,34
1623897900,54
1623898800,63
1623899700,57
1623900600,45
1623901500,48
1623902400,42
1623903300,43
1623904200,34
1623905100,224
1623906000,74
1623906900,62
1623907800,247
1623908700,264
1623909600,186
1623910500,64
1623911400,301
1623912300,122
1623913200,243
1623914100,473
1623915000,589
1623915900,449
1623916800,616
1623917700,519
1623918600,506
1623919500,661
1623920400,533
1623921300,112
1623922200,115
1623923100,95
1623924000,308
1623924900,211
1623925800,128
1623926700,92
1623927600,110
1623928500,194
1623929400,150
1623930300,152
1623931200,152
1623932100,206
1623933000,1193
1623933900,370
1623934800,475
1623935700,119
1623936600,104
1623937500,102
1623938400,101
1623939300,148
1623940200,149
1623941100,199
1623942000,124
1623942900,153
1623943800,111
1623944700,145
1623945600,134
1623946500,152
1623947400,130
1623948300,183
1623949200,240
1623950100,188
1623951000,146
1623951900,165
1623952800,598
1623953700,992
1623954600,228
1623955500,160
1623956400,174
1623957300,160
1623958200,151
1623959100,157
1623960000,189
1623960900,140
1623961800,120
1623962700,107
1623963600,126
1623964500,105
1623965400,116
1623966300,126
1623967200,103
1623968100,74
1623969000,77
1623969900,76
1623970800,70
1623971700,57
1623972600,56
1623973500,59
1623974400,48
1623975300,46
1623976200,46
1623977100,65
1623978000,35
1623978900,51
1623979800,51
1623980700,72
1623981600,35
1623982500,43
1623983400,34
1623984300,56
1623985200,35
1623986100,45
1623987000,44
1623987900,54
1623988800,45
1623989700,205
1623990600,292
1623991500,111
1623992400,82
1623993300,247
1623994200,80
1623995100,86
1623996000,71
1623996900,83
1623997800,139
1623998700,131
1623999600,132
1624000500,137
1624001400,157
1624002300,123
1624003200,129
1624004100,121
1624005000,135
1624005900,178
1624006800,94
1624007700,80
1624008600,111
1624009500,96
1624010400,114
1624011300,215
1624012200,212
1624013100,214
1624014000,826
1624014900,252
1624015800,493
1624016700,142
1624017600,107
1624018500,102
1624019400,104
1624020300,102
1624021200,111
1624022100,162
1624023000,153
1624023900,149
1624024800,134
1624025700,149
1624026600,123
1624027500,133
1624028400,120
1624029300,139
1624030200,129
1624031100,121
1624032000,115
1624032900,129
1624033800,139
1624034700,139
1624035600,162
1624036500,269
1624037400,183
1624038300,132
1624039200,159
1624040100,154
1624041000,152
1624041900,132
1624042800,160
1624043700,134
1624044600,136
1624045500,119
1624046400,141
1624047300,87
1624048200,89
1624049100,83
1624050000,113
1624050900,104
1624051800,97
1624052700,76
1624053600,67
1624054500,62
1624055400,59
1624056300,71
1624057200,58
1624058100,62
1624059000,54
1624059900,75
1624060800,55
1624061700,65
1624062600,51
1624063500,77
1624064400,66
1624065300,76
1624066200,50
1624067100,57
1624068000,39
1624068900,48
1624069800,50
1624070700,53
1624071600,41
1624072500,63
1624073400,51
1624074300,46
1624075200,207
1624076100,51
1624077000,72
1624077900,58
1624078800,47
1624079700,38
1624080600,117
1624081500,116
1624082400,159
1624083300,89
1624084200,61
1624085100,213
1624086000,200
1624086900,91
1624087800,599
1624088700,545
1624089600,74
1624090500,142
1624091400,76
1624092300,194
1624093200,83
1624094100,96
1624095000,66
1624095900,153
1624096800,80
1624097700,94
1624098600,276
1624099500,139
1624100400,75
1624101300,146
1624102200,145
1624103100,251
1624104000,758
1624104900,949
1624105800,944
1624106700,383
1624107600,132
1624108500,117
1624109400,130
1624110300,111
1624111200,130
1624112100,110
1624113000,120
1624113900,122
1624114800,303
1624115700,116
1624116600,139
1624117500,152
1624118400,132
1624119300,122
1624120200,122
1624121100,145
1624122000,118
1624122900,128
1624123800,123
1624124700,121
1624125600,102
1624126500,101
1624127400,108
1624128300,146
1624129200,150
1624130100,189
1624131000,188
1624131900,204
1624132800,152
1624133700,129
1624134600,164
1624135500,131
1624136400,148
1624137300,133
1624138200,125
1624139100,131
1624140000,117
1624140900,84
1624141800,78
1624142700,76
1624143600,73
1624144500,87
1624145400,58
1624146300,53
1624147200,45
1624148100,69
1624149000,43
1624149900,54
1624150800,59
1624151700,82
1624152600,56
1624153500,49
1624154400,49
1624155300,53
1624156200,40
1624157100,49
1624158000,56
1624158900,62
1624159800,65
1624160700,53
1624161600,58
1624162500,45
1624163400,64
1624164300,65
1624165200,79
1624166100,141
1624167000,239
1624167900,197
1624168800,181
1624169700,164
1624170600,86
1624171500,99
1624172400,97
1624173300,179
1624174200,663
1624175100,181
1624176000,253
1624176900,48
1624177800,61
1624178700,56
1624179600,49
1624180500,53
1624181400,73
1624182300,72
1624183200,65
1624184100,71
1624185000,78
1624185900,85
1624186800,84
1624187700,148
1624188600,151
1624189500,165
1624190400,104
1624191300,121
1624192200,104
1624193100,118
1624194000,99
1624194900,114
1624195800,92
1624196700,136
1624197600,115
1624198500,112
1624199400,136
1624200300,135
1624201200,145
1624202100,130
1624203000,137
1624203900,134
1624204800,155
1624205700,143
1624206600,153
1624207500,154
1624208400,167
1624209300,151
1624210200,140
1624211100,139
1624212000,148
1624212900,154
1624213800,251
1624214700,167
1624215600,154
1624216500,121
1624217400,118
1624218300,189
1624219200,152
1624220100,151
1624221000,123
1624221900,120
1624222800,101
1624223700,115
1624224600,118
1624225500,121
1624226400,113
1624227300,70
1624228200,87
1624229100,83
1624230000,94
1624230900,88
1624231800,96
1624232700,73
1624233600,77
1624234500,64
1624235400,69
1624236300,48
1624237200,54
1624238100,48
1624239000,64
1624239900,50
1624240800,49
1624241700,49
1624242600,71
1624243500,70
1624244400,63
1624245300,51
1624246200,52
1624247100,49
1624248000,46
1624248900,50
1624249800,54
1624250700,49
1624251600,53
1624252500,65
1624253400,67
1624254300,79
1624255200,322
1624256100,455
1624257000,432
1624257900,793
1624258800,297
1624259700,438
1624260600,524
1624261500,362
1624262400,373
1624263300,571
1624264200,364
1624265100,569
1624266000,799
1624266900,214
1624267800,363
1624268700,157
1624269600,168
1624270500,177
1624271400,164
1624272300,145
1624273200,108
1624274100,110
1624275000,117
1624275900,107
1624276800,118
1624277700,133
1624278600,203
1624279500,193
1624280400,217
1624281300,197
1624282200,193
1624283100,148
1624284000,127
1624284900,107
1624285800,104
1624286700,125
1624287600,1502
1624288500,2097
1624289400,1562
1624290300,1029
1624291200,1146
1624292100,930
1624293000,1025
1624293900,1506
1624294800,2252
1624295700,1240
1624296600,1068
1624297500,1050
1624298400,1357
1624299300,320
1624300200,1322
1624301100,1046
1624302000,248
1624302900,264
1624303800,177
1624304700,150
1624305600,238
1624306500,141
1624307400,133
1624308300,127
1624309200,84
1624310100,102
1624311000,84
1624311900,94
1624312800,85
1624313700,106
1624314600,96
1624315500,95
1624316400,94
1624317300,77
1624318200,70
1624319100,74
1624320000,73
1624320900,54
1624321800,58
1624322700,65
1624323600,56
1624324500,47
1624325400,62
1624326300,49
1624327200,61
1624328100,62
1624329000,84
1624329900,66
1624330800,56
1624331700,49
1624332600,56
1624333500,46
1624334400,42
1624335300,58
1624336200,272
1624337100,275
1624338000,250
1624338900,391
1624339800,375
1624340700,450
1624341600,565
1624342500,118
1624343400,346
1624344300,441
1624345200,851
1624346100,929
1624347000,918
1624347900,530
1624348800,80
1624349700,432
1624350600,525
1624351500,518
1624352400,52
1624353300,60
1624354200,77
1624355100,75
1624356000,75
1624356900,81
1624357800,481
1624358700,653
1624359600,264
1624360500,483
1624361400,138
1624362300,113
1624363200,162
1624364100,233
1624365000,944
1624365900,769
1624366800,712
1624367700,628
1624368600,271
1624369500,108
1624370400,123
1624371300,95
1624372200,98
1624373100,123
1624374000,77
1624374900,80
1624375800,67
1624376700,99
1624377600,95
1624378500,319
1624379400,704
1624380300,331
1624381200,313
1624382100,192
1624383000,164
1624383900,148
1624384800,319
1624385700,194
1624386600,161
1624387500,351
1624388400,765
1624389300,537
1624390200,205
1624391100,181
1624392000,167
1624392900,178
1624393800,155
1624394700,164
1624395600,110
1624396500,90
1624397400,68
1624398300,107
1624399200,113
1624400100,129
1624401000,60
1624401900,59
1624402800,74
1624403700,72
1624404600,54
1624405500,50
1624406400,67
1624407300,43
1624408200,50
1624409100,43
1624410000,63
1624410900,42
1624411800,51
1624412700,49
1624413600,56
1624414500,48
1624415400,66
1624416300,74
1624417200,49
1624418100,48
1624419000,44
1624419900,76
1624420800,58
1624421700,61
1624422600,50
1624423500,62
1624424400,163
1624425300,237
1624426200,758
1624427100,887
1624428000,774
1624428900,493
1624429800,389
1624430700,290
1624431600,94
1624432500,105
1624433400,99
1624434300,189
1624435200,92
1624436100,94
1624437000,93
1624437900,86
1624438800,557
1624439700,380
1624440600,130
1624441500,230
1624442400,138
1624443300,118
1624444200,134
1624445100,139
1624446000,274
1624446900,389
1624447800,396
1624448700,158
1624449600,137
1624450500,128
1624451400,102
1624452300,94
1624453200,128
1624454100,126
1624455000,138
1624455900,141
1624456800,149
1624457700,132
1624458600,139
1624459500,146
1624460400,165
1624461300,144
1624462200,140
1624463100,130
1624464000,118
1624464900,114
1624465800,127
1624466700,126
1624467600,120
1624468500,121
1624469400,125
1624470300,130
1624471200,129
1624472100,172
1624473000,198
1624473900,195
1624474800,157
1624475700,151
1624476600,217
1624477500,140
1624478400,88
1624479300,99
1624480200,86
1624481100,71
1624482000,66
1624482900,69
1624483800,57
1624484700,47
1624485600,63
1624486500,67
1624487400,50
1624488300,39
1624489200,50
1624490100,46
1624491000,45
1624491900,38
1624492800,55
1624493700,41
1624494600,45
1624495500,42
1624496400,54
1624497300,45
1624498200,41
1624499100,63
1624500000,65
1624500900,52
1624501800,38
1624502700,53
1624503600,46
1624504500,47
1624505400,38
1624506300,58
1624507200,39
1624508100,195
1624509000,45
1624509900,67
1624510800,80
1624511700,81
1624512600,69
1624513500,73
1624514400,239
1624515300,68
1624516200,57
1624517100,57
1624518000,59
1624518900,81
1624519800,123
1624520700,107
1624521600,108
1624522500,79
1624523400,183
1624524300,576
1624525200,849
1624526100,257
1624527000,140
1624527900,145
1624528800,158
1624529700,223
1624530600,518
1624531500,187
1624532400,367
1624533300,122
1624534200,135
1624535100,156
1624536000,169
1624536900,210
1624537800,112
1624538700,112
1624539600,105
1624540500,109
1624541400,90
1624542300,98
1624543200,105
1624544100,132
1624545000,143
1624545900,145
1624546800,295
1624547700,144
1624548600,146
1624549500,124
1624550400,140
1624551300,151
1624552200,129
1624553100,132
1624554000,157
1624554900,142
1624555800,166
1624556700,171
1624557600,278
1624558500,153
1624559400,157
1624560300,167
1624561200,159
1624562100,187
1624563000,178
1624563900,227
1624564800,88
1624565700,91
1624566600,78
1624567500,86
1624568400,84
1624569300,91
1624570200,80
1624571100,73
1624572000,44
1624572900,49
1624573800,58
1624574700,55
1624575600,40
1624576500,46
1624577400,49
1624578300,40
1624579200,43
1624580100,50
1624581000,66
1624581900,51
1624582800,50
1624583700,48
1624584600,44
1624585500,37
1624586400,43
1624587300,49
1624588200,45
1624589100,36
1624590000,51
1624590900,44
1624591800,44
1624592700,38
1624593600,68
1624594500,259
1624595400,66
1624596300,44
1624597200,55
1624598100,48
1624599000,36
1624599900,45
1624600800,48
1624601700,46
1624602600,36
1624603500,51
1624604400,56
1624605300,71
1624606200,56
1624607100,94
1624608000,140
1624608900,130
1624609800,118
1624610700,117
1624611600,94
1624612500,98
1624613400,92
1624614300,76
1624615200,65
1624616100,71
1624617000,92
1624617900,76
1624618800,75
1624619700,66
1624620600,86
1624621500,67
1624622400,66
1624623300,54
1624624200,78
1624625100,55
1624626000,65
1624626900,72
1624627800,76
1624628700,58
1624629600,84
1624630500,102
1624631400,111
1624632300,102
1624633200,94
1624634100,119
1624635000,84
1624635900,89
1624636800,85
1624637700,99
1624638600,78
1624639500,147
1624640400,127
1624641300,132
1624642200,107
1624643100,128
1624644000,153
1624644900,162
1624645800,160
1624646700,163
1624647600,168
1624648500,159
1624649400,157
1624650300,162
1624651200,186
1624652100,143
1624653000,134
1624653900,112
1624654800,106
1624655700,98
1624656600,108
1624657500,112
1624658400,108
1624659300,103
1624660200,115
1624661100,102
1624662000,87
1624662900,37
1624663800,55
1624664700,61
1624665600,62
1624666500,44
1624667400,56
1624668300,41
1624669200,43
1624670100,42
1624671000,52
1624671900,44
1624672800,39
1624673700,47
1624674600,47
1624675500,46
1624676400,38
1624677300,62
1624678200,60
1624679100,262
1624680000,59
1624680900,74
1624681800,55
1624682700,127
1624683600,156
1624684500,204
1624685400,317
1624686300,642
1624687200,209
1624688100,292
1624689000,115
1624689900,170
1624690800,131
1624691700,153
1624692600,103
1624693500,132
1624694400,84
1624695300,124
1624696200,368
1624697100,434
1624698000,119
1624698900,101
1624699800,120
1624700700,130
1624701600,102
1624702500,182
1624703400,157
1624704300,440
1624705200,494
1624706100,97
1624707000,89
1624707900,112
1624708800,91
1624709700,127
1624710600,140
1624711500,147
1624712400,117
1624713300,117
1624714200,124
1624715100,114
1624716000,120
1624716900,113
1624717800,129
1624718700,149
1624719600,184
1624720500,146
1624721400,353
1624722300,442
1624723200,241
1624724100,124
1624725000,139
1624725900,351
1624726800,157
1624727700,178
1624728600,166
1624729500,149
1624730400,152
1624731300,152
1624732200,92
1624733100,276
1624734000,119
1624734900,172
1624735800,516
1624736700,618
1624737600,551
1624738500,124
1624739400,125
1624740300,126
1624741200,84
1624742100,70
1624743000,45
1624743900,52
1624744800,50
1624745700,56
1624746600,64
1624747500,55
1624748400,46
1624749300,38
1624750200,54
1624751100,43
1624752000,46
1624752900,38
1624753800,59
1624754700,41
1624755600,43
1624756500,49
1624757400,67
1624758300,62
1624759200,45
1624760100,56
1624761000,40
1624761900,47
1624762800,39
1624763700,59
1624764600,39
1624765500,47
1624766400,43
1624767300,52
1624768200,122
1624769100,91
1624770000,77
1624770900,86
1624771800,83
1624772700,77
1624773600,139
1624774500,78
1624775400,93
1624776300,117
1624777200,1234
1624778100,990
1624779000,961
1624779900,144
1624780800,106
1624781700,105
1624782600,64
1624783500,62
1624784400,51
1624785300,68
1624786200,81
1624787100,83
1624788000,81
1624788900,109
1624789800,142
1624790700,134
1624791600,113
1624792500,160
1624793400,112
1624794300,116
1624795200,111
1624796100,139
1624797000,87
1624797900,67
1624798800,75
1624799700,87
1624800600,92
1624801500,164
1624802400,157
1624803300,91
1624804200,82
1624805100,87
1624806000,166
1624806900,74
1624807800,52
1624808700,50
1624809600,57
1624810500,52
1624811400,58
1624812300,78
1624813200,65
1624814100,195
1624815000,86
1624815900,65
1624816800,45
1624817700,53
1624818600,53
1624819500,60
1624820400,51
1624821300,47
1624822200,63
1624823100,48
1624824000,70
1624824900,61
1624825800,64
1624826700,25
1624827600,35
1624828500,33
1624829400,40
1624830300,29
1624831200,34
1624832100,42
1624833000,60
1624833900,38
1624834800,29
1624835700,62
1624836600,44
1624837500,46
1624838400,33
1624839300,41
1624840200,27
1624841100,35
1624842000,100
1624842900,63
1624843800,54
1624844700,55
1624845600,63
1624846500,50
1624847400,63
1624848300,75
1624849200,74
1624850100,43
1624851000,49
1624851900,56
1624852800,53
1624853700,648
1624854600,2180
1624855500,2161
1624856400,1905
1624857300,887
1624858200,1066
1624859100,947
1624860000,976
1624860900,1059
1624861800,941
1624862700,896
1624863600,536
1624864500,125
1624865400,127
1624866300,126
1624867200,98
1624868100,138
1624869000,763
1624869900,732
1624870800,421
1624871700,154
1624872600,162
1624873500,157
1624874400,150
1624875300,149
1624876200,104
1624877100,102
1624878000,641
1624878900,866
1624879800,773
1624880700,675
1624881600,740
1624882500,902
1624883400,203
1624884300,96
1624885200,83
1624886100,74
1624887000,74
1624887900,79
1624888800,58
1624889700,81
1624890600,80
1624891500,82
1624892400,61
1624893300,62
1624894200,82
1624895100,67
1624896000,76
1624896900,72
1624897800,75
1624898700,62
1624899600,61
1624900500,77
1624901400,70
1624902300,83
1624903200,70
1624904100,77
1624905000,62
1624905900,61
1624906800,78
1624907700,82
1624908600,146
1624909500,153
1624910400,139
1624911300,188
1624912200,197
1624913100,108
1624914000,81
1624914900,192
1624915800,63
1624916700,65
1624917600,69
1624918500,61
1624919400,73
1624920300,59
1624921200,68
1624922100,83
1624923000,63
1624923900,44
1624924800,56
1624925700,42
1624926600,45
1624927500,54
1624928400,37
1624929300,51
1624930200,44
1624931100,46
1624932000,41
1624932900,61
1624933800,60
1624934700,57
1624935600,74
1624936500,41
1624937400,48
1624938300,51
1624939200,62
1624940100,43
1624941000,196
1624941900,70
1624942800,50
1624943700,192
1624944600,177
1624945500,72
1624946400,67
1624947300,825
1624948200,481
1624949100,387
1624950000,177
1624950900,96
1624951800,98
1624952700,365
1624953600,558
1624954500,141
1624955400,315
1624956300,549
1624957200,747
1624958100,349
1624959000,92
1624959900,168
1624960800,95
1624961700,152
1624962600,124
1624963500,138
1624964400,155
1624965300,154
1624966200,142
1624967100,103
1624968000,91
1624968900,64
1624969800,85
1624970700,69
1624971600,70
1624972500,70
1624973400,79
1624974300,73
1624975200,58
1624976100,78
1624977000,90
1624977900,90
1624978800,78
1624979700,84
1624980600,70
1624981500,100
1624982400,98
1624983300,83
1624984200,97
1624985100,164
1624986000,674
1624986900,350
1624987800,486
1624988700,159
1624989600,171
1624990500,162
1624991400,157
1624992300,182
1624993200,200
1624994100,223
1624995000,212
1624995900,137
1624996800,121
1624997700,132
1624998600,120
1624999500,100
1625000400,113
1625001300,83
1625002200,91
1625003100,77
1625004000,86
1625004900,88
1625005800,74
1625006700,90
1625007600,96
1625008500,98
1625009400,97
1625010300,83
1625011200,89
1625012100,78
1625013000,58
1625013900,80
1625014800,66
1625015700,67
1625016600,72
1625017500,64
1625018400,75
1625019300,70
1625020200,60
1625021100,80
1625022000,86
1625022900,77
1625023800,89
1625024700,66
1625025600,173
1625026500,92
1625027400,67
1625028300,69
1625029200,76
1625030100,44
1625031000,64
1625031900,82
1625032800,56
1625033700,41
1625034600,72
1625035500,61
1625036400,49
1625037300,71
1625038200,59
1625039100,54
1625040000,404
1625040900,450
1625041800,319
1625042700,87
1625043600,242
1625044500,313
1625045400,167
1625046300,145
1625047200,474
1625048100,226
1625049000,159
1625049900,229
1625050800,780
1625051700,239
1625052600,532
1625053500,139
1625054400,128
1625055300,142
1625056200,129
1625057100,129
1625058000,138
1625058900,137
1625059800,124
1625060700,105
1625061600,476
1625062500,380
1625063400,421
1625064300,166
1625065200,158
1625066100,138
1625067000,133
1625067900,170
1625068800,161
1625069700,141
1625070600,157
1625071500,149
1625072400,152
1625073300,168
1625074200,180
1625075100,159
1625076000,168
1625076900,179
1625077800,207
1625078700,263
1625079600,412
1625080500,503
1625081400,298
1625082300,209
1625083200,150
1625084100,136
1625085000,108
1625085900,93
1625086800,109
1625087700,111
1625088600,92
1625089500,102
1625090400,135
1625091300,97
1625092200,104
1625093100,102
1625094000,109
1625094900,109
1625095800,117
1625096700,110
1625097600,120
1625098500,85
1625099400,76
1625100300,95
1625101200,92
1625102100,77
1625103000,87
1625103900,94
1625104800,87
1625105700,84
1625106600,74
1625107500,97
1625108400,88
1625109300,92
1625110200,100
1625111100,106
1625112000,76
1625112900,84
1625113800,212
1625114700,219
1625115600,108
1625116500,76
1625117400,89
1625118300,85
1625119200,87
1625120100,99
1625121000,162
1625121900,103
1625122800,101
1625123700,80
1625124600,112
1625125500,134
1625126400,539
1625127300,751
1625128200,800
1625129100,262
1625130000,98
1625130900,82
1625131800,115
1625132700,102
1625133600,121
1625134500,118
1625135400,265
1625136300,141
1625137200,104
1625138100,108
1625139000,94
1625139900,75
1625140800,88
1625141700,84
1625142600,73
1625143500,74
1625144400,63
1625145300,83
1625146200,72
1625147100,59
1625148000,63
1625148900,66
1625149800,64
1625150700,58
1625151600,59
1625152500,81
1625153400,69
1625154300,77
1625155200,66
1625156100,87
1625157000,78
1625157900,113
1625158800,125
1625159700,225
1625160600,136
1625161500,276
1625162400,128
1625163300,134
1625164200,117
1625165100,110
1625166000,108
1625166900,138
1625167800,161
1625168700,87
1625169600,67
1625170500,50
1625171400,46
1625172300,40
1625173200,37
1625174100,35
1625175000,68
1625175900,47
1625176800,101
1625177700,76
1625178600,64
1625179500,66
1625180400,62
1625181300,85
1625182200,60
1625183100,65
1625184000,71
1625184900,61
1625185800,66
1625186700,56
1625187600,90
1625188500,68
1625189400,71
1625190300,65
1625191200,62
1625192100,59
1625193000,52
1625193900,76
1625194800,52
1625195700,60
1625196600,58
1625197500,67
1625198400,51
1625199300,288
1625200200,92
1625201100,73
1625202000,78
1625202900,54
1625203800,58
1625204700,33
1625205600,41
1625206500,38
1625207400,50
1625208300,38
1625209200,38
1625210100,52
1625211000,36
1625211900,40
1625212800,39
1625213700,67
1625214600,51
1625215500,82
1625216400,166
1625217300,116
1625218200,116
1625219100,115
1625220000,131
1625220900,201
1625221800,145
1625222700,140
1625223600,170
1625224500,161
1625225400,150
1625226300,119
1625227200,119
1625228100,110
1625229000,89
1625229900,106
1625230800,107
1625231700,133
1625232600,145
1625233500,704
1625234400,704
1625235300,609
1625236200,177
1625237100,158
1625238000,153
1625238900,85
1625239800,113
1625240700,93
1625241600,101
1625242500,106
1625243400,100
1625244300,102
1625245200,118
1625246100,159
1625247000,106
1625247900,105
1625248800,124
1625249700,255
1625250600,772
1625251500,235
1625252400,415
1625253300,89
1625254200,101
1625255100,78
1625256000,53
1625256900,44
1625257800,48
1625258700,42
1625259600,30
1625260500,30
1625261400,53
1625262300,100
1625263200,58
1625264100,70
1625265000,67
1625265900,49
1625266800,40
1625267700,60
1625268600,54
1625269500,42
1625270400,46
1625271300,53
1625272200,45
1625273100,37
1625274000,44
1625274900,49
1625275800,51
1625276700,57
1625277600,60
1625278500,51
1625279400,33
1625280300,43
1625281200,47
1625282100,43
1625283000,32
1625283900,42
1625284800,163
1625285700,112
1625286600,53
1625287500,66
1625288400,65
1625289300,123
1625290200,155
1625291100,78
1625292000,90
1625292900,43
1625293800,59
1625294700,66
1625295600,58
1625296500,53
1625297400,52
1625298300,68
1625299200,46
1625300100,106
1625301000,158
1625301900,81
1625302800,201
1625303700,111
1625304600,131
1625305500,255
1625306400,157
1625307300,68
1625308200,93
1625309100,66
1625310000,72
1625310900,74
1625311800,79
1625312700,65
1625313600,74
1625314500,80
1625315400,171
1625316300,646
1625317200,954
1625318100,656
1625319000,650
1625319900,302
1625320800,104
1625321700,101
1625322600,94
1625323500,102
1625324400,150
1625325300,170
1625326200,184
1625327100,155
1625328000,198
1625328900,176
1625329800,310
1625330700,221
1625331600,137
1625332500,161
1625333400,595
1625334300,405
1625335200,433
1625336100,173
1625337000,180
1625337900,213
1625338800,238
1625339700,216
1625340600,249
1625341500,203
1625342400,245
1625343300,197
1625344200,188
1625345100,215
1625346000,165
1625346900,159
1625347800,168
1625348700,163
1625349600,155
1625350500,156
1625351400,139
1625352300,139
1625353200,133
1625354100,166
1625355000,440
1625355900,572
1625356800,345
1625357700,277
1625358600,151
1625359500,113
1625360400,132
1625361300,127
1625362200,121
1625363100,134
1625364000,137
1625364900,133
1625365800,124
1625366700,126
1625367600,85
1625368500,51
1625369400,49
1625370300,66
1625371200,59
1625372100,54
1625373000,73
1625373900,93
1625374800,77
1625375700,65
1625376600,72
1625377500,54
1625378400,195
1625379300,87
1625380200,124
1625381100,95
1625382000,90
1625382900,117
1625383800,83
1625384700,70
1625385600,63
1625386500,81
1625387400,109
1625388300,84
1625389200,69
1625390100,335
1625391000,821
1625391900,240
1625392800,485
1625393700,109
1625394600,92
1625395500,78
1625396400,86
1625397300,86
1625398200,200
1625399100,173
1625400000,231
1625400900,105
1625401800,159
1625402700,205
1625403600,141
1625404500,201
1625405400,214
1625406300,423
1625407200,248
1625408100,245
1625409000,190
1625409900,157
1625410800,189
1625411700,328
1625412600,141
1625413500,127
1625414400,121
1625415300,136
1625416200,141
1625417100,165
1625418000,787
1625418900,251
1625419800,489
1625420700,264
1625421600,705
1625422500,580
1625423400,184
1625424300,222
1625425200,202
1625426100,159
1625427000,139
1625427900,150
1625428800,462
1625429700,855
1625430600,833
1625431500,682
1625432400,612
1625433300,100
1625434200,56
1625435100,55
1625436000,71
1625436900,63
1625437800,49
1625438700,49
1625439600,70
1625440500,53
1625441400,117
1625442300,106
1625443200,127
1625444100,91
1625445000,89
1625445900,106
1625446800,110
1625447700,77
1625448600,80
1625449500,85
1625450400,64
1625451300,67
1625452200,69
1625453100,79
1625454000,66
1625454900,70
1625455800,67
1625456700,79
1625457600,69
1625458500,65
1625459400,69
1625460300,80
1625461200,67
1625462100,64
1625463000,92
1625463900,88
1625464800,292
1625465700,99
1625466600,170
1625467500,107
1625468400,94
1625469300,89
1625470200,105
1625471100,87
1625472000,77
1625472900,73
1625473800,97
1625474700,82
1625475600,97
1625476500,131
1625477400,278
1625478300,158
1625479200,163
1625480100,155
1625481000,172
1625481900,116
1625482800,115
1625483700,239
1625484600,125
1625485500,118
1625486400,104
1625487300,98
1625488200,106
1625489100,96
1625490000,103
1625490900,427
1625491800,619
1625492700,259
1625493600,343
1625494500,99
1625495400,112
1625496300,102
1625497200,95
1625498100,183
1625499000,140
1625499900,146
1625500800,150
1625501700,144
1625502600,120
1625503500,115
1625504400,121
1625505300,122
1625506200,155
1625507100,190
1625508000,228
1625508900,114
1625509800,127
1625510700,641
1625511600,650
1625512500,136
1625513400,121
1625514300,123
1625515200,120
1625516100,138
1625517000,184
1625517900,112
1625518800,119
1625519700,128
1625520600,134
1625521500,142
1625522400,124
1625523300,142
1625524200,135
1625525100,125
1625526000,125
1625526900,99
1625527800,70
1625528700,55
1625529600,49
1625530500,66
1625531400,50
1625532300,53
1625533200,46
1625534100,65
1625535000,57
1625535900,45
1625536800,54
1625537700,58
1625538600,54
1625539500,48
1625540400,49
1625541300,72
1625542200,67
1625543100,70
1625544000,60
1625544900,85
1625545800,60
1625546700,218
1625547600,528
1625548500,696
1625549400,613
1625550300,588
1625551200,1009
1625552100,817
1625553000,350
1625553900,508
1625554800,412
1625555700,484
1625556600,372
1625557500,307
1625558400,710
1625559300,948
1625560200,617
1625561100,606
1625562000,264
1625562900,711
1625563800,237
1625564700,769
1625565600,166
1625566500,511
1625567400,93
1625568300,85
1625569200,102
1625570100,136
1625571000,120
1625571900,269
1625572800,102
1625573700,108
1625574600,96
1625575500,113
1625576400,122
1625577300,131
1625578200,110
1625579100,133
1625580000,103
1625580900,104
1625581800,128
1625582700,122
1625583600,135
1625584500,172
1625585400,115
1625586300,107
1625587200,130
1625588100,97
1625589000,129
1625589900,67
1625590800,64
1625591700,117
1625592600,112
1625593500,79
1625594400,85
1625595300,103
1625596200,109
1625597100,122
1625598000,130
1625598900,157
1625599800,135
1625600700,131
1625601600,133
1625602500,131
1625603400,127
1625604300,117
1625605200,83
1625606100,74
1625607000,58
1625607900,74
1625608800,59
1625609700,53
1625610600,69
1625611500,63
1625612400,60
1625613300,61
1625614200,87
1625615100,49
1625616000,52
1625616900,39
1625617800,51
1625618700,32
1625619600,40
1625620500,48
1625621400,41
1625622300,35
1625623200,47
1625624100,83
1625625000,43
1625625900,44
1625626800,65
1625627700,61
1625628600,64
1625629500,68
1625630400,66
1625631300,59
1625632200,136
1625633100,52
1625634000,50
1625634900,145
1625635800,58
1625636700,61
1625637600,41
1625638500,44
1625639400,39
1625640300,59
1625641200,68
1625642100,66
1625643000,70
1625643900,64
1625644800,54
1625645700,45
1625646600,59
1625647500,56
1625648400,295
1625649300,124
1625650200,135
1625651100,105
1625652000,110
1625652900,132
1625653800,207
1625654700,623
1625655600,213
1625656500,314
1625657400,173
1625658300,162
1625659200,161
1625660100,173
1625661000,536
1625661900,151
1625662800,485
1625663700,397
1625664600,218
1625665500,246
1625666400,150
1625667300,167
1625668200,131
1625669100,141
1625670000,150
1625670900,157
1625671800,140
1625672700,137
1625673600,144
1625674500,131
1625675400,130
1625676300,141
1625677200,164
1625678100,159
1625679000,149
1625679900,148
1625680800,162
1625681700,136
1625682600,143
1625683500,138
1625684400,182
1625685300,221
1625686200,177
1625687100,117
1625688000,106
1625688900,88
1625689800,86
1625690700,78
1625691600,96
1625692500,92
1625693400,85
1625694300,88
1625695200,78
1625696100,71
1625697000,58
1625697900,76
1625698800,63
1625699700,68
1625700600,56
1625701500,77
1625702400,51
1625703300,60
1625704200,52
1625705100,86
1625706000,61
1625706900,62
1625707800,47
1625708700,67
1625709600,50
1625710500,49
1625711400,54
1625712300,59
1625713200,53
1625714100,46
1625715000,61
1625715900,55
1625716800,54
1625717700,61
1625718600,186
1625719500,106
1625720400,68
1625721300,51
1625722200,59
1625723100,42
1625724000,44
1625724900,35
1625725800,59
1625726700,140
1625727600,619
1625728500,373
1625729400,371
1625730300,352
1625731200,348
1625732100,624
1625733000,1031
1625733900,427
1625734800,276
1625735700,78
1625736600,202
1625737500,107
1625738400,108
1625739300,122
1625740200,138
1625741100,138
1625742000,164
1625742900,152
1625743800,164
1625744700,167
1625745600,144
1625746500,161
1625747400,149
1625748300,163
1625749200,157
1625750100,177
1625751000,163
1625751900,166
1625752800,162
1625753700,182
1625754600,162
1625755500,163
1625756400,155
1625757300,157
1625758200,157
1625759100,150
1625760000,178
1625760900,163
1625761800,166
1625762700,148
1625763600,191
1625764500,321
1625765400,155
1625766300,133
1625767200,145
1625768100,124
1625769000,142
1625769900,171
1625770800,216
1625771700,172
1625772600,159
1625773500,124
1625774400,77
1625775300,58
1625776200,47
1625777100,44
1625778000,53
1625778900,44
1625779800,38
1625780700,49
1625781600,111
1625782500,68
1625783400,50
1625784300,62
1625785200,69
1625786100,71
1625787000,60
1625787900,68
1625788800,51
1625789700,47
1625790600,37
1625791500,57
1625792400,40
1625793300,46
1625794200,37
1625795100,59
1625796000,38
1625796900,44
1625797800,37
1625798700,77
1625799600,53
1625800500,59
1625801400,40
1625802300,57
1625803200,40
1625804100,216
1625805000,56
1625805900,55
1625806800,93
1625807700,586
1625808600,196
1625809500,282
1625810400,48
1625811300,37
1625812200,56
1625813100,41
1625814000,47
1625814900,36
1625815800,60
1625816700,50
1625817600,56
1625818500,49
1625819400,72
1625820300,49
1625821200,88
1625822100,96
1625823000,142
1625823900,172
1625824800,127
1625825700,203
1625826600,206
1625827500,181
1625828400,161
1625829300,154
1625830200,150
1625831100,149
1625832000,118
1625832900,122
1625833800,119
1625834700,69
1625835600,72
1625836500,85
1625837400,67
1625838300,74
1625839200,60
1625840100,79
1625841000,54
1625841900,64
1625842800,59
1625843700,95
1625844600,71
1625845500,73
1625846400,57
1625847300,77
1625848200,54
1625849100,65
1625850000,76
1625850900,230
1625851800,100
1625852700,323
1625853600,131
1625854500,103
1625855400,105
1625856300,122
1625857200,140
1625858100,134
1625859000,200
1625859900,124
1625860800,139
1625861700,116
1625862600,119
1625863500,86
1625864400,126
1625865300,112
1625866200,113
1625867100,106
1625868000,125
1625868900,109
1625869800,126
1625870700,87
1625871600,75
1625872500,45
1625873400,56
1625874300,56
1625875200,58
1625876100,43
1625877000,49
1625877900,58
1625878800,50
1625879700,47
1625880600,45
1625881500,63
1625882400,45
1625883300,53
1625884200,60
1625885100,82
1625886000,51
1625886900,51
1625887800,48
1625888700,67
1625889600,227
1625890500,146
1625891400,102
1625892300,204
1625893200,450
1625894100,125
1625895000,245
1625895900,131
1625896800,106
1625897700,107
1625898600,216
1625899500,234
1625900400,89
1625901300,113
1625902200,152
1625903100,108
1625904000,73
1625904900,86
1625905800,129
1625906700,257
1625907600,265
1625908500,106
1625909400,119
1625910300,169
1625911200,315
1625912100,159
1625913000,537
1625913900,634
1625914800,438
1625915700,449
1625916600,137
1625917500,124
1625918400,133
1625919300,135
1625920200,128
1625921100,110
1625922000,265
1625922900,254
1625923800,117
1625924700,441
1625925600,270
1625926500,163
1625927400,151
1625928300,135
1625929200,132
1625930100,186
1625931000,277
1625931900,125
1625932800,138
1625933700,155
1625934600,136
1625935500,144
1625936400,147
1625937300,166
1625938200,136
1625939100,151
1625940000,167
1625940900,162
1625941800,182
1625942700,159
1625943600,144
1625944500,146
1625945400,163
1625946300,147
1625947200,145
1625948100,131
1625949000,76
1625949900,81
1625950800,79
1625951700,74
1625952600,66
1625953500,78
1625954400,74
1625955300,194
1625956200,96
1625957100,108
1625958000,92
1625958900,87
1625959800,80
1625960700,87
1625961600,76
1625962500,56
1625963400,56
1625964300,66
1625965200,62
1625966100,53
1625967000,56
1625967900,66
1625968800,60
1625969700,50
1625970600,59
1625971500,95
1625972400,80
1625973300,82
1625974200,76
1625975100,81
1625976000,76
1625976900,66
1625977800,185
1625978700,67
1625979600,59
1625980500,71
1625981400,1403
1625982300,2153
1625983200,2152
1625984100,1315
1625985000,1223
1625985900,948
1625986800,964
1625987700,948
1625988600,1075
1625989500,846
1625990400,917
1625991300,77
1625992200,75
1625993100,202
1625994000,260
1625994900,187
1625995800,250
1625996700,140
1625997600,151
1625998500,170
1625999400,289
1626000300,96
1626001200,89
1626002100,137
1626003000,139
1626003900,301
1626004800,151
1626005700,167
1626006600,636
1626007500,549
1626008400,110
1626009300,132
1626010200,168
1626011100,261
1626012000,145
1626012900,355
1626013800,1393
1626014700,1345
1626015600,1213
1626016500,1122
1626017400,466
1626018300,178
1626019200,144
1626020100,128
1626021000,114
1626021900,105
1626022800,118
1626023700,107
1626024600,105
1626025500,122
1626026400,112
1626027300,124
1626028200,127
1626029100,143
1626030000,629
1626030900,808
1626031800,781
1626032700,703
1626033600,305
1626034500,111
1626035400,103
1626036300,95
1626037200,81
1626038100,84
1626039000,96
1626039900,50
1626040800,47
1626041700,38
1626042600,61
1626043500,46
1626044400,61
1626045300,69
1626046200,55
1626047100,47
1626048000,40
1626048900,189
1626049800,101
1626050700,195
1626051600,249
1626052500,79
1626053400,106
1626054300,75
1626055200,88
1626056100,91
1626057000,82
1626057900,80
1626058800,53
1626059700,74
1626060600,53
1626061500,60
1626062400,53
1626063300,74
1626064200,58
1626065100,55
1626066000,60
1626066900,69
1626067800,77
1626068700,67
1626069600,67
1626070500,67
1626071400,60
1626072300,53
1626073200,64
1626074100,105
1626075000,95
1626075900,102
1626076800,91
1626077700,94
1626078600,69
1626079500,77
1626080400,69
1626081300,102
1626082200,92
1626083100,100
1626084000,81
1626084900,106
1626085800,81
1626086700,88
1626087600,84
1626088500,102
1626089400,85
1626090300,101
1626091200,177
1626092100,161
1626093000,139
1626093900,122
1626094800,120
1626095700,124
1626096600,117
1626097500,91
1626098400,105
1626099300,132
1626100200,118
1626101100,129
1626102000,133
1626102900,137
1626103800,146
1626104700,135
1626105600,148
1626106500,136
1626107400,124
1626108300,126
1626109200,124
1626110100,128
1626111000,104
1626111900,109
1626112800,97
1626113700,122
1626114600,114
1626115500,147
1626116400,150
1626117300,229
1626118200,164
1626119100,189
1626120000,131
1626120900,147
1626121800,162
1626122700,77
1626123600,70
1626124500,94
1626125400,61
1626126300,68
1626127200,60
1626128100,80
1626129000,55
1626129900,56
1626130800,58
1626131700,85
1626132600,73
1626133500,51
1626134400,47
1626135300,61
1626136200,115
1626137100,94
1626138000,91
1626138900,70
1626139800,48
1626140700,40
1626141600,47
1626142500,50
1626143400,49
1626144300,39
1626145200,49
1626146100,66
1626147000,68
1626147900,58
1626148800,53
1626149700,52
1626150600,71
1626151500,180
1626152400,127
1626153300,57
1626154200,227
1626155100,303
1626156000,534
1626156900,184
1626157800,393
1626158700,66
1626159600,51
1626160500,65
1626161400,58
1626162300,59
1626163200,49
1626164100,62
1626165000,59
1626165900,77
1626166800,185
1626167700,110
1626168600,131
1626169500,154
1626170400,201
1626171300,141
1626172200,143
1626173100,128
1626174000,134
1626174900,126
1626175800,150
1626176700,605
1626177600,559
1626178500,400
1626179400,545
1626180300,1048
1626181200,481
1626182100,142
1626183000,156
1626183900,132
1626184800,131
1626185700,108
1626186600,117
1626187500,753
1626188400,823
1626189300,674
1626190200,514
1626191100,109
1626192000,73
1626192900,125
1626193800,104
1626194700,136
1626195600,89
1626196500,94
1626197400,91
1626198300,79
1626199200,87
1626200100,95
1626201000,91
1626201900,95
1626202800,107
1626203700,110
1626204600,98
1626205500,145
1626206400,188
1626207300,165
1626208200,89
1626209100,75
1626210000,59
1626210900,81
1626211800,60
1626212700,66
1626213600,61
1626214500,78
1626215400,69
1626216300,62
1626217200,52
1626218100,57
1626219000,43
1626219900,39
1626220800,46
1626221700,51
1626222600,46
1626223500,32
1626224400,54
1626225300,41
1626226200,33
1626227100,24
1626228000,40
1626228900,51
1626229800,62
1626230700,59
1626231600,54
1626232500,57
1626233400,26
1626234300,33
1626235200,28
1626236100,45
1626237000,25
1626237900,33
1626238800,186
1626239700,73
1626240600,110
1626241500,87
1626242400,69
1626243300,96
1626244200,86
1626245100,89
1626246000,94
1626246900,103
1626247800,122
1626248700,639
1626249600,579
1626250500,899
1626251400,250
1626252300,362
1626253200,216
1626254100,107
1626255000,128
1626255900,150
1626256800,155
1626257700,220
1626258600,144
1626259500,138
1626260400,134
1626261300,151
1626262200,128
1626263100,141
1626264000,133
1626264900,298
1626265800,176
1626266700,138
1626267600,123
1626268500,109
1626269400,269
1626270300,69
1626271200,80
1626272100,87
1626273000,68
1626273900,132
1626274800,488
1626275700,280
1626276600,120
1626277500,145
1626278400,184
1626279300,245
1626280200,119
1626281100,127
1626282000,122
1626282900,159
1626283800,127
1626284700,129
1626285600,145
1626286500,153
1626287400,152
1626288300,141
1626289200,177
1626290100,683
1626291000,236
1626291900,584
1626292800,86
1626293700,107
1626294600,104
1626295500,102
1626296400,68
1626297300,75
1626298200,68
1626299100,257
1626300000,140
1626300900,95
1626301800,68
1626302700,64
1626303600,50
1626304500,69
1626305400,45
1626306300,50
1626307200,47
1626308100,52
1626309000,48
1626309900,37
1626310800,49
1626311700,52
1626312600,46
1626313500,55
1626314400,60
1626315300,77
1626316200,42
1626317100,54
1626318000,59
1626318900,78
1626319800,80
1626320700,1325
1626321600,2103
1626322500,2165
1626323400,1506
1626324300,1163
1626325200,1114
1626326100,1254
1626327000,1173
1626327900,1205
1626328800,401
1626329700,450
1626330600,82
1626331500,124
1626332400,103
1626333300,49
1626334200,63
1626335100,68
1626336000,260
1626336900,929
1626337800,1363
1626338700,1124
1626339600,498
1626340500,174
1626341400,82
1626342300,82
1626343200,174
1626344100,721
1626345000,762
1626345900,643
1626346800,617
1626347700,273
1626348600,89
1626349500,103
1626350400,127
1626351300,163
1626352200,120
1626353100,244
1626354000,435
1626354900,310
1626355800,313
1626356700,162
1626357600,165
1626358500,114
1626359400,110
1626360300,113
1626361200,180
1626362100,161
1626363000,170
1626363900,175
1626364800,184
1626365700,188
1626366600,147
1626367500,168
1626368400,138
1626369300,134
1626370200,125
1626371100,130
1626372000,121
1626372900,113
1626373800,119
1626374700,165
1626375600,187
1626376500,171
1626377400,167
1626378300,153
1626379200,140
1626380100,197
1626381000,101
1626381900,90
1626382800,75
1626383700,94
1626384600,77
1626385500,83
1626386400,61
1626387300,66
1626388200,58
1626389100,77
1626390000,53
1626390900,59
1626391800,73
1626392700,84
1626393600,75
1626394500,70
1626395400,86
1626396300,81
1626397200,76
1626398100,66
1626399000,83
1626399900,52
1626400800,43
1626401700,52
1626402600,58
1626403500,72
1626404400,51
1626405300,71
1626406200,68
1626407100,70
1626408000,56
1626408900,260
1626409800,123
1626410700,209
1626411600,53
1626412500,53
1626413400,82
1626414300,87
1626415200,96
1626416100,74
1626417000,95
1626417900,47
1626418800,55
1626419700,49
1626420600,116
1626421500,101
1626422400,162
1626423300,83
1626424200,68
1626425100,59
1626426000,129
1626426900,120
1626427800,147
1626428700,132
1626429600,107
1626430500,171
1626431400,140
1626432300,146
1626433200,162
1626434100,155
1626435000,177
1626435900,186
1626436800,246
1626437700,120
1626438600,164
1626439500,107
1626440400,112
1626441300,110
1626442200,98
1626443100,90
1626444000,98
1626444900,118
1626445800,134
1626446700,138
1626447600,85
1626448500,87
1626449400,65
1626450300,64
1626451200,55
1626452100,78
1626453000,75
1626453900,154
1626454800,89
1626455700,75
1626456600,64
1626457500,55
1626458400,66
1626459300,86
1626460200,135
1626461100,79
1626462000,99
1626462900,112
1626463800,145
1626464700,172
1626465600,209
1626466500,225
1626467400,152
1626468300,147
1626469200,140
1626470100,145
1626471000,66
1626471900,66
1626472800,72
1626473700,82
1626474600,68
1626475500,63
1626476400,65
1626477300,41
1626478200,44
1626479100,43
1626480000,76
1626480900,52
1626481800,52
1626482700,35
1626483600,60
1626484500,34
1626485400,43
1626486300,39
1626487200,55
1626488100,39
1626489000,46
1626489900,52
1626490800,48
1626491700,45
1626492600,67
1626493500,230
1626494400,124
1626495300,490
1626496200,431
1626497100,440
1626498000,150
1626498900,230
1626499800,138
1626500700,135
1626501600,172
1626502500,103
1626503400,128
1626504300,219
1626505200,87
1626506100,60
1626507000,175
1626507900,78
1626508800,98
1626509700,61
1626510600,400
1626511500,44
1626512400,41
1626513300,34
1626514200,61
1626515100,59
1626516000,53
1626516900,60
1626517800,64
1626518700,67
1626519600,80
1626520500,87
1626521400,91
1626522300,72
1626523200,65
1626524100,481
1626525000,634
1626525900,377
1626526800,105
1626527700,93
1626528600,140
1626529500,150
1626530400,157
1626531300,215
1626532200,218
1626533100,148
1626534000,158
1626534900,157
1626535800,121
1626536700,111
1626537600,107
1626538500,176
1626539400,205
1626540300,136
1626541200,352
1626542100,129
1626543000,107
1626543900,132
1626544800,122
1626545700,140
1626546600,112
1626547500,124
1626548400,115
1626549300,83
1626550200,70
1626551100,58
1626552000,72
1626552900,55
1626553800,50
1626554700,33
1626555600,58
1626556500,90
1626557400,66
1626558300,66
1626559200,113
1626560100,71
1626561000,53
1626561900,40
1626562800,50
1626563700,38
1626564600,36
1626565500,51
1626566400,41
1626567300,41
1626568200,33
1626569100,55
1626570000,36
1626570900,42
1626571800,52
1626572700,73
1626573600,44
1626574500,42
1626575400,36
1626576300,56
1626577200,38
1626578100,46
1626579000,43
1626579900,48
1626580800,39
1626581700,37
1626582600,170
1626583500,57
1626584400,71
1626585300,84
1626586200,90
1626587100,72
1626588000,75
1626588900,64
1626589800,104
1626590700,79
1626591600,147
1626592500,67
1626593400,80
1626594300,59
1626595200,48
1626596100,58
1626597000,78
1626597900,78
1626598800,54
1626599700,74
1626600600,90
1626601500,74
1626602400,61
1626603300,144
1626604200,123
1626605100,66
1626606000,53
1626606900,82
1626607800,61
1626608700,61
1626609600,61
1626610500,110
1626611400,144
1626612300,165
1626613200,154
1626614100,137
1626615000,127
1626615900,160
1626616800,152
1626617700,125
1626618600,133
1626619500,116
1626620400,103
1626621300,92
1626622200,140
1626623100,71
1626624000,90
1626624900,61
1626625800,56
1626626700,62
1626627600,66
1626628500,61
1626629400,53
1626630300,69
1626631200,61
1626632100,62
1626633000,53
1626633900,73
1626634800,67
1626635700,79
1626636600,71
1626637500,75
1626638400,57
1626639300,57
1626640200,49
1626641100,53
1626642000,44
1626642900,35
1626643800,48
1626644700,72
1626645600,65
1626646500,53
1626647400,68
1626648300,163
1626649200,47
1626650100,36
1626651000,54
1626651900,42
1626652800,44
1626653700,39
1626654600,56
1626655500,41
1626656400,40
1626657300,45
1626658200,51
1626659100,45
1626660000,51
1626660900,62
1626661800,63
1626662700,46
1626663600,35
1626664500,49
1626665400,47
1626666300,45
1626667200,35
1626668100,52
1626669000,44
1626669900,43
1626670800,38
1626671700,53
1626672600,1576
1626673500,2119
1626674400,2178
1626675300,1139
1626676200,1127
1626677100,1114
1626678000,969
1626678900,1103
1626679800,179
1626680700,155
1626681600,127
1626682500,420
1626683400,554
1626684300,140
1626685200,140
1626686100,353
1626687000,394
1626687900,411
1626688800,218
1626689700,134
1626690600,115
1626691500,119
1626692400,91
1626693300,99
1626694200,78
1626695100,73
1626696000,81
1626696900,139
1626697800,153
1626698700,268
1626699600,135
1626700500,146
1626701400,172
1626702300,182
1626703200,193
1626704100,182
1626705000,183
1626705900,186
1626706800,207
1626707700,181
1626708600,208
1626709500,224
1626710400,198
1626711300,168
1626712200,200
1626713100,105
1626714000,114
1626714900,119
1626715800,143
1626716700,147
1626717600,155
1626718500,261
1626719400,192
1626720300,173
1626721200,148
1626722100,155
1626723000,138
1626723900,148
1626724800,115
1626725700,114
1626726600,95
1626727500,100
1626728400,71
1626729300,83
1626730200,72
1626731100,98
1626732000,71
1626732900,81
1626733800,69
1626734700,73
1626735600,45
1626736500,46
1626737400,54
1626738300,52
1626739200,49
1626740100,40
1626741000,74
1626741900,63
1626742800,63
1626743700,42
1626744600,61
1626745500,42
1626746400,49
1626747300,40
1626748200,69
1626749100,48
1626750000,56
1626750900,59
1626751800,61
1626752700,45
1626753600,43
1626754500,249
1626755400,145
1626756300,106
1626757200,59
1626758100,133
1626759000,87
1626759900,127
1626760800,233
1626761700,977
1626762600,1033
1626763500,559
1626764400,121
1626765300,198
1626766200,677
1626767100,489
1626768000,364
1626768900,422
1626769800,612
1626770700,575
1626771600,1287
1626772500,856
1626773400,627
1626774300,902
1626775200,947
1626776100,536
1626777000,155
1626777900,133
1626778800,122
1626779700,82
1626780600,110
1626781500,96
1626782400,122
1626783300,363
1626784200,667
1626785100,666
1626786000,260
1626786900,145
1626787800,160
1626788700,142
1626789600,116
1626790500,380
1626791400,765
1626792300,675
1626793200,329
1626794100,115
1626795000,96
1626795900,115
1626796800,95
1626797700,95
1626798600,100
1626799500,131
1626800400,117
1626801300,105
1626802200,116
1626803100,115
1626804000,116
1626804900,121
1626805800,117
1626806700,152
1626807600,145
1626808500,142
1626809400,100
1626810300,86
1626811200,53
1626812100,60
1626813000,54
1626813900,46
1626814800,35
1626815700,43
1626816600,54
1626817500,41
1626818400,40
1626819300,67
1626820200,85
1626821100,71
1626822000,70
1626822900,58
1626823800,62
1626824700,55
1626825600,50
1626826500,40
1626827400,53
1626828300,35
1626829200,42
1626830100,45
1626831000,49
1626831900,37
1626832800,40
1626833700,51
1626834600,45
1626835500,59
1626836400,53
1626837300,70
1626838200,42
1626839100,57
1626840000,49
1626840900,217
1626841800,52
1626842700,66
1626843600,45
1626844500,61
1626845400,83
1626846300,77
1626847200,111
1626848100,264
1626849000,104
1626849900,59
1626850800,89
1626851700,88
1626852600,68
1626853500,52
1626854400,126
1626855300,96
1626856200,102
1626857100,101
1626858000,107
1626858900,97
1626859800,110
1626860700,130
1626861600,101
1626862500,204
1626863400,209
1626864300,122
1626865200,124
1626866100,148
1626867000,119
1626867900,136
1626868800,120
1626869700,83
1626870600,89
1626871500,90
1626872400,78
1626873300,245
1626874200,95
1626875100,445
1626876000,454
1626876900,86
1626877800,90
1626878700,80
1626879600,80
1626880500,85
1626881400,95
1626882300,195
1626883200,99
1626884100,90
1626885000,119
1626885900,105
1626886800,106
1626887700,103
1626888600,153
1626889500,89
1626890400,83
1626891300,92
1626892200,96
1626893100,100
1626894000,93
1626894900,113
1626895800,99
1626896700,117
1626897600,76
1626898500,91
1626899400,72
1626900300,41
1626901200,42
1626902100,52
1626903000,73
1626903900,63
1626904800,54
1626905700,44
1626906600,90
1626907500,64
1626908400,69
1626909300,46
1626910200,54
1626911100,46
1626912000,66
1626912900,56
1626913800,56
1626914700,58
1626915600,42
1626916500,44
1626917400,44
1626918300,56
1626919200,39
1626920100,45
1626921000,60
1626921900,66
1626922800,52
1626923700,54
1626924600,59
1626925500,65
1626926400,53
1626927300,54
1626928200,52
1626929100,45
1626930000,61
1626930900,244
1626931800,201
1626932700,507
1626933600,469
1626934500,325
1626935400,229
1626936300,226
1626937200,191
1626938100,311
1626939000,62
1626939900,38
1626940800,44
1626941700,310
1626942600,176
1626943500,99
1626944400,507
1626945300,156
1626946200,425
1626947100,64
1626948000,61
1626948900,97
1626949800,74
1626950700,84
1626951600,99
1626952500,111
1626953400,81
1626954300,125
1626955200,114
1626956100,117
1626957000,91
1626957900,71
1626958800,136
1626959700,108
1626960600,110
1626961500,105
1626962400,131
1626963300,106
1626964200,124
1626965100,146
1626966000,157
1626966900,117
1626967800,94
1626968700,96
1626969600,88
1626970500,112
1626971400,91
1626972300,146
1626973200,96
1626974100,112
1626975000,174
1626975900,136
1626976800,134
1626977700,162
1626978600,160
1626979500,170
1626980400,169
1626981300,203
1626982200,171
1626983100,165
1626984000,172
1626984900,167
1626985800,159
1626986700,139
1626987600,169
1626988500,133
1626989400,94
1626990300,95
1626991200,71
1626992100,62
1626993000,69
1626993900,78
1626994800,54
1626995700,52
1626996600,53
1626997500,61
1626998400,60
1626999300,70
1627000200,75
1627001100,52
1627002000,46
1627002900,56
1627003800,59
1627004700,52
1627005600,49
1627006500,57
1627007400,57
1627008300,48
1627009200,52
1627010100,61
1627011000,75
1627011900,81
1627012800,85
1627013700,229
1627014600,130
1627015500,56
1627016400,69
1627017300,101
1627018200,94
1627019100,117
1627020000,120
1627020900,116
1627021800,96
1627022700,82
1627023600,97
1627024500,100
1627025400,81
1627026300,127
1627027200,110
1627028100,99
1627029000,144
1627029900,189
1627030800,200
1627031700,216
1627032600,204
1627033500,96
1627034400,199
1627035300,184
1627036200,141
1627037100,174
1627038000,138
1627038900,127
1627039800,126
1627040700,94
1627041600,60
1627042500,67
1627043400,89
1627044300,87
1627045200,131
1627046100,119
1627047000,121
1627047900,232
1627048800,121
1627049700,173
1627050600,103
1627051500,90
1627052400,68
1627053300,90
1627054200,80
1627055100,92
1627056000,104
1627056900,122
1627057800,103
1627058700,132
1627059600,451
1627060500,224
1627061400,373
1627062300,177
1627063200,99
1627064100,102
1627065000,108
1627065900,91
1627066800,127
1627067700,127
1627068600,119
1627069500,104
1627070400,109
1627071300,94
1627072200,52
1627073100,40
1627074000,49
1627074900,106
1627075800,63
1627076700,61
1627077600,82
1627078500,75
1627079400,60
1627080300,65
1627081200,58
1627082100,53
1627083000,43
1627083900,52
1627084800,60
1627085700,55
1627086600,45
1627087500,49
1627088400,61
1627089300,46
1627090200,52
1627091100,70
1627092000,110
1627092900,84
1627093800,68
1627094700,51
1627095600,72
1627096500,57
1627097400,66
1627098300,56
1627099200,178
1627100100,66
1627101000,66
1627101900,69
1627102800,61
1627103700,43
1627104600,206
1627105500,103
1627106400,173
1627107300,133
1627108200,96
1627109100,166
1627110000,188
1627110900,190
1627111800,90
1627112700,120
1627113600,96
1627114500,128
1627115400,79
1627116300,197
1627117200,78
1627118100,86
1627119000,94
1627119900,114
1627120800,100
1627121700,102
1627122600,121
1627123500,118
1627124400,122
1627125300,124
1627126200,149
1627127100,410
1627128000,307
1627128900,131
1627129800,145
1627130700,135
1627131600,117
1627132500,106
1627133400,129
1627134300,108
1627135200,114
1627136100,115
1627137000,139
1627137900,138
1627138800,186
1627139700,173
1627140600,143
1627141500,116
1627142400,108
1627143300,129
1627144200,121
1627145100,130
1627146000,271
1627146900,313
1627147800,299
1627148700,369
1627149600,168
1627150500,177
1627151400,415
1627152300,175
1627153200,166
1627154100,691
1627155000,739
1627155900,733
1627156800,259
1627157700,247
1627158600,183
1627159500,158
1627160400,113
1627161300,108
1627162200,88
1627163100,92
1627164000,78
1627164900,89
1627165800,70
1627166700,82
1627167600,84
1627168500,97
1627169400,72
1627170300,64
1627171200,82
1627172100,61
1627173000,68
1627173900,70
1627174800,101
1627175700,75
1627176600,71
1627177500,62
1627178400,80
1627179300,60
1627180200,67
1627181100,69
1627182000,73
1627182900,67
1627183800,66
1627184700,82
1627185600,89
1627186500,98
1627187400,89
1627188300,530
1627189200,982
1627190100,856
1627191000,635
1627191900,349
1627192800,311
1627193700,147
1627194600,135
1627195500,121
1627196400,93
1627197300,89
1627198200,106
1627199100,99
1627200000,101
1627200900,136
1627201800,136
1627202700,229
1627203600,296
1627204500,258
1627205400,136
1627206300,139
1627207200,191
1627208100,146
1627209000,77
1627209900,75
1627210800,64
1627211700,152
1627212600,119
1627213500,145
1627214400,302
1627215300,139
1627216200,77
1627217100,65
1627218000,70
1627218900,66
1627219800,65
1627220700,67
1627221600,81
1627222500,66
1627223400,98
1627224300,88
1627225200,99
1627226100,71
1627227000,67
1627227900,73
1627228800,75
1627229700,71
1627230600,61
1627231500,78
1627232400,72
1627233300,71
1627234200,63
1627235100,83
1627236000,70
1627236900,82
1627237800,98
1627238700,105
1627239600,74
1627240500,71
1627241400,97
1627242300,99
1627243200,99
1627244100,87
1627245000,98
1627245900,128
1627246800,105
1627247700,88
1627248600,105
1627249500,78
1627250400,76
1627251300,87
1627252200,90
1627253100,82
1627254000,78
1627254900,84
1627255800,77
1627256700,79
1627257600,71
1627258500,88
1627259400,73
1627260300,91
1627261200,72
1627262100,110
1627263000,61
1627263900,58
1627264800,93
1627265700,64
1627266600,61
1627267500,50
1627268400,62
1627269300,56
1627270200,47
1627271100,41
1627272000,57
1627272900,55
1627273800,64
1627274700,55
1627275600,64
1627276500,44
1627277400,46
1627278300,140
1627279200,214
1627280100,76
1627281000,503
1627281900,293
1627282800,511
1627283700,88
1627284600,69
1627285500,83
1627286400,76
1627287300,76
1627288200,66
1627289100,87
1627290000,70
1627290900,76
1627291800,81
1627292700,105
1627293600,90
1627294500,94
1627295400,122
1627296300,124
1627297200,100
1627298100,70
1627299000,101
1627299900,116
1627300800,162
1627301700,126
1627302600,128
1627303500,110
1627304400,100
1627305300,68
1627306200,88
1627307100,71
1627308000,88
1627308900,88
1627309800,104
1627310700,102
1627311600,119
1627312500,120
1627313400,243
1627314300,66
1627315200,55
1627316100,77
1627317000,62
1627317900,66
1627318800,57
1627319700,83
1627320600,76
1627321500,81
1627322400,71
1627323300,77
1627324200,63
1627325100,59
1627326000,73
1627326900,72
1627327800,72
1627328700,61
1627329600,85
1627330500,73
1627331400,74
1627332300,66
1627333200,99
1627334100,71
1627335000,69
1627335900,49
1627336800,67
1627337700,42
1627338600,43
1627339500,49
1627340400,50
1627341300,108
1627342200,44
1627343100,56
1627344000,42
1627344900,58
1627345800,55
1627346700,76
1627347600,38
1627348500,47
1627349400,39
1627350300,60
1627351200,39
1627352100,45
1627353000,48
1627353900,51
1627354800,48
1627355700,45
1627356600,62
1627357500,59
1627358400,62
1627359300,46
1627360200,62
1627361100,37
1627362000,46
1627362900,39
1627363800,239
1627364700,118
1627365600,172
1627366500,69
1627367400,70
1627368300,273
1627369200,81
1627370100,104
1627371000,127
1627371900,326
1627372800,118
1627373700,83
1627374600,66
1627375500,533
1627376400,397
1627377300,316
1627378200,160
1627379100,114
1627380000,140
1627380900,156
1627381800,78
1627382700,96
1627383600,105
1627384500,218
1627385400,82
1627386300,70
1627387200,66
1627388100,76
1627389000,113
1627389900,150
1627390800,282
1627391700,652
1627392600,592
1627393500,502
1627394400,173
1627395300,487
1627396200,163
1627397100,131
1627398000,140
1627398900,474
1627399800,764
1627400700,717
1627401600,653
1627402500,544
1627403400,103
1627404300,97
1627405200,100
1627406100,87
1627407000,79
1627407900,76
1627408800,79
1627409700,66
1627410600,72
1627411500,76
1627412400,66
1627413300,76
1627414200,90
1627415100,86
1627416000,68
1627416900,130
1627417800,154
1627418700,107
1627419600,104
1627420500,116
1627421400,89
1627422300,81
1627423200,62
1627424100,65
1627425000,49
1627425900,55
1627426800,47
1627427700,66
1627428600,43
1627429500,52
1627430400,45
1627431300,63
1627432200,41
1627433100,52
1627434000,51
1627434900,57
1627435800,41
1627436700,62
1627437600,73
1627438500,65
1627439400,59
1627440300,61
1627441200,57
1627442100,61
1627443000,51
1627443900,53
1627444800,55
1627445700,44
1627446600,56
1627447500,215
1627448400,320
1627449300,253
1627450200,299
1627451100,402
1627452000,494
1627452900,277
1627453800,153
1627454700,102
1627455600,72
1627456500,139
1627457400,254
1627458300,405
1627459200,296
1627460100,566
1627461000,349
1627461900,153
1627462800,340
1627463700,158
1627464600,127
1627465500,269
1627466400,836
1627467300,338
1627468200,165
1627469100,208
1627470000,667
1627470900,241
1627471800,605
1627472700,193
1627473600,772
1627474500,870
1627475400,671
1627476300,365
1627477200,239
1627478100,222
1627479000,201
1627479900,183
1627480800,178
1627481700,134
1627482600,144
1627483500,125
1627484400,151
1627485300,126
1627486200,134
1627487100,124
1627488000,138
1627488900,114
1627489800,124
1627490700,126
1627491600,154
1627492500,134
1627493400,142
1627494300,140
1627495200,156
1627496100,323
1627497000,144
1627497900,170
1627498800,175
1627499700,172
1627500600,204
1627501500,208
1627502400,158
1627503300,138
1627504200,124
1627505100,147
1627506000,112
1627506900,119
1627507800,116
1627508700,149
1627509600,140
1627510500,135
1627511400,114
1627512300,92
1627513200,77
1627514100,62
1627515000,81
1627515900,73
1627516800,75
1627517700,58
1627518600,77
1627519500,63
1627520400,64
1627521300,61
1627522200,75
1627523100,66
1627524000,56
1627524900,67
1627525800,72
1627526700,64
1627527600,58
1627528500,71
1627529400,85
1627530300,87
1627531200,87
1627532100,87
1627533000,271
1627533900,79
1627534800,231
1627535700,99
1627536600,99
1627537500,82
1627538400,97
1627539300,135
1627540200,200
1627541100,206
1627542000,190
1627542900,120
1627543800,258
1627544700,809
1627545600,824
1627546500,594
1627547400,568
1627548300,574
1627549200,454
1627550100,170
1627551000,189
1627551900,616
1627552800,346
1627553700,1176
1627554600,770
1627555500,717
1627556400,684
1627557300,709
1627558200,677
1627559100,711
1627560000,396
1627560900,195
1627561800,193
1627562700,203
1627563600,188
1627564500,179
1627565400,185
1627566300,175
1627567200,141
1627568100,162
1627569000,157
1627569900,171
1627570800,206
1627571700,182
1627572600,202
1627573500,179
1627574400,163
1627575300,166
1627576200,182
1627577100,143
1627578000,131
1627578900,136
1627579800,136
1627580700,128
1627581600,113
1627582500,143
1627583400,123
1627584300,126
1627585200,137
1627586100,163
1627587000,174
1627587900,170
1627588800,157
1627589700,176
1627590600,135
1627591500,118
1627592400,131
1627593300,119
1627594200,101
1627595100,89
1627596000,110
1627596900,94
1627597800,85
1627598700,75
1627599600,97
1627600500,73
1627601400,80
1627602300,77
1627603200,93
1627604100,71
1627605000,82
1627605900,84
1627606800,85
1627607700,72
1627608600,80
1627609500,89
1627610400,81
1627611300,93
1627612200,96
1627613100,105
1627614000,92
1627614900,84
1627615800,91
1627616700,103
1627617600,110
1627618500,202
1627619400,172
1627620300,196
1627621200,96
1627622100,117
1627623000,110
1627623900,110
1627624800,106
1627625700,117
1627626600,97
1627627500,103
1627628400,96
1627629300,116
1627630200,93
1627631100,97
1627632000,98
1627632900,119
1627633800,113
1627634700,145
1627635600,143
1627636500,123
1627637400,174
1627638300,150
1627639200,194
1627640100,264
1627641000,250
1627641900,213
1627642800,222
1627643700,192
1627644600,162
1627645500,170
1627646400,175
1627647300,164
1627648200,193
1627649100,432
1627650000,379
1627650900,452
1627651800,301
1627652700,165
1627653600,171
1627654500,163
1627655400,183
1627656300,194
1627657200,192
1627658100,163
1627659000,112
1627659900,103
1627660800,99
1627661700,107
1627662600,81
1627663500,88
1627664400,94
1627665300,88
1627666200,83
1627667100,324
1627668000,135
1627668900,280
1627669800,185
1627670700,207
1627671600,186
1627672500,180
1627673400,144
1627674300,169
1627675200,147
1627676100,153
1627677000,138
1627677900,144
1627678800,123
1627679700,112
1627680600,99
1627681500,93
1627682400,85
1627683300,109
1627684200,127
1627685100,87
1627686000,79
1627686900,79
1627687800,70
1627688700,64
1627689600,68
1627690500,80
1627691400,67
1627692300,65
1627693200,77
1627694100,70
1627695000,68
1627695900,64
1627696800,83
1627697700,75
1627698600,87
1627699500,85
1627700400,244
1627701300,92
1627702200,89
1627703100,91
1627704000,226
1627704900,73
1627705800,154
1627706700,185
1627707600,112
1627708500,142
1627709400,263
1627710300,125
1627711200,203
1627712100,541
1627713000,202
1627713900,139
1627714800,143
1627715700,440
1627716600,302
1627717500,77
1627718400,75
1627719300,349
1627720200,150
1627721100,122
1627722000,322
1627722900,132
1627723800,167
1627724700,126
1627725600,136
1627726500,139
1627727400,203
1627728300,119
1627729200,121
1627730100,118
1627731000,170
1627731900,582
1627732800,223
1627733700,179
1627734600,295
1627735500,189
1627736400,156
1627737300,166
1627738200,176
1627739100,176
1627740000,153
1627740900,160
1627741800,170
1627742700,164
1627743600,158
1627744500,159
1627745400,153
1627746300,155
1627747200,160
1627748100,146
1627749000,195
1627749900,183
1627750800,186
1627751700,223
1627752600,157
1627753500,139
1627754400,162
1627755300,146
1627756200,150
1627757100,128
1627758000,217
1627758900,191
1627759800,214
1627760700,198
1627761600,338
1627762500,243
1627763400,131
1627764300,166
1627765200,368
1627766100,139
1627767000,291
1627767900,51
1627768800,46
1627769700,38
1627770600,56
1627771500,43
1627772400,45
1627773300,41
1627774200,57
1627775100,43
1627776000,42
1627776900,50
1627777800,52
1627778700,62
1627779600,57
1627780500,74
1627781400,43
1627782300,47
1627783200,40
1627784100,64
1627785000,53
1627785900,71
1627786800,67
1627787700,52
1627788600,49
1627789500,62
1627790400,67
1627791300,70
1627792200,62
1627793100,82
1627794000,187
1627794900,139
1627795800,232
1627796700,72
1627797600,134
1627798500,479
1627799400,43
1627800300,69
1627801200,53
1627802100,238
1627803000,99
1627803900,123
1627804800,140
1627805700,116
1627806600,123
1627807500,115
1627808400,194
1627809300,104
1627810200,118
1627811100,119
1627812000,113
1627812900,126
1627813800,122
1627814700,119
1627815600,302
1627816500,248
1627817400,179
1627818300,121
1627819200,99
1627820100,84
1627821000,103
1627821900,125
1627822800,136
1627823700,109
1627824600,87
1627825500,102
1627826400,233
1627827300,113
1627828200,118
1627829100,87
1627830000,144
1627830900,97
1627831800,61
1627832700,76
1627833600,57
1627834500,66
1627835400,72
1627836300,95
1627837200,72
1627838100,78
1627839000,81
1627839900,79
1627840800,64
1627841700,55
1627842600,76
1627843500,58
1627844400,64
1627845300,53
1627846200,81
1627847100,60
1627848000,59
1627848900,72
1627849800,54
1627850700,47
1627851600,38
1627852500,61
1627853400,57
1627854300,64
1627855200,56
1627856100,75
1627857000,57
1627857900,53
1627858800,56
1627859700,45
1627860600,80
1627861500,52
1627862400,62
1627863300,38
1627864200,48
1627865100,43
1627866000,57
1627866900,44
1627867800,40
1627868700,57
1627869600,43
1627870500,48
1627871400,37
1627872300,75
1627873200,53
1627874100,63
1627875000,59
1627875900,71
1627876800,53
1627877700,43
1627878600,59
1627879500,41
1627880400,48
1627881300,38
1627882200,61
1627883100,37
1627884000,47
1627884900,46
1627885800,51
1627886700,50
1627887600,95
1627888500,155
1627889400,115
1627890300,196
1627891200,117
1627892100,155
1627893000,154
1627893900,335
1627894800,445
1627895700,172
1627896600,214
1627897500,625
1627898400,308
1627899300,644
1627900200,246
1627901100,228
1627902000,126
1627902900,83
1627903800,86
1627904700,100
1627905600,74
1627906500,102
1627907400,97
1627908300,110
1627909200,82
1627910100,91
1627911000,102
1627911900,120
1627912800,111
1627913700,93
1627914600,99
1627915500,53
1627916400,63
1627917300,56
1627918200,65
1627919100,48
1627920000,56
1627920900,65
1627921800,55
1627922700,52
1627923600,55
1627924500,69
1627925400,47
1627926300,56
1627927200,61
1627928100,59
1627929000,56
1627929900,72
1627930800,77
1627931700,73
1627932600,66
1627933500,77
1627934400,74
1627935300,67
1627936200,71
1627937100,46
1627938000,40
1627938900,30
1627939800,44
1627940700,40
1627941600,39
1627942500,31
1627943400,52
1627944300,32
1627945200,119
1627946100,37
1627947000,54
1627947900,33
1627948800,37
1627949700,56
1627950600,58
1627951500,64
1627952400,50
1627953300,68
1627954200,48
1627955100,48
1627956000,36
1627956900,48
1627957800,29
1627958700,40
1627959600,48
1627960500,50
1627961400,47
1627962300,58
1627963200,46
1627964100,39
1627965000,30
1627965900,51
1627966800,427
1627967700,220
1627968600,343
1627969500,483
1627970400,399
1627971300,271
1627972200,89
1627973100,83
1627974000,77
1627974900,69
1627975800,83
1627976700,287
1627977600,86
1627978500,80
1627979400,85
1627980300,67
1627981200,245
1627982100,786
1627983000,941
1627983900,843
1627984800,655
1627985700,393
1627986600,189
1627987500,139
1627988400,149
1627989300,561
1627990200,1257
1627991100,1339
1627992000,661
1627992900,239
1627993800,108
1627994700,110
1627995600,114
1627996500,121
1627997400,177
1627998300,96
1627999200,123
1628000100,123
1628001000,118
1628001900,125
1628002800,153
1628003700,169
1628004600,201
1628005500,775
1628006400,750
1628007300,659
1628008200,208
1628009100,66
1628010000,56
1628010900,80
1628011800,56
1628012700,59
1628013600,51
1628014500,70
1628015400,48
1628016300,58
1628017200,60
1628018100,60
1628019000,48
1628019900,58
1628020800,64
1628021700,54
1628022600,58
1628023500,65
1628024400,88
1628025300,98
1628026200,89
1628027100,70
1628028000,55
1628028900,42
1628029800,61
1628030700,42
1628031600,48
1628032500,38
1628033400,60
1628034300,36
1628035200,46
1628036100,45
1628037000,49
1628037900,32
1628038800,38
1628039700,41
1628040600,45
1628041500,43
1628042400,61
1628043300,49
1628044200,50
1628045100,44
1628046000,53
1628046900,43
1628047800,32
1628048700,43
1628049600,35
1628050500,33
1628051400,29
1628052300,51
1628053200,330
1628054100,291
1628055000,47
1628055900,127
1628056800,50
1628057700,56
1628058600,76
1628059500,170
1628060400,310
1628061300,735
1628062200,666
1628063100,483
1628064000,560
1628064900,464
1628065800,836
1628066700,462
1628067600,537
1628068500,534
1628069400,180
1628070300,187
1628071200,134
1628072100,125
1628073000,118
1628073900,156
1628074800,139
1628075700,133
1628076600,126
1628077500,140
1628078400,132
1628079300,138
1628080200,152
1628081100,167
1628082000,130
1628082900,133
1628083800,136
1628084700,131
1628085600,120
1628086500,112
1628087400,111
1628088300,95
1628089200,99
1628090100,114
1628091000,115
1628091900,98
1628092800,118
1628093700,110
1628094600,114
1628095500,115
1628096400,131
1628097300,138
1628098200,170
1628099100,161
1628100000,149
1628100900,143
1628101800,165
1628102700,184
1628103600,194
1628104500,222
1628105400,204
1628106300,246
1628107200,267
1628108100,234
1628109000,189
1628109900,170
1628110800,158
1628111700,160
1628112600,114
1628113500,123
1628114400,102
1628115300,68
1628116200,86
1628117100,84
1628118000,72
1628118900,79
1628119800,86
1628120700,78
1628121600,78
1628122500,72
1628123400,92
1628124300,72
1628125200,77
1628126100,88
1628127000,78
1628127900,95
1628128800,88
1628129700,107
1628130600,100
1628131500,88
1628132400,101
1628133300,96
1628134200,77
1628135100,79
1628136000,78
1628136900,85
1628137800,69
1628138700,77
1628139600,244
1628140500,66
1628141400,246
1628142300,245
1628143200,379
1628144100,41
1628145000,44
1628145900,55
1628146800,66
1628147700,73
1628148600,71
1628149500,201
1628150400,69
1628151300,69
1628152200,72
1628153100,80
1628154000,71
1628154900,87
1628155800,198
1628156700,191
1628157600,137
1628158500,170
1628159400,234
1628160300,666
1628161200,184
1628162100,419
1628163000,407
1628163900,189
1628164800,501
1628165700,545
1628166600,494
1628167500,398
1628168400,302
1628169300,151
1628170200,149
1628171100,162
1628172000,100
1628172900,131
1628173800,75
1628174700,82
1628175600,606
1628176500,154
1628177400,112
1628178300,117
1628179200,141
1628180100,125
1628181000,123
1628181900,159
1628182800,169
1628183700,210
1628184600,167
1628185500,140
1628186400,145
1628187300,118
1628188200,160
1628189100,192
1628190000,118
1628190900,172
1628191800,154
1628192700,125
1628193600,70
1628194500,61
1628195400,68
1628196300,59
1628197200,53
1628198100,66
1628199000,99
1628199900,58
1628200800,68
1628201700,63
1628202600,78
1628203500,61
1628204400,82
1628205300,86
1628206200,77
1628207100,56
1628208000,62
1628208900,71
1628209800,59
1628210700,60
1628211600,53
1628212500,59
1628213400,44
1628214300,49
1628215200,54
1628216100,63
1628217000,76
1628217900,68
1628218800,63
1628219700,68
1628220600,55
1628221500,74
1628222400,77
1628223300,255
1628224200,114
1628225100,105
1628226000,101
1628226900,144
1628227800,95
1628228700,119
1628229600,213
1628230500,93
1628231400,232
1628232300,57
1628233200,52
1628234100,67
1628235000,50
1628235900,53
1628236800,65
1628237700,51
1628238600,61
1628239500,77
1628240400,75
1628241300,55
1628242200,73
1628243100,74
1628244000,76
1628244900,66
1628245800,91
1628246700,65
1628247600,75
1628248500,74
1628249400,81
1628250300,67
1628251200,81
1628252100,88
1628253000,80
1628253900,64
1628254800,82
1628255700,78
1628256600,72
1628257500,70
1628258400,87
1628259300,74
1628260200,70
1628261100,78
1628262000,79
1628262900,82
1628263800,85
1628264700,95
1628265600,65
1628266500,77
1628267400,531
1628268300,350
1628269200,235
1628270100,196
1628271000,115
1628271900,116
1628272800,103
1628273700,88
1628274600,112
1628275500,92
1628276400,111
1628277300,84
1628278200,113
1628279100,95
1628280000,95
1628280900,101
1628281800,80
1628282700,75
1628283600,82
1628284500,102
1628285400,69
1628286300,69
1628287200,61
1628288100,78
1628289000,59
1628289900,49
1628290800,57
1628291700,51
1628292600,51
1628293500,44
1628294400,66
1628295300,53
1628296200,69
1628297100,61
1628298000,70
1628298900,45
1628299800,51
1628300700,55
1628301600,54
1628302500,51
1628303400,45
1628304300,63
1628305200,45
1628306100,52
1628307000,50
1628307900,84
1628308800,57
1628309700,56
1628310600,49
1628311500,60
1628312400,43
1628313300,42
1628314200,48
1628315100,45
1628316000,41
1628316900,36
1628317800,59
1628318700,43
1628319600,59
1628320500,58
1628321400,61
1628322300,45
1628323200,53
1628324100,54
1628325000,59
1628325900,49
1628326800,47
1628327700,68
1628328600,59
1628329500,72
1628330400,75
1628331300,104
1628332200,80
1628333100,72
1628334000,71
1628334900,86
1628335800,216
1628336700,411
1628337600,215
1628338500,149
1628339400,145
1628340300,146
1628341200,191
1628342100,149
1628343000,163
1628343900,131
1628344800,154
1628345700,127
1628346600,134
1628347500,141
1628348400,139
1628349300,121
1628350200,122
1628351100,136
1628352000,156
1628352900,315
1628353800,348
1628354700,478
1628355600,250
1628356500,142
1628357400,137
1628358300,151
1628359200,259
1628360100,152
1628361000,179
1628361900,74
1628362800,67
1628363700,90
1628364600,103
1628365500,75
1628366400,67
1628367300,59
1628368200,64
1628369100,35
1628370000,46
1628370900,46
1628371800,51
1628372700,37
1628373600,45
1628374500,55
1628375400,46
1628376300,59
1628377200,58
1628378100,64
1628379000,102
1628379900,610
1628380800,90
1628381700,95
1628382600,79
1628383500,72
1628384400,71
1628385300,63
1628386200,49
1628387100,64
1628388000,84
1628388900,71
1628389800,57
1628390700,60
1628391600,65
1628392500,49
1628393400,58
1628394300,63
1628395200,60
1628396100,50
1628397000,57
1628397900,66
1628398800,66
1628399700,66
1628400600,80
1628401500,61
1628402400,57
1628403300,50
1628404200,65
1628405100,59
1628406000,50
1628406900,60
1628407800,71
1628408700,65
1628409600,59
1628410500,84
1628411400,86
1628412300,81
1628413200,59
1628414100,76
1628415000,77
1628415900,85
1628416800,76
1628417700,99
1628418600,82
1628419500,704
1628420400,603
1628421300,153
1628422200,124
1628423100,114
1628424000,299
1628424900,648
1628425800,292
1628426700,106
1628427600,100
1628428500,97
1628429400,85
1628430300,91
1628431200,238
1628432100,1123
1628433000,860
1628433900,749
1628434800,521
1628435700,168
1628436600,141
1628437500,214
1628438400,289
1628439300,751
1628440200,348
1628441100,167
1628442000,179
1628442900,150
1628443800,180
1628444700,160
1628445600,123
1628446500,85
1628447400,74
1628448300,71
1628449200,58
1628450100,71
1628451000,123
1628451900,80
1628452800,57
1628453700,70
1628454600,57
1628455500,49
1628456400,61
1628457300,67
1628458200,51
1628459100,36
1628460000,46
1628460900,52
1628461800,46
1628462700,37
1628463600,52
1628464500,47
1628465400,45
1628466300,43
1628467200,66
1628468100,63
1628469000,51
1628469900,47
1628470800,52
1628471700,45
1628472600,38
1628473500,54
1628474400,44
1628475300,46
1628476200,37
1628477100,60
1628478000,43
1628478900,102
1628479800,107
1628480700,65
1628481600,46
1628482500,38
1628483400,55
1628484300,45
1628485200,45
1628486100,38
1628487000,61
1628487900,38
1628488800,44
1628489700,45
1628490600,71
1628491500,59
1628492400,49
1628493300,54
1628494200,46
1628495100,45
1628496000,36
1628496900,63
1628497800,47
1628498700,55
1628499600,51
1628500500,66
1628501400,68
1628502300,89
1628503200,100
1628504100,77
1628505000,76
1628505900,68
1628506800,90
1628507700,67
1628508600,77
1628509500,311
1628510400,339
1628511300,107
1628512200,144
1628513100,169
1628514000,166
1628514900,427
1628515800,190
1628516700,84
1628517600,115
1628518500,98
1628519400,101
1628520300,103
1628521200,89
1628522100,150
1628523000,340
1628523900,296
1628524800,250
1628525700,533
1628526600,259
1628527500,255
1628528400,250
1628529300,455
1628530200,237
1628531100,393
1628532000,811
1628532900,491
1628533800,200
1628534700,169
1628535600,151
1628536500,135
1628537400,143
1628538300,154
1628539200,101
1628540100,106
1628541000,59
1628541900,141
1628542800,67
1628543700,65
1628544600,60
1628545500,60
1628546400,78
1628547300,70
1628548200,74
1628549100,66
1628550000,41
1628550900,33
1628551800,47
1628552700,42
1628553600,41
1628554500,35
1628555400,53
1628556300,66
1628557200,102
1628558100,111
1628559000,58
1628559900,384
1628560800,2150
1628561700,2160
1628562600,1916
1628563500,856
1628564400,1137
1628565300,896
1628566200,1133
1628567100,857
1628568000,867
1628568900,816
1628569800,1152
1628570700,1573
1628571600,665
1628572500,621
1628573400,1064
1628574300,1009
1628575200,717
1628576100,317
1628577000,90
1628577900,480
1628578800,735
1628579700,559
1628580600,677
1628581500,224
1628582400,105
1628583300,149
1628584200,161
1628585100,106
1628586000,241
1628586900,309
1628587800,613
1628588700,979
1628589600,636
1628590500,362
1628591400,456
1628592300,506
1628593200,283
1628594100,199
1628595000,101
1628595900,145
1628596800,124
1628597700,104
1628598600,117
1628599500,118
1628600400,123
1628601300,113
1628602200,120
1628603100,112
1628604000,94
1628604900,110
1628605800,91
1628606700,109
1628607600,115
1628608500,98
1628609400,104
1628610300,136
1628611200,117
1628612100,109
1628613000,163
1628613900,151
1628614800,247
1628615700,186
1628616600,191
1628617500,157
1628618400,143
1628619300,158
1628620200,165
1628621100,510
1628622000,849
1628622900,871
1628623800,785
1628624700,997
1628625600,526
1628626500,432
1628627400,111
1628628300,110
1628629200,107
1628630100,67
1628631000,74
1628631900,69
1628632800,85
1628633700,71
1628634600,74
1628635500,101
1628636400,63
1628637300,67
1628638200,65
1628639100,75
1628640000,70
1628640900,47
1628641800,59
1628642700,52
1628643600,48
1628644500,64
1628645400,74
1628646300,51
1628647200,42
1628648100,54
1628649000,59
1628649900,47
1628650800,51
1628651700,52
1628652600,69
1628653500,52
1628654400,59
1628655300,74
1628656200,172
1628657100,78
1628658000,90
1628658900,104
1628659800,154
1628660700,96
1628661600,133
1628662500,482
1628663400,534
1628664300,416
1628665200,529
1628666100,388
1628667000,464
1628667900,481
1628668800,465
1628669700,350
1628670600,181
1628671500,361
1628672400,482
1628673300,169
1628674200,129
1628675100,139
1628676000,140
1628676900,159
1628677800,170
1628678700,105
1628679600,131
1628680500,303
1628681400,528
1628682300,448
1628683200,361
1628684100,173
1628685000,122
1628685900,129
1628686800,144
1628687700,164
1628688600,236
1628689500,208
1628690400,165
1628691300,243
1628692200,696
1628693100,787
1628694000,766
1628694900,605
1628695800,546
1628696700,750
1628697600,855
1628698500,621
1628699400,556
1628700300,188
1628701200,204
1628702100,249
1628703000,179
1628703900,362
1628704800,695
1628705700,255
1628706600,473
1628707500,242
1628708400,264
1628709300,276
1628710200,319
1628711100,389
1628712000,297
1628712900,288
1628713800,298
1628714700,268
1628715600,260
1628716500,303
1628717400,266
1628718300,277
1628719200,261
1628720100,293
1628721000,431
1628721900,464
1628722800,425
1628723700,111
1628724600,91
1628725500,82
1628726400,87
1628727300,78
1628728200,70
1628729100,86
1628730000,82
1628730900,68
1628731800,75
1628732700,88
1628733600,72
1628734500,76
1628735400,71
1628736300,98
1628737200,82
1628738100,76
1628739000,70
1628739900,60
1628740800,63
1628741700,56
1628742600,68
1628743500,57
1628744400,92
1628745300,375
1628746200,373
1628747100,152
1628748000,95
1628748900,235
1628749800,492
1628750700,424
1628751600,460
1628752500,455
1628753400,378
1628754300,374
1628755200,715
1628756100,379
1628757000,375
1628757900,347
1628758800,130
1628759700,193
1628760600,295
1628761500,182
1628762400,423
1628763300,900
1628764200,364
1628765100,286
1628766000,144
1628766900,150
1628767800,216
1628768700,240
1628769600,129
1628770500,128
1628771400,135
1628772300,157
1628773200,114
1628774100,127
1628775000,131
1628775900,154
1628776800,163
1628777700,175
1628778600,152
1628779500,161
1628780400,177
1628781300,164
1628782200,151
1628783100,165
1628784000,194
1628784900,189
1628785800,194
1628786700,184
1628787600,177
1628788500,135
1628789400,185
1628790300,230
1628791200,245
1628792100,217
1628793000,207
1628793900,208
1628794800,120
1628795700,83
1628796600,66
1628797500,73
1628798400,77
1628799300,70
1628800200,56
1628801100,51
1628802000,65
1628802900,52
1628803800,111
1628804700,91
1628805600,114
1628806500,43
1628807400,55
1628808300,53
1628809200,65
1628810100,44
1628811000,53
1628811900,58
1628812800,61
1628813700,52
1628814600,44
1628815500,60
1628816400,50
1628817300,51
1628818200,45
1628819100,79
1628820000,65
1628820900,67
1628821800,44
1628822700,65
1628823600,48
1628824500,57
1628825400,54
1628826300,66
1628827200,78
1628828100,80
1628829000,87
1628829900,102
1628830800,255
1628831700,255
1628832600,295
1628833500,212
1628834400,561
1628835300,424
1628836200,258
1628837100,89
1628838000,79
1628838900,90
1628839800,121
1628840700,110
1628841600,120
1628842500,116
1628843400,109
1628844300,127
1628845200,102
1628846100,148
1628847000,1005
1628847900,489
1628848800,302
1628849700,209
1628850600,140
1628851500,160
1628852400,159
1628853300,199
1628854200,185
1628855100,143
1628856000,129
1628856900,107
1628857800,165
1628858700,117
1628859600,120
1628860500,145
1628861400,123
1628862300,109
1628863200,106
1628864100,103
1628865000,133
1628865900,143
1628866800,154
1628867700,201
1628868600,162
1628869500,150
1628870400,137
1628871300,155
1628872200,154
1628873100,155
1628874000,168
1628874900,194
1628875800,154
1628876700,156
1628877600,153
1628878500,281
1628879400,453
1628880300,404
1628881200,513
1628882100,157
1628883000,174
1628883900,122
1628884800,108
1628885700,123
1628886600,92
1628887500,61
1628888400,55
1628889300,64
1628890200,70
1628891100,64
1628892000,64
1628892900,61
1628893800,55
1628894700,81
1628895600,53
1628896500,61
1628897400,41
1628898300,44
1628899200,50
1628900100,51
1628901000,38
1628901900,47
1628902800,69
1628903700,66
1628904600,49
1628905500,47
1628906400,56
1628907300,43
1628908200,42
1628909100,41
1628910000,61
1628910900,55
1628911800,52
1628912700,47
1628913600,229
1628914500,67
1628915400,160
1628916300,62
1628917200,99
1628918100,138
1628919000,178
1628919900,139
1628920800,98
1628921700,140
1628922600,188
1628923500,147
1628924400,81
1628925300,100
1628926200,103
1628927100,123
1628928000,81
1628928900,85
1628929800,248
1628930700,190
1628931600,135
1628932500,153
1628933400,137
1628934300,167
1628935200,174
1628936100,408
1628937000,635
1628937900,207
1628938800,121
1628939700,214
1628940600,176
1628941500,647
1628942400,182
1628943300,544
1628944200,145
1628945100,303
1628946000,140
1628946900,172
1628947800,478
1628948700,681
1628949600,629
1628950500,232
1628951400,168
1628952300,169
1628953200,173
1628954100,224
1628955000,1108
1628955900,950
1628956800,743
1628957700,476
1628958600,170
1628959500,153
1628960400,145
1628961300,172
1628962200,161
1628963100,142
1628964000,158
1628964900,165
1628965800,174
1628966700,174
1628967600,211
1628968500,192
1628969400,164
1628970300,136
1628971200,126
1628972100,108
1628973000,81
1628973900,84
1628974800,91
1628975700,84
1628976600,74
1628977500,87
1628978400,89
1628979300,92
1628980200,111
1628981100,156
1628982000,142
1628982900,111
1628983800,117
1628984700,118
1628985600,129
1628986500,110
1628987400,117
1628988300,118
1628989200,121
1628990100,96
1628991000,79
1628991900,90
1628992800,95
1628993700,96
1628994600,89
1628995500,107
1628996400,91
1628997300,95
1628998200,73
1628999100,97
1629000000,71
1629000900,82
1629001800,74
1629002700,95
1629003600,73
1629004500,223
1629005400,215
1629006300,314
1629007200,408
1629008100,137
1629009000,280
1629009900,162
1629010800,90
1629011700,71
1629012600,75
1629013500,148
1629014400,492
1629015300,428
1629016200,319
1629017100,219
1629018000,130
1629018900,164
1629019800,677
1629020700,171
1629021600,569
1629022500,127
1629023400,132
1629024300,125
1629025200,113
1629026100,112
1629027000,148
1629027900,139
1629028800,168
1629029700,152
1629030600,148
1629031500,111
1629032400,117
1629033300,157
1629034200,166
1629035100,226
1629036000,279
1629036900,222
1629037800,152
1629038700,82
1629039600,85
1629040500,84
1629041400,73
1629042300,89
1629043200,64
1629044100,66
1629045000,61
1629045900,79
1629046800,63
1629047700,61
1629048600,70
1629049500,69
1629050400,68
1629051300,56
1629052200,104
1629053100,186
1629054000,133
1629054900,125
1629055800,105
1629056700,95
1629057600,87
1629058500,105
1629059400,91
1629060300,81
1629061200,76
1629062100,112
1629063000,88
1629063900,115
1629064800,58
1629065700,65
1629066600,39
1629067500,41
1629068400,46
1629069300,49
1629070200,43
1629071100,37
1629072000,56
1629072900,40
1629073800,45
1629074700,34
1629075600,87
1629076500,80
1629077400,85
1629078300,69
1629079200,70
1629080100,50
1629081000,57
1629081900,58
1629082800,62
1629083700,55
1629084600,50
1629085500,70
1629086400,52
1629087300,100
1629088200,98
1629089100,106
1629090000,51
1629090900,57
1629091800,53
1629092700,218
1629093600,48
1629094500,80
1629095400,83
1629096300,111
1629097200,80
1629098100,63
1629099000,80
1629099900,60
1629100800,66
1629101700,65
1629102600,276
1629103500,154
1629104400,110
1629105300,190
1629106200,171
1629107100,126
1629108000,138
1629108900,167
1629109800,156
1629110700,148
1629111600,108
1629112500,102
1629113400,79
1629114300,76
1629115200,76
1629116100,87
1629117000,77
1629117900,95
1629118800,99
1629119700,83
1629120600,71
1629121500,77
1629122400,90
1629123300,73
1629124200,76
1629125100,75
1629126000,88
1629126900,69
1629127800,77
1629128700,70
1629129600,79
1629130500,75
1629131400,83
1629132300,74
1629133200,66
1629134100,59
1629135000,69
1629135900,113
1629136800,120
1629137700,138
1629138600,166
1629139500,134
1629140400,115
1629141300,108
1629142200,103
1629143100,90
1629144000,81
1629144900,99
1629145800,84
1629146700,78
1629147600,76
1629148500,71
1629149400,57
1629150300,56
1629151200,65
1629152100,76
1629153000,68
1629153900,43
1629154800,59
1629155700,50
1629156600,52
1629157500,42
1629158400,65
1629159300,43
1629160200,50
1629161100,44
1629162000,80
1629162900,62
1629163800,63
1629164700,55
1629165600,52
1629166500,50
1629167400,42
1629168300,66
1629169200,42
1629170100,50
1629171000,50
1629171900,67
1629172800,46
1629173700,64
1629174600,72
1629175500,71
1629176400,215
1629177300,51
1629178200,155
1629179100,585
1629180000,795
1629180900,211
1629181800,490
1629182700,105
1629183600,174
1629184500,168
1629185400,357
1629186300,102
1629187200,503
1629188100,1154
1629189000,890
1629189900,1008
1629190800,620
1629191700,509
1629192600,241
1629193500,146
1629194400,409
1629195300,194
1629196200,189
1629197100,582
1629198000,187
1629198900,552
1629199800,571
1629200700,647
1629201600,444
1629202500,144
1629203400,177
1629204300,168
1629205200,188
1629206100,184
1629207000,126
1629207900,121
1629208800,116
1629209700,147
1629210600,150
1629211500,140
1629212400,146
1629213300,157
1629214200,170
1629215100,681
1629216000,768
1629216900,725
1629217800,538
1629218700,141
1629219600,193
1629220500,266
1629221400,166
1629222300,250
1629223200,172
1629224100,193
1629225000,220
1629225900,208
1629226800,222
1629227700,183
1629228600,242
1629229500,173
1629230400,154
1629231300,99
1629232200,86
1629233100,106
1629234000,95
1629234900,87
1629235800,74
1629236700,96
1629237600,72
1629238500,75
1629239400,64
1629240300,79
1629241200,65
1629242100,63
1629243000,103
1629243900,98
1629244800,116
1629245700,87
1629246600,82
1629247500,51
1629248400,61
1629249300,64
1629250200,63
1629251100,58
1629252000,58
1629252900,76
1629253800,55
1629254700,62
1629255600,65
1629256500,93
1629257400,85
1629258300,93
1629259200,75
1629260100,60
1629261000,58
1629261900,62
1629262800,245
1629263700,49
1629264600,78
1629265500,74
1629266400,88
1629267300,149
1629268200,100
1629269100,116
1629270000,84
1629270900,95
1629271800,230
1629272700,78
1629273600,63
1629274500,78
1629275400,188
1629276300,638
1629277200,403
1629278100,133
1629279000,75
1629279900,436
1629280800,282
1629281700,160
1629282600,152
1629283500,688
1629284400,180
1629285300,576
1629286200,116
1629287100,180
1629288000,141
1629288900,109
1629289800,114
1629290700,93
1629291600,97
1629292500,92
1629293400,185
1629294300,159
1629295200,115
1629296100,137
1629297000,122
1629297900,129
1629298800,134
1629299700,138
1629300600,103
1629301500,114
1629302400,368
1629303300,282
1629304200,597
1629305100,184
1629306000,180
1629306900,168
1629307800,199
1629308700,287
1629309600,248
1629310500,151
1629311400,149
1629312300,118
1629313200,114
1629314100,122
1629315000,124
1629315900,120
1629316800,109
1629317700,133
1629318600,99
1629319500,95
1629320400,96
1629321300,114
1629322200,112
1629323100,114
1629324000,78
1629324900,56
1629325800,61
1629326700,62
1629327600,58
1629328500,34
1629329400,43
1629330300,49
1629331200,43
1629332100,34
1629333000,50
1629333900,65
1629334800,54
1629335700,48
1629336600,50
1629337500,43
1629338400,34
1629339300,49
1629340200,42
1629341100,42
1629342000,34
1629342900,61
1629343800,43
1629344700,56
1629345600,74
1629346500,80
1629347400,232
1629348300,75
1629349200,92
1629350100,72
1629351000,142
1629351900,104
1629352800,64
1629353700,61
1629354600,70
1629355500,72
1629356400,87
1629357300,67
1629358200,78
1629359100,68
1629360000,65
1629360900,61
1629361800,77
1629362700,63
1629363600,58
1629364500,74
1629365400,95
1629366300,99
1629367200,139
1629368100,421
1629369000,92
1629369900,115
1629370800,123
1629371700,147
1629372600,124
1629373500,127
1629374400,123
1629375300,122
1629376200,127
1629377100,127
1629378000,177
1629378900,559
1629379800,232
1629380700,544
1629381600,161
1629382500,162
1629383400,160
1629384300,161
1629385200,171
1629386100,167
1629387000,213
1629387900,182
1629388800,195
1629389700,210
1629390600,206
1629391500,209
1629392400,180
1629393300,189
1629394200,146
1629395100,138
1629396000,156
1629396900,207
1629397800,198
1629398700,208
1629399600,217
1629400500,218
1629401400,401
1629402300,399
1629403200,486
1629404100,180
1629405000,85
1629405900,91
1629406800,75
1629407700,67
1629408600,72
1629409500,78
1629410400,69
1629411300,60
1629412200,72
1629413100,90
1629414000,80
1629414900,85
1629415800,68
1629416700,67
1629417600,53
1629418500,62
1629419400,75
1629420300,57
1629421200,63
1629422100,60
1629423000,80
1629423900,61
1629424800,86
1629425700,88
1629426600,82
1629427500,67
1629428400,90
1629429300,116
1629430200,73
1629431100,71
1629432000,97
1629432900,100
1629433800,75
1629434700,219
1629435600,382
1629436500,195
1629437400,71
1629438300,109
1629439200,115
1629440100,142
1629441000,172
1629441900,331
1629442800,385
1629443700,463
1629444600,198
1629445500,363
1629446400,183
1629447300,281
1629448200,280
1629449100,503
1629450000,339
1629450900,660
1629451800,193
1629452700,143
1629453600,353
1629454500,222
1629455400,149
1629456300,154
1629457200,161
1629458100,146
1629459000,118
1629459900,132
1629460800,127
1629461700,506
1629462600,714
1629463500,377
1629464400,543
1629465300,154
1629466200,517
1629467100,111
1629468000,134
1629468900,113
1629469800,93
1629470700,89
1629471600,100
1629472500,88
1629473400,89
1629474300,106
1629475200,89
1629476100,97
1629477000,85
1629477900,82
1629478800,72
1629479700,96
1629480600,72
1629481500,82
1629482400,90
1629483300,79
1629484200,78
1629485100,99
1629486000,161
1629486900,139
1629487800,173
1629488700,130
1629489600,125
1629490500,149
1629491400,237
1629492300,89
1629493200,77
1629494100,86
1629495000,59
1629495900,55
1629496800,60
1629497700,42
1629498600,34
1629499500,45
1629500400,42
1629501300,42
1629502200,31
1629503100,75
1629504000,37
1629504900,58
1629505800,61
1629506700,56
1629507600,34
1629508500,44
1629509400,48
1629510300,37
1629511200,39
1629512100,48
1629513000,41
1629513900,34
1629514800,49
1629515700,54
1629516600,60
1629517500,45
1629518400,194
1629519300,52
1629520200,123
1629521100,97
1629522000,145
1629522900,111
1629523800,163
1629524700,75
1629525600,128
1629526500,69
1629527400,406
1629528300,752
1629529200,756
1629530100,659
1629531000,318
1629531900,69
1629532800,108
1629533700,101
1629534600,108
1629535500,154
1629536400,142
1629537300,115
1629538200,98
1629539100,229
1629540000,142
1629540900,106
1629541800,122
1629542700,124
1629543600,137
1629544500,107
1629545400,352
1629546300,295
1629547200,103
1629548100,89
1629549000,101
1629549900,95
1629550800,86
1629551700,76
1629552600,101
1629553500,92
1629554400,93
1629555300,86
1629556200,110
1629557100,86
1629558000,110
1629558900,135
1629559800,161
1629560700,132
1629561600,119
1629562500,124
1629563400,110
1629564300,274
1629565200,140
1629566100,206
1629567000,173
1629567900,151
1629568800,239
1629569700,250
1629570600,217
1629571500,212
1629572400,178
1629573300,180
1629574200,138
1629575100,152
1629576000,139
1629576900,136
1629577800,97
1629578700,90
1629579600,80
1629580500,83
1629581400,112
1629582300,68
1629583200,44
1629584100,38
1629585000,53
1629585900,35
1629586800,41
1629587700,53
1629588600,41
1629589500,40
1629590400,42
1629591300,53
1629592200,50
1629593100,60
1629594000,59
1629594900,44
1629595800,35
1629596700,47
1629597600,47
1629598500,43
1629599400,46
1629600300,67
1629601200,63
1629602100,55
1629603000,71
1629603900,116
1629604800,101
1629605700,229
1629606600,317
1629607500,349
1629608400,80
1629609300,96
1629610200,175
1629611100,112
1629612000,623
1629612900,326
1629613800,122
1629614700,113
1629615600,134
1629616500,667
1629617400,778
1629618300,700
1629619200,189
1629620100,73
1629621000,62
1629621900,69
1629622800,84
1629623700,80
1629624600,78
1629625500,103
1629626400,118
1629627300,528
1629628200,828
1629629100,630
1629630000,544
1629630900,310
1629631800,142
1629632700,105
1629633600,92
1629634500,84
1629635400,105
1629636300,77
1629637200,95
1629638100,171
1629639000,210
1629639900,216
1629640800,207
1629641700,227
1629642600,208
1629643500,208
1629644400,189
1629645300,207
1629646200,113
1629647100,120
1629648000,134
1629648900,124
1629649800,111
1629650700,204
1629651600,170
1629652500,128
1629653400,148
1629654300,117
1629655200,133
1629656100,125
1629657000,172
1629657900,105
1629658800,127
1629659700,106
1629660600,85
1629661500,67
1629662400,74
1629663300,61
1629664200,51
1629665100,71
1629666000,58
1629666900,61
1629667800,50
1629668700,53
1629669600,39
1629670500,49
1629671400,54
1629672300,48
1629673200,39
1629674100,58
1629675000,47
1629675900,46
1629676800,59
1629677700,76
1629678600,51
1629679500,42
1629680400,54
1629681300,76
1629682200,75
1629683100,49
1629684000,71
1629684900,49
1629685800,50
1629686700,42
1629687600,67
1629688500,55
1629689400,64
1629690300,45
1629691200,57
1629692100,46
1629693000,45
1629693900,72
1629694800,55
1629695700,311
1629696600,856
1629697500,676
1629698400,416
1629699300,592
1629700200,483
1629701100,569
1629702000,209
1629702900,66
1629703800,52
1629704700,75
1629705600,55
1629706500,326
1629707400,466
1629708300,383
1629709200,293
1629710100,411
1629711000,412
1629711900,310
1629712800,201
1629713700,187
1629714600,213
1629715500,190
1629716400,163
1629717300,150
1629718200,106
1629719100,105
1629720000,146
1629720900,152
1629721800,190
1629722700,547
1629723600,194
1629724500,507
1629725400,150
1629726300,119
1629727200,110
1629728100,133
1629729000,107
1629729900,112
1629730800,111
1629731700,131
1629732600,100
1629733500,99
1629734400,102
1629735300,108
1629736200,89
1629737100,172
1629738000,183
1629738900,138
1629739800,116
1629740700,118
1629741600,122
1629742500,100
1629743400,121
1629744300,148
1629745200,169
1629746100,133
1629747000,138
1629747900,151
1629748800,143
1629749700,128
1629750600,128
1629751500,223
1629752400,115
1629753300,71
1629754200,73
1629755100,53
1629756000,54
1629756900,51
1629757800,67
1629758700,56
1629759600,62
1629760500,73
1629761400,73
1629762300,56
1629763200,47
1629764100,64
1629765000,54
1629765900,52
1629766800,43
1629767700,67
1629768600,42
1629769500,51
1629770400,46
1629771300,69
1629772200,66
1629773100,70
1629774000,53
1629774900,52
1629775800,42
1629776700,45
1629777600,63
1629778500,42
1629779400,49
1629780300,47
1629781200,55
1629782100,196
1629783000,89
1629783900,212
1629784800,219
1629785700,82
1629786600,89
1629787500,310
1629788400,107
1629789300,129
1629790200,145
1629791100,118
1629792000,123
1629792900,441
1629793800,507
1629794700,506
1629795600,400
1629796500,447
1629797400,126
1629798300,121
1629799200,96
1629800100,117
1629801000,101
1629801900,283
1629802800,328
1629803700,336
1629804600,173
1629805500,548
1629806400,261
1629807300,578
1629808200,140
1629809100,335
1629810000,196
1629810900,135
1629811800,127
1629812700,152
1629813600,139
1629814500,119
1629815400,387
1629816300,176
1629817200,298
1629818100,154
1629819000,131
1629819900,111
1629820800,130
1629821700,169
1629822600,95
1629823500,62
1629824400,61
1629825300,59
1629826200,73
1629827100,62
1629828000,54
1629828900,73
1629829800,60
1629830700,68
1629831600,70
1629832500,93
1629833400,56
1629834300,63
1629835200,60
1629836100,72
1629837000,43
1629837900,75
1629838800,74
1629839700,55
1629840600,36
1629841500,47
1629842400,57
1629843300,58
1629844200,55
1629845100,52
1629846000,47
1629846900,36
1629847800,44
1629848700,51
1629849600,44
1629850500,35
1629851400,53
1629852300,43
1629853200,45
1629854100,35
1629855000,74
1629855900,51
1629856800,53
1629857700,38
1629858600,54
1629859500,35
1629860400,44
1629861300,50
1629862200,53
1629863100,48
1629864000,98
1629864900,57
1629865800,42
1629866700,72
1629867600,214
1629868500,87
1629869400,300
1629870300,353
1629871200,347
1629872100,77
1629873000,59
1629873900,54
1629874800,57
1629875700,56
1629876600,46
1629877500,68
1629878400,51
1629879300,53
1629880200,59
1629881100,83
1629882000,66
1629882900,49
1629883800,77
1629884700,72
1629885600,75
1629886500,66
1629887400,90
1629888300,69
1629889200,135
1629890100,86
1629891000,110
1629891900,101
1629892800,88
1629893700,81
1629894600,77
1629895500,71
1629896400,86
1629897300,136
1629898200,84
1629899100,95
1629900000,96
1629900900,99
1629901800,76
1629902700,67
1629903600,84
1629904500,53
1629905400,64
1629906300,67
1629907200,67
1629908100,113
1629909000,102
1629909900,121
1629910800,110
1629911700,119
1629912600,137
1629913500,268
1629914400,500
1629915300,369
1629916200,324
1629917100,113
1629918000,108
1629918900,121
1629919800,144
1629920700,115
1629921600,115
1629922500,123
1629923400,89
1629924300,78
1629925200,88
1629926100,86
1629927000,79
1629927900,73
1629928800,82
1629929700,59
1629930600,52
1629931500,64
1629932400,58
1629933300,44
1629934200,39
1629935100,55
1629936000,45
1629936900,37
1629937800,48
1629938700,46
1629939600,43
1629940500,35
1629941400,50
1629942300,42
1629943200,34
1629944100,43
1629945000,43
1629945900,40
1629946800,47
1629947700,67
1629948600,62
1629949500,53
1629950400,56
1629951300,44
1629952200,42
1629953100,37
1629954000,206
1629954900,79
1629955800,92
1629956700,59
1629957600,157
1629958500,265
1629959400,647
1629960300,278
1629961200,211
1629962100,50
1629963000,233
1629963900,215
1629964800,186
1629965700,41
1629966600,89
1629967500,919
1629968400,977
1629969300,1026
1629970200,321
1629971100,538
1629972000,324
1629972900,256
1629973800,226
1629974700,122
1629975600,72
1629976500,67
1629977400,102
1629978300,95
1629979200,102
1629980100,151
1629981000,104
1629981900,120
1629982800,115
1629983700,143
1629984600,116
1629985500,142
1629986400,306
1629987300,167
1629988200,173
1629989100,160
1629990000,165
1629990900,162
1629991800,142
1629992700,222
1629993600,230
1629994500,210
1629995400,217
1629996300,212
1629997200,368
1629998100,227
1629999000,209
1629999900,209
1630000800,217
1630001700,212
1630002600,163
1630003500,185
1630004400,164
1630005300,175
1630006200,157
1630007100,147
1630008000,136
1630008900,142
1630009800,148
1630010700,119
1630011600,128
1630012500,142
1630013400,117
1630014300,101
1630015200,51
1630016100,48
1630017000,38
1630017900,54
1630018800,47
1630019700,46
1630020600,43
1630021500,56
1630022400,46
1630023300,39
1630024200,60
1630025100,40
1630026000,47
1630026900,60
1630027800,72
1630028700,53
1630029600,62
1630030500,70
1630031400,50
1630032300,43
1630033200,52
1630034100,49
1630035000,39
1630035900,47
1630036800,51
1630037700,46
1630038600,37
1630039500,65
1630040400,54
1630041300,205
1630042200,112
1630043100,200
1630044000,95
1630044900,101
1630045800,435
1630046700,626
1630047600,301
1630048500,126
1630049400,308
1630050300,119
1630051200,198
1630052100,484
1630053000,545
1630053900,413
1630054800,174
1630055700,124
1630056600,119
1630057500,213
1630058400,136
1630059300,198
1630060200,566
1630061100,220
1630062000,425
1630062900,136
1630063800,113
1630064700,153
1630065600,329
1630066500,771
1630067400,710
1630068300,687
1630069200,632
1630070100,155
1630071000,385
1630071900,424
1630072800,436
1630073700,142
1630074600,148
1630075500,133
1630076400,145
1630077300,158
1630078200,175
1630079100,159
1630080000,383
1630080900,204
1630081800,153
1630082700,151
1630083600,130
1630084500,148
1630085400,136
1630086300,127
1630087200,150
1630088100,143
1630089000,174
1630089900,262
1630090800,228
1630091700,196
1630092600,212
1630093500,79
1630094400,75
1630095300,91
1630096200,71
1630097100,58
1630098000,68
1630098900,60
1630099800,42
1630100700,59
1630101600,77
1630102500,91
1630103400,98
1630104300,65
1630105200,47
1630106100,52
1630107000,48
1630107900,46
1630108800,45
1630109700,54
1630110600,39
1630111500,62
1630112400,72
1630113300,57
1630114200,62
1630115100,66
1630116000,56
1630116900,37
1630117800,60
1630118700,42
1630119600,42
1630120500,54
1630121400,41
1630122300,57
1630123200,211
1630124100,73
1630125000,69
1630125900,87
1630126800,257
1630127700,290
1630128600,137
1630129500,110
1630130400,105
1630131300,161
1630132200,115
1630133100,95
1630134000,83
1630134900,97
1630135800,123
1630136700,346
1630137600,119
1630138500,293
1630139400,141
1630140300,180
1630141200,148
1630142100,582
1630143000,175
1630143900,551
1630144800,153
1630145700,126
1630146600,222
1630147500,264
1630148400,159
1630149300,140
1630150200,130
1630151100,109
1630152000,136
1630152900,113
1630153800,98
1630154700,99
1630155600,98
1630156500,106
1630157400,99
1630158300,123
1630159200,134
1630160100,224
1630161000,158
1630161900,160
1630162800,174
1630163700,138
1630164600,133
1630165500,182
1630166400,128
1630167300,121
1630168200,144
1630169100,148
1630170000,150
1630170900,167
1630171800,132
1630172700,159
1630173600,158
1630174500,163
1630175400,230
1630176300,252
1630177200,254
1630178100,199
1630179000,182
1630179900,99
1630180800,146
1630181700,166
1630182600,83
1630183500,69
1630184400,65
1630185300,79
1630186200,61
1630187100,71
1630188000,74
1630188900,66
1630189800,80
1630190700,93
1630191600,87
1630192500,77
1630193400,104
1630194300,75
1630195200,141
1630196100,72
1630197000,60
1630197900,56
1630198800,48
1630199700,58
1630200600,41
1630201500,50
1630202400,56
1630203300,54
1630204200,44
1630205100,61
1630206000,50
1630206900,48
1630207800,71
1630208700,66
1630209600,83
1630210500,71
1630211400,78
1630212300,58
1630213200,137
1630214100,215
1630215000,227
1630215900,381
1630216800,97
1630217700,115
1630218600,92
1630219500,94
1630220400,122
1630221300,493
1630222200,256
1630223100,175
1630224000,369
1630224900,386
1630225800,370
1630226700,305
1630227600,196
1630228500,261
1630229400,155
1630230300,161
1630231200,148
1630232100,142
1630233000,150
1630233900,143
1630234800,149
1630235700,244
1630236600,161
1630237500,186
1630238400,416
1630239300,415
1630240200,192
1630241100,204
1630242000,225
1630242900,185
1630243800,208
1630244700,249
1630245600,279
1630246500,288
1630247400,289
1630248300,286
1630249200,263
1630250100,239
1630251000,226
1630251900,323
1630252800,712
1630253700,254
1630254600,263
1630255500,246
1630256400,255
1630257300,289
1630258200,294
1630259100,294
1630260000,277
1630260900,267
1630261800,256
1630262700,261
1630263600,271
1630264500,466
1630265400,709
1630266300,514
1630267200,520
1630268100,235
1630269000,199
1630269900,232
1630270800,240
1630271700,209
1630272600,218
1630273500,175
1630274400,149
1630275300,92
1630276200,101
1630277100,93
1630278000,122
1630278900,124
1630279800,110
1630280700,116
1630281600,112
1630282500,133
1630283400,111
1630284300,115
1630285200,93
1630286100,109
1630287000,109
1630287900,102
1630288800,94
1630289700,98
1630290600,105
1630291500,111
1630292400,106
1630293300,122
1630294200,127
1630295100,112
1630296000,133
1630296900,105
1630297800,107
1630298700,102
1630299600,112
1630300500,128
1630301400,206
1630302300,134
1630303200,413
1630304100,152
1630305000,290
1630305900,177
1630306800,76
1630307700,86
1630308600,69
1630309500,95
1630310400,81
1630311300,78
1630312200,71
1630313100,94
1630314000,174
1630314900,215
1630315800,296
1630316700,223
1630317600,592
1630318500,446
1630319400,602
1630320300,256
1630321200,175
1630322100,98
1630323000,97
1630323900,123
1630324800,172
1630325700,159
1630326600,153
1630327500,160
1630328400,195
1630329300,169
1630330200,127
1630331100,130
1630332000,113
1630332900,92
1630333800,91
1630334700,94
1630335600,68
1630336500,68
1630337400,80
1630338300,87
1630339200,105
1630340100,84
1630341000,87
1630341900,76
1630342800,86
1630343700,82
1630344600,85
1630345500,63
1630346400,70
1630347300,76
1630348200,206
1630349100,168
1630350000,118
1630350900,109
1630351800,103
1630352700,110
1630353600,136
1630354500,123
1630355400,84
1630356300,84
1630357200,93
1630358100,101
1630359000,81
1630359900,73
1630360800,61
1630361700,60
1630362600,51
1630363500,52
1630364400,66
1630365300,45
1630366200,52
1630367100,40
1630368000,51
1630368900,56
1630369800,96
1630370700,71
1630371600,69
1630372500,56
1630373400,74
1630374300,78
1630375200,68
1630376100,61
1630377000,58
1630377900,67
1630378800,88
1630379700,111
1630380600,94
1630381500,94
1630382400,85
1630383300,91
1630384200,85
1630385100,67
1630386000,54
1630386900,200
1630387800,58
1630388700,84
1630389600,67
1630390500,61
1630391400,58
1630392300,91
1630393200,395
1630394100,548
1630395000,264
1630395900,120
1630396800,129
1630397700,113
1630398600,137
1630399500,123
1630400400,439
1630401300,124
1630402200,137
1630403100,147
1630404000,146
1630404900,130
1630405800,131
1630406700,132
1630407600,151
1630408500,163
1630409400,186
1630410300,173
1630411200,590
1630412100,257
1630413000,507
1630413900,105
1630414800,93
1630415700,126
1630416600,135
1630417500,178
1630418400,162
1630419300,236
1630420200,152
1630421100,142
1630422000,151
1630422900,108
1630423800,94
1630424700,81
1630425600,515
1630426500,627
1630427400,792
1630428300,494
1630429200,100
1630430100,98
1630431000,93
1630431900,116
1630432800,432
1630433700,695
1630434600,631
1630435500,336
1630436400,208
1630437300,148
1630438200,130
1630439100,80
1630440000,82
1630440900,65
1630441800,97
1630442700,88
1630443600,84
1630444500,46
1630445400,46
1630446300,46
1630447200,41
1630448100,60
1630449000,55
1630449900,49
1630450800,39
1630451700,50
1630452600,41
1630453500,63
1630454400,58
1630455300,43
1630456200,86
1630457100,80
1630458000,91
1630458900,97
1630459800,88
1630460700,69
1630461600,74
1630462500,53
1630463400,78
1630464300,72
1630465200,64
1630466100,58
1630467000,56
1630467900,72
1630468800,77
1630469700,95
1630470600,64
1630471500,93
1630472400,135
1630473300,90
1630474200,271
1630475100,141
1630476000,128
1630476900,128
1630477800,96
1630478700,117
1630479600,137
1630480500,114
1630481400,82
1630482300,65
1630483200,73
1630484100,61
1630485000,90
1630485900,73
1630486800,71
1630487700,61
1630488600,85
1630489500,84
1630490400,117
1630491300,97
1630492200,99
1630493100,163
1630494000,115
1630494900,117
1630495800,130
1630496700,119
1630497600,105
1630498500,110
1630499400,90
1630500300,118
1630501200,116
1630502100,108
1630503000,103
1630503900,103
1630504800,107
1630505700,111
1630506600,121
1630507500,101
1630508400,106
1630509300,95
1630510200,97
1630511100,103
1630512000,634
1630512900,294
1630513800,98
1630514700,135
1630515600,103
1630516500,112
1630517400,80
1630518300,80
1630519200,79
1630520100,62
1630521000,74
1630521900,76
1630522800,71
1630523700,59
1630524600,75
1630525500,154
1630526400,142
1630527300,115
1630528200,73
1630529100,67
1630530000,56
1630530900,66
1630531800,70
1630532700,95
1630533600,75
1630534500,73
1630535400,83
1630536300,74
1630537200,103
1630538100,85
1630539000,81
1630539900,67
1630540800,67
1630541700,69
1630542600,84
1630543500,71
1630544400,62
1630545300,67
1630546200,61
1630547100,70
1630548000,64
1630548900,53
1630549800,39
1630550700,47
1630551600,47
1630552500,64
1630553400,59
1630554300,52
1630555200,64
1630556100,54
1630557000,64
1630557900,73
1630558800,72
1630559700,45
1630560600,217
1630561500,66
1630562400,83
1630563300,163
1630564200,86
1630565100,515
1630566000,489
1630566900,668
1630567800,468
1630568700,462
1630569600,358
1630570500,399
1630571400,415
1630572300,596
1630573200,905
1630574100,695
1630575000,1094
1630575900,510
1630576800,901
1630577700,142
1630578600,154
1630579500,112
1630580400,117
1630581300,128
1630582200,129
1630583100,157
1630584000,186
1630584900,158
1630585800,202
1630586700,167
1630587600,117
1630588500,136
1630589400,114
1630590300,132
1630591200,129
1630592100,169
1630593000,180
1630593900,182
1630594800,172
1630595700,154
1630596600,125
1630597500,141
1630598400,153
1630599300,143
1630600200,130
1630601100,136
1630602000,132
1630602900,156
1630603800,163
1630604700,162
1630605600,175
1630606500,193
1630607400,209
1630608300,244
1630609200,217
1630610100,169
1630611000,134
1630611900,120
1630612800,117
1630613700,135
1630614600,133
1630615500,105
1630616400,114
1630617300,114
1630618200,105
1630619100,114
1630620000,108
1630620900,97
1630621800,98
1630622700,109
1630623600,120
1630624500,135
1630625400,131
1630626300,125
1630627200,118
1630628100,115
1630629000,117
1630629900,130
1630630800,101
1630631700,115
1630632600,139
1630633500,90
1630634400,92
1630635300,100
1630636200,77
1630637100,88
1630638000,54
1630638900,63
1630639800,65
1630640700,52
1630641600,46
1630642500,170
1630643400,102
1630644300,108
1630645200,106
1630646100,99
1630647000,108
1630647900,80
1630648800,110
1630649700,117
1630650600,130
1630651500,106
1630652400,157
1630653300,135
1630654200,123
1630655100,100
1630656000,95
1630656900,74
1630657800,82
1630658700,97
1630659600,189
1630660500,131
1630661400,160
1630662300,169
1630663200,167
1630664100,187
1630665000,182
1630665900,176
1630666800,155
1630667700,172
1630668600,165
1630669500,225
1630670400,264
1630671300,171
1630672200,152
1630673100,150
1630674000,142
1630674900,128
1630675800,96
1630676700,91
1630677600,150
1630678500,75
1630679400,88
1630680300,252
1630681200,121
1630682100,129
1630683000,136
1630683900,164
1630684800,164
1630685700,129
1630686600,131
1630687500,150
1630688400,152
1630689300,94
1630690200,127
1630691100,297
1630692000,161
1630692900,152
1630693800,190
1630694700,116
1630695600,131
1630696500,146
1630697400,148
1630698300,138
1630699200,126
1630700100,111
1630701000,121
1630701900,101
1630702800,86
1630703700,76
1630704600,68
1630705500,37
1630706400,60
1630707300,48
1630708200,46
1630709100,35
1630710000,46
1630710900,37
1630711800,64
1630712700,74
1630713600,71
1630714500,55
1630715400,66
1630716300,84
1630717200,81
1630718100,56
1630719000,44
1630719900,40
1630720800,42
1630721700,54
1630722600,55
1630723500,49
1630724400,47
1630725300,56
1630726200,56
1630727100,62
1630728000,246
1630728900,271
1630729800,205
1630730700,149
1630731600,150
1630732500,404
1630733400,347
1630734300,539
1630735200,189
1630736100,193
1630737000,94
1630737900,118
1630738800,265
1630739700,187
1630740600,83
1630741500,148
1630742400,112
1630743300,132
1630744200,465
1630745100,567
1630746000,189
1630746900,119
1630747800,130
1630748700,140
1630749600,131
1630750500,163
1630751400,289
1630752300,110
1630753200,115
1630754100,90
1630755000,79
1630755900,66
1630756800,77
1630757700,68
1630758600,85
1630759500,60
1630760400,66
1630761300,62
1630762200,114
1630763100,135
1630764000,455
1630764900,745
1630765800,246
1630766700,147
1630767600,158
1630768500,161
1630769400,165
1630770300,307
1630771200,159
1630772100,194
1630773000,716
1630773900,675
1630774800,192
1630775700,198
1630776600,206
1630777500,199
1630778400,198
1630779300,230
1630780200,516
1630781100,279
1630782000,529
1630782900,223
1630783800,161
1630784700,128
1630785600,116
1630786500,104
1630787400,85
1630788300,100
1630789200,76
1630790100,81
1630791000,73
1630791900,82
1630792800,88
1630793700,96
1630794600,80
1630795500,73
1630796400,114
1630797300,151
1630798200,147
1630799100,131
1630800000,127
1630800900,105
1630801800,113
1630802700,110
1630803600,123
1630804500,109
1630805400,99
1630806300,136
1630807200,115
1630808100,108
1630809000,112
1630809900,103
1630810800,94
1630811700,99
1630812600,100
1630813500,121
1630814400,134
1630815300,107
1630816200,108
1630817100,98
1630818000,131
1630818900,181
1630819800,244
1630820700,115
1630821600,239
1630822500,627
1630823400,917
1630824300,773
1630825200,626
1630826100,463
1630827000,224
1630827900,83
1630828800,76
1630829700,76
1630830600,46
1630831500,163
1630832400,259
1630833300,294
1630834200,247
1630835100,118
1630836000,111
1630836900,110
1630837800,122
1630838700,95
1630839600,80
1630840500,128
1630841400,136
1630842300,129
1630843200,107
1630844100,74
1630845000,77
1630845900,74
1630846800,161
1630847700,194
1630848600,129
1630849500,79
1630850400,82
1630851300,79
1630852200,222
1630853100,66
1630854000,93
1630854900,89
1630855800,111
1630856700,100
1630857600,117
1630858500,365
1630859400,99
1630860300,142
1630861200,139
1630862100,165
1630863000,138
1630863900,153
1630864800,410
1630865700,576
1630866600,410
1630867500,349
1630868400,224
1630869300,186
1630870200,182
1630871100,171
1630872000,125
1630872900,110
1630873800,92
1630874700,69
1630875600,122
1630876500,80
1630877400,77
1630878300,83
1630879200,102
1630880100,71
1630881000,54
1630881900,36
1630882800,47
1630883700,36
1630884600,58
1630885500,55
1630886400,42
1630887300,41
1630888200,67
1630889100,71
1630890000,89
1630890900,90
1630891800,88
1630892700,155
1630893600,113
1630894500,123
1630895400,122
1630896300,119
1630897200,106
1630898100,112
1630899000,103
1630899900,151
1630900800,111
1630901700,71
1630902600,66
1630903500,74
1630904400,89
1630905300,103
1630906200,80
1630907100,69
1630908000,69
1630908900,68
1630909800,614
1630910700,474
1630911600,443
1630912500,319
1630913400,368
1630914300,696
1630915200,493
1630916100,466
1630917000,832
1630917900,460
1630918800,361
1630919700,424
1630920600,561
1630921500,360
1630922400,355
1630923300,291
1630924200,432
1630925100,344
1630926000,336
1630926900,104
1630927800,101
1630928700,102
1630929600,122
1630930500,149
1630931400,167
1630932300,114
1630933200,171
1630934100,184
1630935000,179
1630935900,192
1630936800,172
1630937700,184
1630938600,139
1630939500,132
1630940400,130
1630941300,143
1630942200,116
1630943100,128
1630944000,119
1630944900,126
1630945800,128
1630946700,145
1630947600,214
1630948500,231
1630949400,156
1630950300,157
1630951200,183
1630952100,211
1630953000,195
1630953900,174
1630954800,276
1630955700,146
1630956600,179
1630957500,144
1630958400,142
1630959300,117
1630960200,147
1630961100,135
1630962000,115
1630962900,63
1630963800,97
1630964700,77
1630965600,72
1630966500,82
1630967400,90
1630968300,67
1630969200,76
1630970100,62
1630971000,72
1630971900,81
1630972800,94
1630973700,125
1630974600,136
1630975500,107
1630976400,106
1630977300,107
1630978200,71
1630979100,56
1630980000,63
1630980900,61
1630981800,70
1630982700,80
1630983600,60
1630984500,68
1630985400,72
1630986300,77
1630987200,124
1630988100,135
1630989000,100
1630989900,97
1630990800,171
1630991700,196
1630992600,75
1630993500,82
1630994400,60
1630995300,202
1630996200,95
1630997100,72
1630998000,335
1630998900,85
1630999800,90
1631000700,391
1631001600,159
1631002500,494
1631003400,208
1631004300,131
1631005200,142
1631006100,227
1631007000,378
1631007900,171
1631008800,174
1631009700,169
1631010600,129
1631011500,335
1631012400,139
1631013300,169
1631014200,145
1631015100,135
1631016000,123
1631016900,120
1631017800,125
1631018700,139
1631019600,134
1631020500,134
1631021400,133
1631022300,134
1631023200,616
1631024100,280
1631025000,660
1631025900,480
1631026800,206
1631027700,340
1631028600,328
1631029500,153
1631030400,349
1631031300,142
1631032200,205
1631033100,473
1631034000,564
1631034900,481
1631035800,436
1631036700,149
1631037600,563
1631038500,712
1631039400,721
1631040300,653
1631041200,168
1631042100,153
1631043000,173
1631043900,144
1631044800,131
1631045700,102
1631046600,89
1631047500,80
1631048400,70
1631049300,86
1631050200,91
1631051100,80
1631052000,75
1631052900,60
1631053800,89
1631054700,98
1631055600,80
1631056500,57
1631057400,68
1631058300,59
1631059200,87
1631060100,95
1631061000,96
1631061900,76
1631062800,65
1631063700,67
1631064600,63
1631065500,84
1631066400,63
1631067300,66
1631068200,62
1631069100,82
1631070000,93
1631070900,113
1631071800,90
1631072700,70
1631073600,58
1631074500,84
1631075400,93
1631076300,97
1631077200,165
1631078100,465
1631079000,917
1631079900,1056
1631080800,623
1631081700,516
1631082600,92
1631083500,66
1631084400,78
1631085300,73
1631086200,91
1631087100,119
1631088000,102
1631088900,136
1631089800,101
1631090700,76
1631091600,83
1631092500,118
1631093400,137
1631094300,144
1631095200,125
1631096100,141
1631097000,164
1631097900,160
1631098800,143
1631099700,265
1631100600,171
1631101500,267
1631102400,150
1631103300,143
1631104200,120
1631105100,104
1631106000,112
1631106900,112
1631107800,115
1631108700,112
1631109600,137
1631110500,127
1631111400,165
1631112300,144
1631113200,140
1631114100,121
1631115000,94
1631115900,148
1631116800,832
1631117700,448
1631118600,650
1631119500,102
1631120400,102
1631121300,116
1631122200,91
1631123100,78
1631124000,79
1631124900,114
1631125800,155
1631126700,153
1631127600,120
1631128500,116
1631129400,113
1631130300,96
1631131200,89
1631132100,68
1631133000,54
1631133900,40
1631134800,46
1631135700,49
1631136600,62
1631137500,49
1631138400,57
1631139300,63
1631140200,51
1631141100,60
1631142000,53
1631142900,48
1631143800,38
1631144700,49
1631145600,39
1631146500,67
1631147400,45
1631148300,48
1631149200,41
1631150100,46
1631151000,51
1631151900,62
1631152800,60
1631153700,62
1631154600,74
1631155500,166
1631156400,79
1631157300,90
1631158200,88
1631159100,80
1631160000,60
1631160900,142
1631161800,282
1631162700,65
1631163600,318
1631164500,54
1631165400,236
1631166300,109
1631167200,68
1631168100,234
1631169000,119
1631169900,45
1631170800,426
1631171700,170
1631172600,403
1631173500,160
1631174400,169
1631175300,629
1631176200,654
1631177100,293
1631178000,206
1631178900,132
1631179800,215
1631180700,155
1631181600,213
1631182500,1275
1631183400,1307
1631184300,1025
1631185200,510
1631186100,186
1631187000,185
1631187900,191
1631188800,156
1631189700,141
1631190600,645
1631191500,667
1631192400,665
1631193300,629
1631194200,156
1631195100,113
1631196000,124
1631196900,202
1631197800,160
1631198700,142
1631199600,142
1631200500,141
1631201400,151
1631202300,160
1631203200,127
1631204100,135
1631205000,124
1631205900,369
1631206800,486
1631207700,909
1631208600,359
1631209500,456
1631210400,186
1631211300,194
1631212200,199
1631213100,184
1631214000,177
1631214900,109
1631215800,112
1631216700,106
1631217600,111
1631218500,95
1631219400,90
1631220300,77
1631221200,86
1631222100,98
1631223000,79
1631223900,99
1631224800,88
1631225700,91
1631226600,91
1631227500,70
1631228400,37
1631229300,48
1631230200,40
1631231100,54
1631232000,61
1631232900,43
1631233800,44
1631234700,41
1631235600,48
1631236500,56
1631237400,69
1631238300,54
1631239200,63
1631240100,38
1631241000,57
1631241900,54
1631242800,46
1631243700,37
1631244600,55
1631245500,83
1631246400,269
1631247300,184
1631248200,173
1631249100,90
1631250000,80
1631250900,108
1631251800,111
1631252700,94
1631253600,80
1631254500,80
1631255400,74
1631256300,104
1631257200,134
1631258100,112
1631259000,105
1631259900,99
1631260800,106
1631261700,132
1631262600,101
1631263500,120
1631264400,134
1631265300,153
1631266200,155
1631267100,143
1631268000,150
1631268900,240
1631269800,189
1631270700,200
1631271600,207
1631272500,112
1631273400,80
1631274300,76
1631275200,185
1631276100,150
1631277000,168
1631277900,113
1631278800,86
1631279700,71
1631280600,98
1631281500,202
1631282400,81
1631283300,98
1631284200,107
1631285100,120
1631286000,141
1631286900,158
1631287800,226
1631288700,224
1631289600,186
1631290500,204
1631291400,185
1631292300,186
1631293200,180
1631294100,192
1631295000,190
1631295900,209
1631296800,196
1631297700,144
1631298600,139
1631299500,148
1631300400,146
1631301300,132
1631302200,108
1631303100,96
1631304000,97
1631304900,103
1631305800,106
1631306700,73
1631307600,83
1631308500,76
1631309400,51
1631310300,59
1631311200,64
1631312100,56
1631313000,66
1631313900,41
1631314800,63
1631315700,53
1631316600,48
1631317500,41
1631318400,49
1631319300,46
1631320200,66
1631321100,44
1631322000,45
1631322900,45
1631323800,45
1631324700,71
1631325600,67
1631326500,64
1631327400,42
1631328300,48
1631329200,50
1631330100,63
1631331000,40
1631331900,50
1631332800,199
1631333700,89
1631334600,122
1631335500,142
1631336400,276
1631337300,90
1631338200,163
1631339100,582
1631340000,190
1631340900,705
1631341800,112
1631342700,46
1631343600,63
1631344500,80
1631345400,110
1631346300,54
1631347200,280
1631348100,91
1631349000,83
1631349900,59
1631350800,58
1631351700,49
1631352600,69
1631353500,77
1631354400,109
1631355300,86
1631356200,95
1631357100,80
1631358000,80
1631358900,92
1631359800,414
1631360700,242
1631361600,114
1631362500,106
1631363400,102
1631364300,96
1631365200,74
1631366100,85
1631367000,84
1631367900,104
1631368800,100
1631369700,74
1631370600,63
1631371500,71
1631372400,63
1631373300,89
1631374200,70
1631375100,188
1631376000,247
1631376900,145
1631377800,161
1631378700,143
1631379600,139
1631380500,133
1631381400,256
1631382300,523
1631383200,365
1631384100,347
1631385000,122
1631385900,114
1631386800,122
1631387700,133
1631388600,161
1631389500,121
1631390400,514
1631391300,260
1631392200,205
1631393100,95
1631394000,84
1631394900,78
1631395800,82
1631396700,81
1631397600,102
1631398500,87
1631399400,80
1631400300,86
1631401200,95
1631402100,117
1631403000,96
1631403900,80
1631404800,67
1631405700,75
1631406600,73
1631407500,94
1631408400,71
1631409300,77
1631410200,69
1631411100,75
1631412000,84
1631412900,83
1631413800,115
1631414700,118
1631415600,112
1631416500,106
1631417400,106
1631418300,79
1631419200,61
1631420100,60
1631421000,61
1631421900,73
1631422800,76
1631423700,234
1631424600,216
1631425500,282
1631426400,421
1631427300,96
1631428200,119
1631429100,171
1631430000,347
1631430900,114
1631431800,148
1631432700,116
1631433600,106
1631434500,100
1631435400,168
1631436300,117
1631437200,133
1631438100,98
1631439000,130
1631439900,132
1631440800,140
1631441700,142
1631442600,143
1631443500,145
1631444400,92
1631445300,90
1631446200,104
1631447100,110
1631448000,95
1631448900,94
1631449800,91
1631450700,83
1631451600,625
1631452500,312
1631453400,174
1631454300,176
1631455200,165
1631456100,175
1631457000,298
1631457900,304
1631458800,182
1631459700,191
1631460600,156
1631461500,128
1631462400,106
1631463300,105
1631464200,114
1631465100,130
1631466000,180
1631466900,214
1631467800,179
1631468700,196
1631469600,176
1631470500,192
1631471400,203
1631472300,148
1631473200,127
1631474100,132
1631475000,165
1631475900,196
1631476800,158
1631477700,131
1631478600,119
1631479500,83
1631480400,80
1631481300,55
1631482200,54
1631483100,44
1631484000,54
1631484900,60
1631485800,66
1631486700,46
1631487600,54
1631488500,46
1631489400,70
1631490300,62
1631491200,69
1631492100,60
1631493000,64
1631493900,52
1631494800,71
1631495700,46
1631496600,103
1631497500,69
1631498400,76
1631499300,85
1631500200,76
1631501100,59
1631502000,64
1631502900,56
1631503800,83
1631504700,73
1631505600,683
1631506500,2189
1631507400,2200
1631508300,1936
1631509200,1448
1631510100,1379
1631511000,1096
1631511900,946
1631512800,1122
1631513700,152
1631514600,81
1631515500,86
1631516400,122
1631517300,131
1631518200,98
1631519100,105
1631520000,105
1631520900,128
1631521800,515
1631522700,431
1631523600,183
1631524500,160
1631525400,174
1631526300,201
1631527200,213
1631528100,265
1631529000,235
1631529900,247
1631530800,203
1631531700,195
1631532600,178
1631533500,186
1631534400,209
1631535300,207
1631536200,460
1631537100,212
1631538000,392
1631538900,152
1631539800,172
1631540700,158
1631541600,160
1631542500,166
1631543400,148
1631544300,190
1631545200,186
1631546100,88
1631547000,75
1631547900,72
1631548800,95
1631549700,95
1631550600,79
1631551500,64
1631552400,241
1631553300,188
1631554200,216
1631555100,193
1631556000,191
1631556900,162
1631557800,148
1631558700,181
1631559600,153
1631560500,128
1631561400,118
1631562300,112
1631563200,107
1631564100,131
1631565000,100
1631565900,95
1631566800,84
1631567700,94
1631568600,96
1631569500,72
1631570400,67
1631571300,160
1631572200,80
1631573100,84
1631574000,82
1631574900,74
1631575800,67
1631576700,67
1631577600,67
1631578500,71
1631579400,70
1631580300,51
1631581200,60
1631582100,51
1631583000,65
1631583900,66
1631584800,79
1631585700,67
1631586600,68
1631587500,49
1631588400,68
1631589300,59
1631590200,55
1631591100,51
1631592000,74
1631592900,90
1631593800,94
1631594700,84
1631595600,60
1631596500,65
1631597400,211
1631598300,279
1631599200,515
1631600100,193
1631601000,299
1631601900,84
1631602800,207
1631603700,337
1631604600,174
1631605500,371
1631606400,242
1631607300,760
1631608200,698
1631609100,841
1631610000,682
1631610900,496
1631611800,184
1631612700,200
1631613600,176
1631614500,191
1631615400,221
1631616300,193
1631617200,489
1631618100,739
1631619000,695
1631619900,617
1631620800,119
1631621700,105
1631622600,89
1631623500,109
1631624400,83
1631625300,83
1631626200,77
1631627100,83
1631628000,89
1631628900,98
1631629800,77
1631630700,81
1631631600,79
1631632500,90
1631633400,117
1631634300,98
1631635200,89
1631636100,145
1631637000,196
1631637900,217
1631638800,108
1631639700,97
1631640600,155
1631641500,211
1631642400,231
1631643300,240
1631644200,221
1631645100,161
1631646000,168
1631646900,162
1631647800,208
1631648700,157
1631649600,153
1631650500,146
1631651400,142
1631652300,162
1631653200,159
1631654100,128
1631655000,117
1631655900,73
1631656800,79
1631657700,90
1631658600,92
1631659500,75
1631660400,64
1631661300,57
1631662200,77
1631663100,80
1631664000,82
1631664900,60
1631665800,58
1631666700,45
1631667600,72
1631668500,50
1631669400,52
1631670300,45
1631671200,53
1631672100,61
1631673000,69
1631673900,60
1631674800,59
1631675700,85
1631676600,76
1631677500,95
1631678400,67
1631679300,66
1631680200,52
1631681100,198
1631682000,61
1631682900,78
1631683800,75
1631684700,110
1631685600,383
1631686500,652
1631687400,452
1631688300,269
1631689200,87
1631690100,320
1631691000,277
1631691900,211
1631692800,126
1631693700,237
1631694600,308
1631695500,337
1631696400,225
1631697300,336
1631698200,151
1631699100,525
1631700000,531
1631700900,304
1631701800,149
1631702700,156
1631703600,140
1631704500,157
1631705400,149
1631706300,183
1631707200,189
1631708100,130
1631709000,342
1631709900,671
1631710800,327
1631711700,161
1631712600,164
1631713500,343
1631714400,563
1631715300,434
1631716200,1056
1631717100,1137
1631718000,798
1631718900,716
1631719800,480
1631720700,2181
1631721600,2213
1631722500,2086
1631723400,1209
1631724300,1080
1631725200,1092
1631726100,1160
1631727000,1059
1631727900,899
1631728800,799
1631729700,1108
1631730600,349
1631731500,265
1631732400,282
1631733300,273
1631734200,258
1631735100,237
1631736000,258
1631736900,272
1631737800,251
1631738700,277
1631739600,248
1631740500,257
1631741400,296
1631742300,242
1631743200,94
1631744100,98
1631745000,95
1631745900,81
1631746800,92
1631747700,80
1631748600,54
1631749500,44
1631750400,53
1631751300,50
1631752200,72
1631753100,47
1631754000,54
1631754900,48
1631755800,49
1631756700,66
1631757600,80
1631758500,85
1631759400,71
1631760300,85
1631761200,80
1631762100,93
1631763000,49
1631763900,50
1631764800,43
1631765700,48
1631766600,58
1631767500,75
1631768400,235
1631769300,67
1631770200,254
1631771100,181
1631772000,233
1631772900,180
1631773800,204
1631774700,97
1631775600,60
1631776500,57
1631777400,83
1631778300,294
1631779200,471
1631780100,733
1631781000,917
1631781900,467
1631782800,717
1631783700,454
1631784600,162
1631785500,134
1631786400,123
1631787300,205
1631788200,102
1631789100,82
1631790000,109
1631790900,135
1631791800,171
1631792700,189
1631793600,663
1631794500,206
1631795400,599
1631796300,119
1631797200,124
1631798100,77
1631799000,74
1631799900,59
1631800800,68
1631801700,71
1631802600,114
1631803500,108
1631804400,184
1631805300,152
1631806200,147
1631807100,176
1631808000,191
1631808900,168
1631809800,158
1631810700,167
1631811600,155
1631812500,213
1631813400,176
1631814300,170
1631815200,166
1631816100,259
1631817000,184
1631817900,214
1631818800,208
1631819700,172
1631820600,166
1631821500,160
1631822400,149
1631823300,162
1631824200,138
1631825100,112
1631826000,111
1631826900,179
1631827800,125
1631828700,148
1631829600,109
1631830500,89
1631831400,81
1631832300,72
1631833200,86
1631834100,89
1631835000,81
1631835900,40
1631836800,50
1631837700,40
1631838600,59
1631839500,59
1631840400,50
1631841300,41
1631842200,47
1631843100,41
1631844000,80
1631844900,69
1631845800,64
1631846700,42
1631847600,49
1631848500,38
1631849400,68
1631850300,48
1631851200,231
1631852100,101
1631853000,319
1631853900,81
1631854800,106
1631855700,103
1631856600,68
1631857500,62
1631858400,61
1631859300,79
1631860200,98
1631861100,118
1631862000,119
1631862900,85
1631863800,76
1631864700,98
1631865600,72
1631866500,82
1631867400,79
1631868300,72
1631869200,74
1631870100,96
1631871000,87
1631871900,85
1631872800,168
1631873700,179
1631874600,137
1631875500,155
1631876400,139
1631877300,183
1631878200,145
1631879100,142
1631880000,89
1631880900,97
1631881800,72
1631882700,70
1631883600,63
1631884500,72
1631885400,78
1631886300,84
1631887200,62
1631888100,71
1631889000,61
1631889900,71
1631890800,79
1631891700,86
1631892600,80
1631893500,95
1631894400,117
1631895300,199
1631896200,179
1631897100,597
1631898000,723
1631898900,432
1631899800,626
1631900700,362
1631901600,215
1631902500,170
1631903400,189
1631904300,172
1631905200,161
1631906100,162
1631907000,159
1631907900,123
1631908800,115
1631909700,87
1631910600,95
1631911500,123
1631912400,122
1631913300,105
1631914200,113
1631915100,106
1631916000,116
1631916900,99
1631917800,77
1631918700,70
1631919600,74
1631920500,67
1631921400,68
1631922300,65
1631923200,58
1631924100,44
1631925000,49
1631925900,39
1631926800,58
1631927700,58
1631928600,49
1631929500,39
1631930400,49
1631931300,40
1631932200,60
1631933100,61
1631934000,63
1631934900,56
1631935800,53
1631936700,48
1631937600,268
1631938500,110
1631939400,208
1631940300,101
1631941200,236
1631942100,153
1631943000,136
1631943900,151
1631944800,83
1631945700,58
1631946600,99
1631947500,89
1631948400,114
1631949300,150
1631950200,55
1631951100,57
1631952000,53
1631952900,103
1631953800,212
1631954700,159
1631955600,68
1631956500,73
1631957400,133
1631958300,105
1631959200,237
1631960100,161
1631961000,334
1631961900,137
1631962800,121
1631963700,142
1631964600,511
1631965500,666
1631966400,646
1631967300,668
1631968200,686
1631969100,483
1631970000,564
1631970900,180
1631971800,120
1631972700,113
1631973600,133
1631974500,132
1631975400,134
1631976300,93
1631977200,81
1631978100,115
1631979000,149
1631979900,132
1631980800,131
1631981700,355
1631982600,1155
1631983500,803
1631984400,716
1631985300,472
1631986200,176
1631987100,588
1631988000,321
1631988900,221
1631989800,240
1631990700,211
1631991600,197
1631992500,149
1631993400,144
1631994300,347
1631995200,589
1631996100,205
1631997000,467
1631997900,53
1631998800,42
1631999700,70
1632000600,50
1632001500,51
1632002400,42
1632003300,60
1632004200,69
1632005100,81
1632006000,51
1632006900,47
1632007800,48
1632008700,68
1632009600,105
1632010500,101
1632011400,74
1632012300,66
1632013200,73
1632014100,66
1632015000,92
1632015900,71
1632016800,87
1632017700,79
1632018600,82
1632019500,65
1632020400,86
1632021300,64
1632022200,69
1632023100,60
1632024000,89
1632024900,251
1632025800,107
1632026700,76
1632027600,85
1632028500,255
1632029400,104
1632030300,135
1632031200,138
1632032100,113
1632033000,364
1632033900,166
1632034800,91
1632035700,109
1632036600,94
1632037500,94
1632038400,304
1632039300,352
1632040200,133
1632041100,174
1632042000,381
1632042900,483
1632043800,137
1632044700,119
1632045600,139
1632046500,223
1632047400,151
1632048300,124
1632049200,125
1632050100,118
1632051000,143
1632051900,151
1632052800,161
1632053700,171
1632054600,222
1632055500,605
1632056400,358
1632057300,443
1632058200,262
1632059100,269
1632060000,306
1632060900,247
1632061800,243
1632062700,327
1632063600,337
1632064500,327
1632065400,311
1632066300,283
1632067200,331
1632068100,312
1632069000,272
1632069900,305
1632070800,367
1632071700,331
1632072600,282
1632073500,283
1632074400,263
1632075300,303
1632076200,290
1632077100,342
1632078000,295
1632078900,345
1632079800,369
1632080700,363
1632081600,363
1632082500,316
1632083400,309
1632084300,295
1632085200,364
1632086100,315
1632087000,323
1632087900,298
1632088800,290
1632089700,295
1632090600,304
1632091500,312
1632092400,286
1632093300,294
1632094200,273
1632095100,338
1632096000,302
1632096900,301
1632097800,286
1632098700,257
1632099600,262
1632100500,256
1632101400,237
1632102300,222
1632103200,220
1632104100,217
1632105000,232
1632105900,230
1632106800,146
1632107700,69
1632108600,73
1632109500,90
1632110400,92
1632111300,67
1632112200,66
1632113100,59
1632114000,68
1632114900,69
1632115800,82
1632116700,58
1632117600,71
1632118500,73
1632119400,110
1632120300,634
1632121200,271
1632122100,510
1632123000,145
1632123900,106
1632124800,93
1632125700,249
1632126600,124
1632127500,96
1632128400,88
1632129300,104
1632130200,166
1632131100,139
1632132000,156
1632132900,129
1632133800,140
1632134700,134
1632135600,140
1632136500,110
1632137400,122
1632138300,113
1632139200,120
1632140100,130
1632141000,130
1632141900,112
1632142800,134
1632143700,135
1632144600,223
1632145500,170
1632146400,146
1632147300,174
1632148200,207
1632149100,173
1632150000,183
1632150900,195
1632151800,283
1632152700,211
1632153600,661
1632154500,413
1632155400,544
1632156300,338
1632157200,218
1632158100,239
1632159000,184
1632159900,210
1632160800,186
1632161700,177
1632162600,116
1632163500,124
1632164400,245
1632165300,142
1632166200,165
1632167100,149
1632168000,153
1632168900,148
1632169800,129
1632170700,109
1632171600,119
1632172500,98
1632173400,97
1632174300,83
1632175200,80
1632176100,72
1632177000,80
1632177900,59
1632178800,68
1632179700,61
1632180600,66
1632181500,50
1632182400,50
1632183300,57
1632184200,60
1632185100,40
1632186000,49
1632186900,39
1632187800,57
1632188700,58
1632189600,51
1632190500,39
1632191400,48
1632192300,43
1632193200,81
1632194100,72
1632195000,62
1632195900,55
1632196800,251
1632197700,183
1632198600,85
1632199500,43
1632200400,229
1632201300,165
1632202200,259
1632203100,133
1632204000,112
1632204900,74
1632205800,296
1632206700,128
1632207600,86
1632208500,96
1632209400,98
1632210300,87
1632211200,88
1632212100,87
1632213000,97
1632213900,104
1632214800,103
1632215700,117
1632216600,152
1632217500,145
1632218400,146
1632219300,143
1632220200,225
1632221100,153
1632222000,122
1632222900,122
1632223800,137
1632224700,127
1632225600,259
1632226500,240
1632227400,149
1632228300,155
1632229200,155
1632230100,134
1632231000,119
1632231900,186
1632232800,124
1632233700,141
1632234600,182
1632235500,168
1632236400,407
1632237300,561
1632238200,275
1632239100,546
1632240000,171
1632240900,361
1632241800,277
1632242700,370
1632243600,367
1632244500,187
1632245400,163
1632246300,170
1632247200,197
1632248100,198
1632249000,201
1632249900,196
1632250800,200
1632251700,193
1632252600,179
1632253500,176
1632254400,183
1632255300,164
1632256200,155
1632257100,145
1632258000,151
1632258900,151
1632259800,159
1632260700,135
1632261600,128
1632262500,102
1632263400,115
1632264300,124
1632265200,137
1632266100,121
1632267000,121
1632267900,96
1632268800,111
1632269700,114
1632270600,100
1632271500,87
1632272400,95
1632273300,86
1632274200,107
1632275100,102
1632276000,95
1632276900,86
1632277800,83
1632278700,88
1632279600,117
1632280500,96
1632281400,93
1632282300,100
1632283200,99
1632284100,95
1632285000,113
1632285900,77
1632286800,216
1632287700,338
1632288600,121
1632289500,564
1632290400,607
1632291300,397
1632292200,401
1632293100,137
1632294000,56
1632294900,62
1632295800,67
1632296700,51
1632297600,59
1632298500,51
1632299400,68
1632300300,74
1632301200,73
1632302100,66
1632303000,86
1632303900,68
1632304800,219
1632305700,188
1632306600,114
1632307500,124
1632308400,131
1632309300,127
1632310200,138
1632311100,314
1632312000,157
1632312900,181
1632313800,166
1632314700,403
1632315600,693
1632316500,465
1632317400,136
1632318300,147
1632319200,207
1632320100,208
1632321000,219
1632321900,149
1632322800,152
1632323700,655
1632324600,816
1632325500,857
1632326400,876
1632327300,1207
1632328200,850
1632329100,521
1632330000,279
1632330900,307
1632331800,263
1632332700,315
1632333600,280
1632334500,260
1632335400,170
1632336300,166
1632337200,219
1632338100,214
1632339000,223
1632339900,190
1632340800,163
1632341700,148
1632342600,136
1632343500,111
1632344400,119
1632345300,129
1632346200,132
1632347100,111
1632348000,96
1632348900,87
1632349800,96
1632350700,71
1632351600,72
1632352500,72
1632353400,98
1632354300,87
1632355200,66
1632356100,61
1632357000,60
1632357900,80
1632358800,56
1632359700,62
1632360600,53
1632361500,68
1632362400,70
1632363300,64
1632364200,52
1632365100,72
1632366000,60
1632366900,86
1632367800,85
1632368700,88
1632369600,71
1632370500,77
1632371400,101
1632372300,388
1632373200,802
1632374100,721
1632375000,308
1632375900,306
1632376800,77
1632377700,154
1632378600,87
1632379500,65
1632380400,73
1632381300,76
1632382200,165
1632383100,139
1632384000,140
1632384900,336
1632385800,620
1632386700,550
1632387600,737
1632388500,483
1632389400,694
1632390300,322
1632391200,191
1632392100,153
1632393000,142
1632393900,139
1632394800,150
1632395700,164
1632396600,175
1632397500,99
1632398400,120
1632399300,108
1632400200,111
1632401100,111
1632402000,122
1632402900,95
1632403800,94
1632404700,93
1632405600,90
1632406500,119
1632407400,144
1632408300,137
1632409200,309
1632410100,180
1632411000,162
1632411900,560
1632412800,206
1632413700,119
1632414600,107
1632415500,122
1632416400,119
1632417300,158
1632418200,171
1632419100,221
1632420000,246
1632420900,160
1632421800,160
1632422700,208
1632423600,186
1632424500,182
1632425400,163
1632426300,160
1632427200,149
1632428100,168
1632429000,127
1632429900,113
1632430800,111
1632431700,112
1632432600,107
1632433500,110
1632434400,80
1632435300,61
1632436200,77
1632437100,71
1632438000,75
1632438900,73
1632439800,55
1632440700,42
1632441600,50
1632442500,41
1632443400,59
1632444300,58
1632445200,54
1632446100,40
1632447000,51
1632447900,41
1632448800,60
1632449700,74
1632450600,67
1632451500,51
1632452400,48
1632453300,42
1632454200,67
1632455100,92
1632456000,201
1632456900,169
1632457800,101
1632458700,91
1632459600,102
1632460500,101
1632461400,61
1632462300,49
1632463200,58
1632464100,49
1632465000,77
1632465900,64
1632466800,62
1632467700,51
1632468600,61
1632469500,75
1632470400,108
1632471300,115
1632472200,85
1632473100,56
1632474000,52
1632474900,41
1632475800,81
1632476700,71
1632477600,104
1632478500,152
1632479400,200
1632480300,167
1632481200,155
1632482100,145
1632483000,129
1632483900,126
1632484800,119
1632485700,169
1632486600,180
1632487500,142
1632488400,122
1632489300,102
1632490200,99
1632491100,83
1632492000,90
1632492900,86
1632493800,76
1632494700,169
1632495600,92
1632496500,117
1632497400,127
1632498300,101
1632499200,96
1632500100,126
1632501000,126
1632501900,168
1632502800,164
1632503700,439
1632504600,465
1632505500,422
1632506400,260
1632507300,237
1632508200,180
1632509100,166
1632510000,156
1632510900,154
1632511800,157
1632512700,162
1632513600,123
1632514500,131
1632515400,107
1632516300,117
1632517200,136
1632518100,136
1632519000,107
1632519900,108
1632520800,101
1632521700,106
1632522600,80
1632523500,62
1632524400,44
1632525300,51
1632526200,43
1632527100,61
1632528000,58
1632528900,51
1632529800,40
1632530700,63
1632531600,58
1632532500,80
1632533400,54
1632534300,50
1632535200,41
1632536100,50
1632537000,44
1632537900,68
1632538800,49
1632539700,49
1632540600,48
1632541500,215
1632542400,78
1632543300,143
1632544200,130
1632545100,366
1632546000,204
1632546900,104
1632547800,101
1632548700,105
1632549600,233
1632550500,98
1632551400,77
1632552300,88
1632553200,119
1632554100,186
1632555000,168
1632555900,116
1632556800,102
1632557700,105
1632558600,118
1632559500,375
1632560400,237
1632561300,635
1632562200,185
1632563100,137
1632564000,321
1632564900,399
1632565800,126
1632566700,142
1632567600,136
1632568500,141
1632569400,112
1632570300,315
1632571200,158
1632572100,130
1632573000,366
1632573900,138
1632574800,115
1632575700,236
1632576600,210
1632577500,117
1632578400,113
1632579300,139
1632580200,120
1632581100,130
1632582000,136
1632582900,139
1632583800,96
1632584700,130
1632585600,171
1632586500,157
1632587400,139
1632588300,376
1632589200,384
1632590100,295
1632591000,331
1632591900,330
1632592800,218
1632593700,507
1632594600,765
1632595500,570
1632596400,386
1632597300,283
1632598200,223
1632599100,240
1632600000,184
1632600900,192
1632601800,135
1632602700,142
1632603600,107
1632604500,122
1632605400,105
1632606300,84
1632607200,55
1632608100,54
1632609000,50
1632609900,58
1632610800,61
1632611700,44
1632612600,44
1632613500,44
1632614400,56
1632615300,62
1632616200,46
1632617100,43
1632618000,54
1632618900,68
1632619800,79
1632620700,50
1632621600,47
1632622500,41
1632623400,47
1632624300,60
1632625200,57
1632626100,41
1632627000,45
1632627900,51
1632628800,83
1632629700,175
1632630600,279
1632631500,318
1632632400,118
1632633300,938
1632634200,956
1632635100,791
1632636000,595
1632636900,303
1632637800,74
1632638700,75
1632639600,117
1632640500,261
1632641400,99
1632642300,242
1632643200,405
1632644100,240
1632645000,122
1632645900,149
1632646800,185
1632647700,161
1632648600,256
1632649500,151
1632650400,344
1632651300,436
1632652200,467
1632653100,144
1632654000,151
1632654900,147
1632655800,146
1632656700,160
1632657600,148
1632658500,153
1632659400,154
1632660300,173
1632661200,288
1632662100,264
1632663000,285
1632663900,264
1632664800,304
1632665700,248
1632666600,249
1632667500,252
1632668400,265
1632669300,249
1632670200,262
1632671100,263
1632672000,249
1632672900,324
1632673800,514
1632674700,598
1632675600,468
1632676500,410
1632677400,399
1632678300,423
1632679200,402
1632680100,386
1632681000,334
1632681900,342
1632682800,348
1632683700,366
1632684600,349
1632685500,344
1632686400,353
1632687300,449
1632688200,392
1632689100,330
1632690000,347
1632690900,305
1632691800,326
1632692700,324
1632693600,284
1632694500,255
1632695400,280
1632696300,631
1632697200,168
1632698100,354
1632699000,127
1632699900,167
1632700800,127
1632701700,104
1632702600,90
1632703500,87
1632704400,91
1632705300,93
1632706200,105
1632707100,94
1632708000,87
1632708900,87
1632709800,93
1632710700,198
1632711600,136
1632712500,99
1632713400,82
1632714300,88
1632715200,95
1632716100,108
1632717000,81
1632717900,92
1632718800,81
1632719700,98
1632720600,121
1632721500,99
1632722400,80
1632723300,96
1632724200,137
1632725100,131
1632726000,104
1632726900,153
1632727800,244
1632728700,545
1632729600,104
1632730500,170
1632731400,831
1632732300,409
1632733200,143
1632734100,185
1632735000,591
1632735900,442
1632736800,391
1632737700,161
1632738600,151
1632739500,201
1632740400,134
1632741300,128
1632742200,120
1632743100,127
1632744000,192
1632744900,322
1632745800,231
1632746700,250
1632747600,161
1632748500,121
1632749400,102
1632750300,113
1632751200,125
1632752100,163
1632753000,160
1632753900,157
1632754800,153
1632755700,219
1632756600,180
1632757500,169
1632758400,157
1632759300,158
1632760200,152
1632761100,273
1632762000,169
1632762900,212
1632763800,202
1632764700,192
1632765600,194
1632766500,206
1632767400,191
1632768300,203
1632769200,231
1632770100,180
1632771000,175
1632771900,138
1632772800,126
1632773700,113
1632774600,110
1632775500,95
1632776400,114
1632777300,112
1632778200,108
1632779100,95
1632780000,66
1632780900,58
1632781800,78
1632782700,75
1632783600,76
1632784500,75
1632785400,84
1632786300,62
1632787200,82
1632788100,103
1632789000,67
1632789900,58
1632790800,67
1632791700,57
1632792600,81
1632793500,74
1632794400,66
1632795300,59
1632796200,66
1632797100,59
1632798000,89
1632798900,2003
1632799800,2144
1632800700,887
1632801600,1709
1632802500,2342
1632803400,988
1632804300,1134
1632805200,141
1632806100,666
1632807000,403
1632807900,525
1632808800,416
1632809700,134
1632810600,182
1632811500,288
1632812400,82
1632813300,75
1632814200,81
1632815100,86
1632816000,71
1632816900,75
1632817800,72
1632818700,86
1632819600,473
1632820500,327
1632821400,162
1632822300,629
1632823200,699
1632824100,240
1632825000,192
1632825900,192
1632826800,172
1632827700,178
1632828600,175
1632829500,147
1632830400,181
1632831300,205
1632832200,300
1632833100,389
1632834000,418
1632834900,153
1632835800,157
1632836700,111
1632837600,94
1632838500,95
1632839400,83
1632840300,92
1632841200,103
1632842100,79
1632843000,892
1632843900,1256
1632844800,1237
1632845700,1198
1632846600,888
1632847500,167
1632848400,163
1632849300,173
1632850200,175
1632851100,142
1632852000,181
1632852900,148
1632853800,140
1632854700,133
1632855600,148
1632856500,162
1632857400,194
1632858300,276
1632859200,135
1632860100,123
1632861000,120
1632861900,114
1632862800,124
1632863700,88
1632864600,98
1632865500,90
1632866400,75
1632867300,71
1632868200,71
1632869100,53
1632870000,63
1632870900,66
1632871800,75
1632872700,72
1632873600,56
1632874500,42
1632875400,49
1632876300,41
1632877200,57
1632878100,59
1632879000,54
1632879900,42
1632880800,50
1632881700,41
1632882600,58
1632883500,59
1632884400,51
1632885300,57
1632886200,66
1632887100,58
1632888000,67
1632888900,62
1632889800,97
1632890700,172
1632891600,452
1632892500,71
1632893400,78
1632894300,70
1632895200,69
1632896100,137
1632897000,67
1632897900,57
1632898800,94
1632899700,734
1632900600,891
1632901500,1041
1632902400,650
1632903300,478
1632904200,674
1632905100,557
1632906000,305
1632906900,91
1632907800,96
1632908700,117
1632909600,152
1632910500,880
1632911400,510
1632912300,698
1632913200,131
1632914100,125
1632915000,157
1632915900,126
1632916800,239
1632917700,131
1632918600,177
1632919500,186
1632920400,195
1632921300,159
1632922200,145
1632923100,142
1632924000,138
1632924900,169
1632925800,150
1632926700,197
1632927600,160
1632928500,170
1632929400,156
1632930300,181
1632931200,190
1632932100,200
1632933000,182
1632933900,169
1632934800,159
1632935700,186
1632936600,271
1632937500,283
1632938400,315
1632939300,284
1632940200,280
1632941100,282
1632942000,199
1632942900,202
1632943800,155
1632944700,158
1632945600,162
1632946500,157
1632947400,125
1632948300,126
1632949200,120
1632950100,103
1632951000,92
1632951900,86
1632952800,84
1632953700,76
1632954600,74
1632955500,106
1632956400,88
1632957300,59
1632958200,46
1632959100,55
1632960000,51
1632960900,70
1632961800,56
1632962700,54
1632963600,47
1632964500,57
1632965400,65
1632966300,69
1632967200,49
1632968100,53
1632969000,62
1632969900,67
1632970800,79
1632971700,62
1632972600,48
1632973500,49
1632974400,53
1632975300,68
1632976200,82
1632977100,233
1632978000,217
1632978900,106
1632979800,95
1632980700,68
1632981600,71
1632982500,46
1632983400,45
1632984300,43
1632985200,48
1632986100,60
1632987000,57
1632987900,42
1632988800,50
1632989700,40
1632990600,55
1632991500,57
1632992400,52
1632993300,40
1632994200,75
1632995100,83
1632996000,107
1632996900,302
1632997800,210
1632998700,101
1632999600,123
1633000500,115
1633001400,115
1633002300,91
1633003200,89
1633004100,129
1633005000,125
1633005900,100
1633006800,122
1633007700,113
1633008600,519
1633009500,155
1633010400,448
1633011300,78
1633012200,86
1633013100,74
1633014000,106
1633014900,126
1633015800,122
1633016700,129
1633017600,137
1633018500,148
1633019400,160
1633020300,191
1633021200,237
1633022100,273
1633023000,253
1633023900,294
1633024800,295
1633025700,251
1633026600,263
1633027500,261
1633028400,223
1633029300,192
1633030200,179
1633031100,177
1633032000,164
1633032900,149
1633033800,146
1633034700,139
1633035600,125
1633036500,132
1633037400,129
1633038300,117
1633039200,52
1633040100,50
1633041000,58
1633041900,58
1633042800,52
1633043700,48
1633044600,41
1633045500,51
1633046400,69
1633047300,48
1633048200,50
1633049100,66
1633050000,58
1633050900,74
1633051800,74
1633052700,47
1633053600,46
1633054500,51
1633055400,44
1633056300,62
1633057200,62
1633058100,45
1633059000,44
1633059900,53
1633060800,175
1633061700,202
1633062600,407
1633063500,102
1633064400,132
1633065300,397
1633066200,149
1633067100,123
1633068000,102
1633068900,112
1633069800,111
1633070700,102
1633071600,106
1633072500,94
1633073400,88
1633074300,75
1633075200,112
1633076100,98
1633077000,113
1633077900,100
1633078800,109
1633079700,85
1633080600,130
1633081500,166
1633082400,165
1633083300,166
1633084200,167
1633085100,163
1633086000,207
1633086900,167
1633087800,135
1633088700,143
1633089600,137
1633090500,117
1633091400,136
1633092300,244
1633093200,253
1633094100,166
1633095000,142
1633095900,106
1633096800,109
1633097700,116
1633098600,126
1633099500,148
1633100400,140
1633101300,150
1633102200,157
1633103100,153
1633104000,144
1633104900,182
1633105800,164
1633106700,156
1633107600,172
1633108500,136
1633109400,120
1633110300,110
1633111200,120
1633112100,117
1633113000,308
1633113900,131
1633114800,104
1633115700,105
1633116600,111
1633117500,108
1633118400,122
1633119300,95
1633120200,88
1633121100,93
1633122000,90
1633122900,114
1633123800,90
1633124700,85
1633125600,84
1633126500,48
1633127400,51
1633128300,61
1633129200,59
1633130100,47
1633131000,46
1633131900,49
1633132800,48
1633133700,68
1633134600,45
1633135500,48
1633136400,49
1633137300,41
1633138200,80
1633139100,73
1633140000,65
1633140900,46
1633141800,46
1633142700,49
1633143600,60
1633144500,59
1633145400,42
1633146300,84
1633147200,231
1633148100,135
1633149000,112
1633149900,103
1633150800,139
1633151700,678
1633152600,313
1633153500,541
1633154400,258
1633155300,120
1633156200,190
1633157100,178
1633158000,187
1633158900,110
1633159800,144
1633160700,130
1633161600,193
1633162500,86
1633163400,105
1633164300,101
1633165200,98
1633166100,85
1633167000,122
1633167900,120
1633168800,148
1633169700,238
1633170600,217
1633171500,150
1633172400,164
1633173300,170
1633174200,156
1633175100,152
1633176000,129
1633176900,204
1633177800,217
1633178700,197
1633179600,236
1633180500,175
1633181400,176
1633182300,181
1633183200,175
1633184100,281
1633185000,273
1633185900,153
1633186800,123
1633187700,181
1633188600,132
1633189500,156
1633190400,146
1633191300,176
1633192200,216
1633193100,151
1633194000,181
1633194900,167
1633195800,156
1633196700,609
1633197600,290
1633198500,208
1633199400,186
1633200300,167
1633201200,121
1633202100,98
1633203000,104
1633203900,103
1633204800,112
1633205700,98
1633206600,95
1633207500,88
1633208400,82
1633209300,85
1633210200,86
1633211100,76
1633212000,69
1633212900,76
1633213800,67
1633214700,95
1633215600,77
1633216500,76
1633217400,68
1633218300,77
1633219200,93
1633220100,84
1633221000,54
1633221900,68
1633222800,58
1633223700,60
1633224600,56
1633225500,63
1633226400,42
1633227300,84
1633228200,87
1633229100,61
1633230000,65
1633230900,59
1633231800,42
1633232700,51
1633233600,41
1633234500,60
1633235400,58
1633236300,52
1633237200,43
1633238100,50
1633239000,55
1633239900,100
1633240800,174
1633241700,376
1633242600,608
1633243500,392
1633244400,746
1633245300,354
1633246200,611
1633247100,698
1633248000,519
1633248900,417
1633249800,665
1633250700,780
1633251600,354
1633252500,128
1633253400,143
1633254300,170
1633255200,131
1633256100,178
1633257000,829
1633257900,540
1633258800,316
1633259700,300
1633260600,357
1633261500,151
1633262400,159
1633263300,139
1633264200,152
1633265100,475
1633266000,669
1633266900,741
1633267800,547
1633268700,697
1633269600,242
1633270500,256
1633271400,227
1633272300,233
1633273200,245
1633274100,407
1633275000,834
1633275900,843
1633276800,717
1633277700,195
1633278600,155
1633279500,159
1633280400,198
1633281300,184
1633282200,183
1633283100,229
1633284000,265
1633284900,216
1633285800,208
1633286700,163
1633287600,180
1633288500,173
1633289400,191
1633290300,184
1633291200,177
1633292100,163
1633293000,203
1633293900,176
1633294800,194
1633295700,118
1633296600,57
1633297500,44
1633298400,45
1633299300,39
1633300200,63
1633301100,45
1633302000,45
1633302900,39
1633303800,60
1633304700,62
1633305600,77
1633306500,42
1633307400,52
1633308300,66
1633309200,64
1633310100,70
1633311000,72
1633311900,53
1633312800,60
1633313700,52
1633314600,61
1633315500,68
1633316400,66
1633317300,51
1633318200,57
1633319100,51
1633320000,78
1633320900,89
1633321800,101
1633322700,114
1633323600,111
1633324500,101
1633325400,120
1633326300,118
1633327200,107
1633328100,106
1633329000,269
1633329900,353
1633330800,85
1633331700,387
1633332600,653
1633333500,361
1633334400,148
1633335300,136
1633336200,311
1633337100,202
1633338000,360
1633338900,188
1633339800,477
1633340700,333
1633341600,421
1633342500,145
1633343400,136
1633344300,129
1633345200,133
1633346100,138
1633347000,146
1633347900,189
1633348800,125
1633349700,122
1633350600,125
1633351500,476
1633352400,548
1633353300,283
1633354200,138
1633355100,158
1633356000,168
1633356900,181
1633357800,178
1633358700,174
1633359600,162
1633360500,184
1633361400,183
1633362300,233
1633363200,261
1633364100,205
1633365000,185
1633365900,196
1633366800,190
1633367700,232
1633368600,315
1633369500,300
1633370400,274
1633371300,263
1633372200,240
1633373100,230
1633374000,198
1633374900,197
1633375800,183
1633376700,300
1633377600,158
1633378500,214
1633379400,133
1633380300,135
1633381200,104
1633382100,81
1633383000,85
1633383900,76
1633384800,62
1633385700,80
1633386600,48
1633387500,65
1633388400,63
1633389300,55
1633390200,45
1633391100,49
1633392000,39
1633392900,60
1633393800,55
1633394700,59
1633395600,55
1633396500,63
1633397400,42
1633398300,62
1633399200,52
1633400100,47
1633401000,39
1633401900,46
1633402800,37
1633403700,63
1633404600,52
1633405500,63
1633406400,64
1633407300,62
1633408200,46
1633409100,65
1633410000,48
1633410900,77
1633411800,219
1633412700,67
1633413600,143
1633414500,113
1633415400,97
1633416300,267
1633417200,780
1633418100,748
1633419000,676
1633419900,666
1633420800,358
1633421700,119
1633422600,97
1633423500,107
1633424400,97
1633425300,120
1633426200,112
1633427100,483
1633428000,936
1633428900,379
1633429800,165
1633430700,494
1633431600,303
1633432500,498
1633433400,120
1633434300,115
1633435200,122
1633436100,267
1633437000,135
1633437900,128
1633438800,144
1633439700,154
1633440600,150
1633441500,217
1633442400,345
1633443300,522
1633444200,472
1633445100,442
1633446000,156
1633446900,166
1633447800,150
1633448700,320
1633449600,156
1633450500,140
1633451400,125
1633452300,192
1633453200,199
1633454100,286
1633455000,267
1633455900,296
1633456800,321
1633457700,346
1633458600,302
1633459500,266
1633460400,274
1633461300,213
1633462200,204
1633463100,222
1633464000,204
1633464900,143
1633465800,122
1633466700,98
1633467600,118
1633468500,117
1633469400,86
1633470300,81
1633471200,88
1633472100,82
1633473000,87
1633473900,78
1633474800,70
1633475700,62
1633476600,67
1633477500,63
1633478400,80
1633479300,77
1633480200,64
1633481100,66
1633482000,63
1633482900,67
1633483800,79
1633484700,79
1633485600,72
1633486500,86
1633487400,78
1633488300,77
1633489200,76
1633490100,77
1633491000,60
1633491900,1307
1633492800,2105
1633493700,2108
1633494600,1708
1633495500,1049
1633496400,1080
1633497300,1252
1633498200,893
1633499100,1083
1633500000,272
1633500900,71
1633501800,44
1633502700,86
1633503600,75
1633504500,94
1633505400,91
1633506300,87
1633507200,89
1633508100,836
1633509000,1047
1633509900,699
1633510800,319
1633511700,189
1633512600,610
1633513500,211
1633514400,520
1633515300,139
1633516200,215
1633517100,132
1633518000,147
1633518900,787
1633519800,745
1633520700,682
1633521600,685
1633522500,413
1633523400,118
1633524300,99
1633525200,127
1633526100,277
1633527000,164
1633527900,228
1633528800,152
1633529700,137
1633530600,149
1633531500,145
1633532400,160
1633533300,125
1633534200,127
1633535100,128
1633536000,174
1633536900,150
1633537800,165
1633538700,154
1633539600,175
1633540500,174
1633541400,208
1633542300,228
1633543200,226
1633544100,256
1633545000,237
1633545900,228
1633546800,215
1633547700,191
1633548600,145
1633549500,164
1633550400,131
1633551300,130
1633552200,107
1633553100,128
1633554000,106
1633554900,109
1633555800,85
1633556700,72
1633557600,54
1633558500,69
1633559400,49
1633560300,67
1633561200,58
1633562100,66
1633563000,49
1633563900,68
1633564800,46
1633565700,50
1633566600,43
1633567500,51
1633568400,51
1633569300,69
1633570200,43
1633571100,52
1633572000,42
1633572900,54
1633573800,54
1633574700,70
1633575600,42
1633576500,68
1633577400,59
1633578300,65
1633579200,54
1633580100,66
1633581000,42
1633581900,68
1633582800,77
1633583700,231
1633584600,362
1633585500,483
1633586400,373
1633587300,90
1633588200,60
1633589100,62
1633590000,115
1633590900,112
1633591800,79
1633592700,74
1633593600,67
1633594500,72
1633595400,65
1633596300,68
1633597200,52
1633598100,61
1633599000,65
1633599900,79
1633600800,86
1633601700,181
1633602600,88
1633603500,100
1633604400,92
1633605300,94
1633606200,89
1633607100,107
1633608000,79
1633608900,90
1633609800,73
1633610700,80
1633611600,90
1633612500,90
1633613400,64
1633614300,70
1633615200,70
1633616100,75
1633617000,77
1633617900,76
1633618800,58
1633619700,69
1633620600,67
1633621500,112
1633622400,127
1633623300,137
1633624200,141
1633625100,305
1633626000,201
1633626900,135
1633627800,128
1633628700,135
1633629600,223
1633630500,677
1633631400,177
1633632300,575
1633633200,143
1633634100,140
1633635000,126
1633635900,139
1633636800,137
1633637700,165
1633638600,153
1633639500,94
1633640400,63
1633641300,75
1633642200,61
1633643100,80
1633644000,77
1633644900,70
1633645800,58
1633646700,68
1633647600,58
1633648500,82
1633649400,74
1633650300,70
1633651200,61
1633652100,70
1633653000,63
1633653900,98
1633654800,92
1633655700,86
1633656600,68
1633657500,73
1633658400,63
1633659300,90
1633660200,74
1633661100,71
1633662000,61
1633662900,68
1633663800,65
1633664700,94
1633665600,218
1633666500,204
1633667400,136
1633668300,136
1633669200,118
1633670100,148
1633671000,133
1633671900,135
1633672800,109
1633673700,109
1633674600,100
1633675500,97
1633676400,66
1633677300,52
1633678200,44
1633679100,47
1633680000,69
1633680900,214
1633681800,72
1633682700,268
1633683600,188
1633684500,295
1633685400,182
1633686300,184
1633687200,164
1633688100,158
1633689000,129
1633689900,135
1633690800,143
1633691700,153
1633692600,118
1633693500,142
1633694400,148
1633695300,127
1633696200,145
1633697100,111
1633698000,92
1633698900,101
1633699800,518
1633700700,342
1633701600,168
1633702500,164
1633703400,147
1633704300,150
1633705200,130
1633706100,151
1633707000,174
1633707900,151
1633708800,141
1633709700,153
1633710600,195
1633711500,188
1633712400,206
1633713300,211
1633714200,186
1633715100,163
1633716000,200
1633716900,218
1633717800,207
1633718700,192
1633719600,166
1633720500,136
1633721400,103
1633722300,151
1633723200,137
1633724100,103
1633725000,141
1633725900,170
1633726800,129
1633727700,158
1633728600,129
1633729500,77
1633730400,61
1633731300,70
1633732200,60
1633733100,86
1633734000,68
1633734900,65
1633735800,58
1633736700,68
1633737600,62
1633738500,85
1633739400,65
1633740300,65
1633741200,59
1633742100,67
1633743000,79
1633743900,102
1633744800,78
1633745700,68
1633746600,60
1633747500,66
1633748400,68
1633749300,82
1633750200,60
1633751100,76
1633752000,216
1633752900,117
1633753800,598
1633754700,287
1633755600,543
1633756500,316
1633757400,162
1633758300,265
1633759200,148
1633760100,158
1633761000,117
1633761900,160
1633762800,212
1633763700,92
1633764600,121
1633765500,87
1633766400,92
1633767300,80
1633768200,141
1633769100,377
1633770000,106
1633770900,101
1633771800,103
1633772700,82
1633773600,99
1633774500,236
1633775400,186
1633776300,169
1633777200,381
1633778100,208
1633779000,144
1633779900,223
1633780800,568
1633781700,272
1633782600,154
1633783500,130
1633784400,137
1633785300,307
1633786200,150
1633787100,128
1633788000,116
1633788900,104
1633789800,113
1633790700,116
1633791600,149
1633792500,181
1633793400,951
1633794300,797
1633795200,1023
1633796100,317
1633797000,195
1633797900,165
1633798800,133
1633799700,124
1633800600,134
1633801500,128
1633802400,197
1633803300,147
1633804200,141
1633805100,127
1633806000,136
1633806900,147
1633807800,147
1633808700,114
1633809600,130
1633810500,113
1633811400,113
1633812300,104
1633813200,73
1633814100,50
1633815000,60
1633815900,52
1633816800,59
1633817700,67
1633818600,73
1633819500,49
1633820400,89
1633821300,65
1633822200,69
1633823100,77
1633824000,81
1633824900,77
1633825800,84
1633826700,69
1633827600,67
1633828500,74
1633829400,74
1633830300,56
1633831200,65
1633832100,55
1633833000,66
1633833900,78
1633834800,75
1633835700,583
1633836600,2113
1633837500,2123
1633838400,1719
1633839300,1251
1633840200,1089
1633841100,1100
1633842000,1098
1633842900,910
1633843800,1213
1633844700,146
1633845600,456
1633846500,90
1633847400,743
1633848300,761
1633849200,668
1633850100,256
1633851000,103
1633851900,75
1633852800,77
1633853700,95
1633854600,308
1633855500,91
1633856400,164
1633857300,104
1633858200,84
1633859100,97
1633860000,76
1633860900,90
1633861800,80
1633862700,68
1633863600,70
1633864500,68
1633865400,74
1633866300,89
1633867200,84
1633868100,68
1633869000,80
1633869900,93
1633870800,102
1633871700,111
1633872600,112
1633873500,100
1633874400,138
1633875300,185
1633876200,197
1633877100,330
1633878000,136
1633878900,248
1633879800,526
1633880700,516
1633881600,381
1633882500,235
1633883400,258
1633884300,236
1633885200,251
1633886100,199
1633887000,245
1633887900,187
1633888800,201
1633889700,174
1633890600,192
1633891500,164
1633892400,215
1633893300,130
1633894200,109
1633895100,86
1633896000,79
1633896900,63
1633897800,50
1633898700,62
1633899600,58
1633900500,42
1633901400,48
1633902300,43
1633903200,50
1633904100,63
1633905000,53
1633905900,44
1633906800,47
1633907700,47
1633908600,63
1633909500,83
1633910400,64
1633911300,49
1633912200,45
1633913100,48
1633914000,53
1633914900,67
1633915800,48
1633916700,48
1633917600,103
1633918500,57
1633919400,66
1633920300,74
1633921200,55
1633922100,55
1633923000,54
1633923900,72
1633924800,77
1633925700,83
1633926600,91
1633927500,93
1633928400,94
1633929300,103
1633930200,119
1633931100,93
1633932000,237
1633932900,143
1633933800,95
1633934700,422
1633935600,330
1633936500,269
1633937400,46
1633938300,46
1633939200,45
1633940100,67
1633941000,591
1633941900,383
1633942800,363
1633943700,525
1633944600,535
1633945500,212
1633946400,198
1633947300,208
1633948200,240
1633949100,245
1633950000,203
1633950900,170
1633951800,200
1633952700,188
1633953600,168
1633954500,152
1633955400,149
1633956300,114
1633957200,103
1633958100,98
1633959000,122
1633959900,150
1633960800,144
1633961700,140
1633962600,162
1633963500,148
1633964400,187
1633965300,159
1633966200,177
1633967100,214
1633968000,187
1633968900,169
1633969800,177
1633970700,193
1633971600,176
1633972500,169
1633973400,164
1633974300,202
1633975200,581
1633976100,278
1633977000,408
1633977900,144
1633978800,97
1633979700,83
1633980600,83
1633981500,70
1633982400,81
1633983300,105
1633984200,102
1633985100,69
1633986000,91
1633986900,74
1633987800,96
1633988700,101
1633989600,93
1633990500,66
1633991400,78
1633992300,66
1633993200,61
1633994100,38
1633995000,61
1633995900,40
1633996800,46
1633997700,50
1633998600,49
1633999500,41
1634000400,46
1634001300,69
1634002200,60
1634003100,59
1634004000,54
1634004900,48
1634005800,41
1634006700,46
1634007600,64
1634008500,62
1634009400,55
1634010300,71
1634011200,65
1634012100,90
1634013000,69
1634013900,91
1634014800,83
1634015700,246
1634016600,196
1634017500,110
1634018400,54
1634019300,73
1634020200,79
1634021100,356
1634022000,747
1634022900,648
1634023800,425
1634024700,174
1634025600,100
1634026500,130
1634027400,81
1634028300,95
1634029200,57
1634030100,85
1634031000,65
1634031900,62
1634032800,68
1634033700,125
1634034600,84
1634035500,80
1634036400,97
1634037300,74
1634038200,67
1634039100,59
1634040000,215
1634040900,756
1634041800,776
1634042700,657
1634043600,730
1634044500,543
1634045400,362
1634046300,144
1634047200,476
1634048100,600
1634049000,561
1634049900,273
1634050800,199
1634051700,155
1634052600,178
1634053500,188
1634054400,205
1634055300,196
1634056200,238
1634057100,229
1634058000,393
1634058900,301
1634059800,339
1634060700,306
1634061600,265
1634062500,194
1634063400,170
1634064300,142
1634065200,152
1634066100,153
1634067000,150
1634067900,146
1634068800,146
1634069700,149
1634070600,155
1634071500,146
1634072400,153
1634073300,123
1634074200,86
1634075100,70
1634076000,77
1634076900,65
1634077800,69
1634078700,82
1634079600,71
1634080500,63
1634081400,50
1634082300,54
1634083200,49
1634084100,67
1634085000,70
1634085900,54
1634086800,42
1634087700,57
1634088600,47
1634089500,51
1634090400,42
1634091300,64
1634092200,44
1634093100,53
1634094000,48
1634094900,56
1634095800,42
1634096700,55
1634097600,253
1634098500,87
1634099400,68
1634100300,88
1634101200,80
1634102100,237
1634103000,1114
1634103900,1222
1634104800,1104
1634105700,967
1634106600,335
1634107500,111
1634108400,99
1634109300,94
1634110200,106
1634111100,94
1634112000,132
1634112900,127
1634113800,129
1634114700,121
1634115600,390
1634116500,254
1634117400,233
1634118300,161
1634119200,196
1634120100,138
1634121000,111
1634121900,83
1634122800,102
1634123700,81
1634124600,131
1634125500,147
1634126400,584
1634127300,156
1634128200,449
1634129100,83
1634130000,93
1634130900,213
1634131800,177
1634132700,364
1634133600,418
1634134500,586
1634135400,211
1634136300,110
1634137200,118
1634138100,138
1634139000,146
1634139900,151
1634140800,272
1634141700,138
1634142600,140
1634143500,164
1634144400,171
1634145300,232
1634146200,310
1634147100,212
1634148000,245
1634148900,228
1634149800,164
1634150700,161
1634151600,157
1634152500,136
1634153400,124
1634154300,155
1634155200,163
1634156100,167
1634157000,164
1634157900,143
1634158800,112
1634159700,127
1634160600,139
1634161500,127
1634162400,108
1634163300,110
1634164200,72
1634165100,53
1634166000,59
1634166900,53
1634167800,57
1634168700,64
1634169600,88
1634170500,59
1634171400,58
1634172300,60
1634173200,58
1634174100,49
1634175000,55
1634175900,56
1634176800,53
1634177700,56
1634178600,90
1634179500,69
1634180400,78
1634181300,69
1634182200,64
1634183100,54
1634184000,175
1634184900,315
1634185800,120
1634186700,124
1634187600,131
1634188500,155
1634189400,97
1634190300,105
1634191200,110
1634192100,99
1634193000,71
1634193900,85
1634194800,131
1634195700,131
1634196600,95
1634197500,104
1634198400,254
1634199300,482
1634200200,290
1634201100,436
1634202000,110
1634202900,121
1634203800,114
1634204700,99
1634205600,109
1634206500,300
1634207400,188
1634208300,221
1634209200,178
1634210100,155
1634211000,135
1634211900,125
1634212800,148
1634213700,247
1634214600,112
1634215500,80
1634216400,83
1634217300,59
1634218200,80
1634219100,100
1634220000,118
1634220900,119
1634221800,126
1634222700,127
1634223600,122
1634224500,339
1634225400,477
1634226300,195
1634227200,162
1634228100,178
1634229000,193
1634229900,232
1634230800,243
1634231700,200
1634232600,226
1634233500,222
1634234400,273
1634235300,194
1634236200,243
1634237100,150
1634238000,156
1634238900,141
1634239800,134
1634240700,143
1634241600,119
1634242500,82
1634243400,73
1634244300,103
1634245200,83
1634246100,85
1634247000,58
1634247900,61
1634248800,54
1634249700,66
1634250600,50
1634251500,53
1634252400,41
1634253300,60
1634254200,39
1634255100,47
1634256000,51
1634256900,66
1634257800,55
1634258700,61
1634259600,50
1634260500,44
1634261400,44
1634262300,53
1634263200,47
1634264100,51
1634265000,81
1634265900,70
1634266800,74
1634267700,61
1634268600,71
1634269500,59
1634270400,89
1634271300,256
1634272200,436
1634273100,112
1634274000,98
1634274900,147
1634275800,112
1634276700,113
1634277600,122
1634278500,156
1634279400,147
1634280300,143
1634281200,182
1634282100,97
1634283000,92
1634283900,106
1634284800,88
1634285700,80
1634286600,74
1634287500,112
1634288400,98
1634289300,123
1634290200,152
1634291100,174
1634292000,160
1634292900,293
1634293800,256
1634294700,202
1634295600,213
1634296500,186
1634297400,168
1634298300,152
1634299200,140
1634300100,139
1634301000,191
1634301900,105
1634302800,126
1634303700,119
1634304600,111
1634305500,130
1634306400,153
1634307300,160
1634308200,154
1634309100,174
1634310000,136
1634310900,143
1634311800,137
1634312700,153
1634313600,137
1634314500,165
1634315400,232
1634316300,216
1634317200,212
1634318100,263
1634319000,273
1634319900,615
1634320800,314
1634321700,431
1634322600,202
1634323500,219
1634324400,164
1634325300,122
1634326200,148
1634327100,131
1634328000,122
1634328900,112
1634329800,127
1634330700,108
1634331600,98
1634332500,108
1634333400,105
1634334300,102
1634335200,100
1634336100,114
1634337000,70
1634337900,71
1634338800,81
1634339700,62
1634340600,41
1634341500,75
1634342400,61
1634343300,60
1634344200,44
1634345100,57
1634346000,45
1634346900,44
1634347800,60
1634348700,42
1634349600,52
1634350500,52
1634351400,57
1634352300,43
1634353200,50
1634354100,63
1634355000,66
1634355900,65
1634356800,229
1634357700,104
1634358600,110
1634359500,124
1634360400,333
1634361300,431
1634362200,122
1634363100,210
1634364000,113
1634364900,145
1634365800,115
1634366700,186
1634367600,190
1634368500,86
1634369400,86
1634370300,101
1634371200,104
1634372100,148
1634373000,109
1634373900,253
1634374800,107
1634375700,124
1634376600,144
1634377500,277
1634378400,247
1634379300,150
1634380200,133
1634381100,119
1634382000,135
1634382900,118
1634383800,119
1634384700,740
1634385600,566
1634386500,456
1634387400,181
1634388300,200
1634389200,178
1634390100,188
1634391000,189
1634391900,190
1634392800,374
1634393700,232
1634394600,189
1634395500,1722
1634396400,2484
1634397300,2235
1634398200,1423
1634399100,1530
1634400000,1557
1634400900,1696
1634401800,1212
1634402700,1379
1634403600,1191
1634404500,1079
1634405400,946
1634406300,1206
1634407200,952
1634408100,878
1634409000,161
1634409900,146
1634410800,147
1634411700,155
1634412600,138
1634413500,124
1634414400,111
1634415300,118
1634416200,94
1634417100,100
1634418000,58
1634418900,49
1634419800,45
1634420700,60
1634421600,41
1634422500,49
1634423400,56
1634424300,44
1634425200,47
1634426100,54
1634427000,50
1634427900,48
1634428800,76
1634429700,62
1634430600,54
1634431500,46
1634432400,59
1634433300,44
1634434200,80
1634435100,88
1634436000,53
1634436900,48
1634437800,53
1634438700,72
1634439600,65
1634440500,79
1634441400,64
1634442300,64
1634443200,57
1634444100,86
1634445000,55
1634445900,64
1634446800,93
1634447700,109
1634448600,217
1634449500,265
1634450400,1003
1634451300,651
1634452200,624
1634453100,617
1634454000,176
1634454900,187
1634455800,188
1634456700,140
1634457600,94
1634458500,265
1634459400,153
1634460300,64
1634461200,47
1634462100,63
1634463000,63
1634463900,64
1634464800,60
1634465700,81
1634466600,60
1634467500,67
1634468400,86
1634469300,90
1634470200,75
1634471100,90
1634472000,1002
1634472900,690
1634473800,665
1634474700,685
1634475600,918
1634476500,318
1634477400,241
1634478300,244
1634479200,225
1634480100,268
1634481000,239
1634481900,212
1634482800,215
1634483700,201
1634484600,230
1634485500,220
1634486400,202
1634487300,207
1634488200,211
1634489100,203
1634490000,233
1634490900,250
1634491800,248
1634492700,223
1634493600,234
1634494500,220
1634495400,166
1634496300,172
1634497200,145
1634498100,143
1634499000,157
1634499900,186
1634500800,122
1634501700,118
1634502600,84
1634503500,63
1634504400,52
1634505300,54
1634506200,44
1634507100,60
1634508000,67
1634508900,68
1634509800,48
1634510700,62
1634511600,45
1634512500,47
1634513400,60
1634514300,44
1634515200,51
1634516100,57
1634517000,54
1634517900,85
1634518800,77
1634519700,70
1634520600,83
1634521500,80
1634522400,98
1634523300,49
1634524200,62
1634525100,83
1634526000,79
1634526900,70
1634527800,66
1634528700,55
1634529600,47
1634530500,52
1634531400,57
1634532300,66
1634533200,69
1634534100,90
1634535000,96
1634535900,133
1634536800,610
1634537700,673
1634538600,446
1634539500,396
1634540400,314
1634541300,91
1634542200,81
1634543100,87
1634544000,85
1634544900,76
1634545800,112
1634546700,737
1634547600,674
1634548500,223
1634549400,344
1634550300,478
1634551200,421
1634552100,344
1634553000,213
1634553900,167
1634554800,174
1634555700,183
1634556600,124
1634557500,159
1634558400,164
1634559300,204
1634560200,185
1634561100,188
1634562000,162
1634562900,145
1634563800,98
1634564700,105
1634565600,87
1634566500,88
1634567400,85
1634568300,99
1634569200,83
1634570100,105
1634571000,113
1634571900,132
1634572800,108
1634573700,385
1634574600,373
1634575500,286
1634576400,214
1634577300,170
1634578200,201
1634579100,208
1634580000,226
1634580900,171
1634581800,181
1634582700,173
1634583600,154
1634584500,146
1634585400,170
1634586300,109
1634587200,100
1634588100,79
1634589000,64
1634589900,50
1634590800,72
1634591700,63
1634592600,76
1634593500,66
1634594400,75
1634595300,52
1634596200,52
1634597100,74
1634598000,49
1634598900,57
1634599800,56
1634600700,62
1634601600,58
1634602500,55
1634603400,56
1634604300,67
1634605200,60
1634606100,101
1634607000,79
1634607900,84
1634608800,90
1634609700,91
1634610600,47
1634611500,51
1634612400,86
1634613300,66
1634614200,74
1634615100,60
1634616000,50
1634616900,48
1634617800,73
1634618700,293
1634619600,361
1634620500,475
1634621400,380
1634622300,394
1634623200,295
1634624100,243
1634625000,56
1634625900,62
1634626800,45
1634627700,98
1634628600,101
1634629500,160
1634630400,118
1634631300,127
1634632200,90
1634633100,129
1634634000,151
1634634900,138
1634635800,154
1634636700,156
1634637600,225
1634638500,197
1634639400,245
1634640300,282
1634641200,730
1634642100,532
1634643000,179
1634643900,145
1634644800,137
1634645700,182
1634646600,151
1634647500,298
1634648400,162
1634649300,180
1634650200,666
1634651100,1253
1634652000,1053
1634652900,897
1634653800,468
1634654700,404
1634655600,513
1634656500,912
1634657400,296
1634658300,403
1634659200,175
1634660100,251
1634661000,198
1634661900,197
1634662800,274
1634663700,289
1634664600,285
1634665500,272
1634666400,297
1634667300,314
1634668200,298
1634669100,216
1634670000,226
1634670900,185
1634671800,163
1634672700,152
1634673600,139
1634674500,112
1634675400,107
1634676300,119
1634677200,105
1634678100,113
1634679000,117
1634679900,103
1634680800,83
1634681700,106
1634682600,86
1634683500,93
1634684400,83
1634685300,87
1634686200,83
1634687100,93
1634688000,110
1634688900,89
1634689800,121
1634690700,132
1634691600,110
1634692500,85
1634693400,79
1634694300,50
1634695200,52
1634696100,45
1634697000,63
1634697900,46
1634698800,45
1634699700,82
1634700600,69
1634701500,74
1634702400,66
1634703300,65
1634704200,79
1634705100,232
1634706000,91
1634706900,123
1634707800,126
1634708700,106
1634709600,104
1634710500,85
1634711400,82
1634712300,78
1634713200,75
1634714100,126
1634715000,127
1634715900,83
1634716800,117
1634717700,155
1634718600,172
1634719500,125
1634720400,131
1634721300,160
1634722200,172
1634723100,427
1634724000,368
1634724900,151
1634725800,187
1634726700,634
1634727600,238
1634728500,554
1634729400,156
1634730300,208
1634731200,231
1634732100,168
1634733000,145
1634733900,141
1634734800,138
1634735700,141
1634736600,144
1634737500,166
1634738400,135
1634739300,374
1634740200,412
1634741100,558
1634742000,439
1634742900,170
1634743800,182
1634744700,1630
1634745600,2137
1634746500,2164
1634747400,1467
1634748300,1124
1634749200,602
1634750100,504
1634751000,845
1634751900,1014
1634752800,752
1634753700,938
1634754600,415
1634755500,283
1634756400,219
1634757300,210
1634758200,235
1634759100,236
1634760000,240
1634760900,250
1634761800,234
1634762700,178
1634763600,125
1634764500,121
1634765400,104
1634766300,83
1634767200,82
1634768100,70
1634769000,67
1634769900,51
1634770800,59
1634771700,49
1634772600,48
1634773500,62
1634774400,48
1634775300,50
1634776200,55
1634777100,56
1634778000,45
1634778900,55
1634779800,73
1634780700,70
1634781600,62
1634782500,83
1634783400,61
1634784300,56
1634785200,50
1634786100,66
1634787000,69
1634787900,80
1634788800,91
1634789700,280
1634790600,385
1634791500,191
1634792400,155
1634793300,120
1634794200,106
1634795100,134
1634796000,95
1634796900,81
1634797800,81
1634798700,60
1634799600,60
1634800500,66
1634801400,277
1634802300,483
1634803200,84
1634804100,117
1634805000,324
1634805900,84
1634806800,100
1634807700,94
1634808600,78
1634809500,73
1634810400,85
1634811300,164
1634812200,110
1634813100,109
1634814000,127
1634814900,99
1634815800,94
1634816700,88
1634817600,103
1634818500,84
1634819400,93
1634820300,83
1634821200,77
1634822100,71
1634823000,75
1634823900,86
1634824800,60
1634825700,68
1634826600,67
1634827500,73
1634828400,60
1634829300,69
1634830200,96
1634831100,140
1634832000,178
1634832900,312
1634833800,229
1634834700,211
1634835600,161
1634836500,225
1634837400,585
1634838300,266
1634839200,493
1634840100,156
1634841000,160
1634841900,126
1634842800,135
1634843700,116
1634844600,119
1634845500,110
1634846400,129
1634847300,86
1634848200,87
1634849100,154
1634850000,140
1634850900,127
1634851800,105
1634852700,100
1634853600,84
1634854500,74
1634855400,76
1634856300,71
1634857200,61
1634858100,73
1634859000,69
1634859900,66
1634860800,58
1634861700,79
1634862600,58
1634863500,66
1634864400,65
1634865300,70
1634866200,64
1634867100,59
1634868000,78
1634868900,59
1634869800,70
1634870700,87
1634871600,118
1634872500,98
1634873400,107
1634874300,97
1634875200,103
1634876100,273
1634877000,150
1634877900,94
1634878800,343
1634879700,238
1634880600,144
1634881500,118
1634882400,134
1634883300,141
1634884200,112
1634885100,96
1634886000,111
1634886900,147
1634887800,124
1634888700,109
1634889600,120
1634890500,135
1634891400,128
1634892300,103
1634893200,98
1634894100,102
1634895000,108
1634895900,147
1634896800,168
1634897700,197
1634898600,368
1634899500,192
1634900400,172
1634901300,173
1634902200,112
1634903100,120
1634904000,101
1634904900,88
1634905800,82
1634906700,84
1634907600,69
1634908500,75
1634909400,95
1634910300,158
1634911200,526
1634912100,174
1634913000,422
1634913900,99
1634914800,95
1634915700,89
1634916600,122
1634917500,105
1634918400,99
1634919300,130
1634920200,141
1634921100,120
1634922000,160
1634922900,118
1634923800,181
1634924700,194
1634925600,176
1634926500,193
1634927400,154
1634928300,166
1634929200,209
1634930100,208
1634931000,215
1634931900,245
1634932800,198
1634933700,138
1634934600,109
1634935500,98
1634936400,108
1634937300,96
1634938200,107
1634939100,78
1634940000,87
1634940900,79
1634941800,87
1634942700,91
1634943600,105
1634944500,98
1634945400,104
1634946300,112
1634947200,97
1634948100,85
1634949000,84
1634949900,110
1634950800,62
1634951700,72
1634952600,74
1634953500,83
1634954400,122
1634955300,112
1634956200,119
1634957100,97
1634958000,85
1634958900,97
1634959800,112
1634960700,108
1634961600,167
1634962500,207
1634963400,144
1634964300,134
1634965200,160
1634966100,337
1634967000,275
1634967900,123
1634968800,187
1634969700,144
1634970600,98
1634971500,281
1634972400,108
1634973300,139
1634974200,68
1634975100,105
1634976000,82
1634976900,71
1634977800,52
1634978700,63
1634979600,349
1634980500,205
1634981400,111
1634982300,110
1634983200,100
1634984100,102
1634985000,103
1634985900,115
1634986800,94
1634987700,61
1634988600,66
1634989500,72
1634990400,65
1634991300,61
1634992200,61
1634993100,77
1634994000,59
1634994900,65
1634995800,65
1634996700,75
1634997600,72
1634998500,84
1634999400,93
1635000300,93
1635001200,88
1635002100,114
1635003000,138
1635003900,166
1635004800,197
1635005700,480
1635006600,756
1635007500,915
1635008400,412
1635009300,447
1635010200,500
1635011100,532
1635012000,546
1635012900,356
1635013800,264
1635014700,262
1635015600,332
1635016500,289
1635017400,334
1635018300,165
1635019200,91
1635020100,68
1635021000,40
1635021900,48
1635022800,47
1635023700,54
1635024600,41
1635025500,46
1635026400,55
1635027300,43
1635028200,44
1635029100,41
1635030000,73
1635030900,57
1635031800,63
1635032700,63
1635033600,70
1635034500,103
1635035400,101
1635036300,72
1635037200,54
1635038100,45
1635039000,68
1635039900,86
1635040800,67
1635041700,66
1635042600,46
1635043500,58
1635044400,39
1635045300,74
1635046200,70
1635047100,78
1635048000,71
1635048900,69
1635049800,84
1635050700,70
1635051600,237
1635052500,99
1635053400,131
1635054300,110
1635055200,200
1635056100,252
1635057000,217
1635057900,78
1635058800,172
1635059700,129
1635060600,119
1635061500,75
1635062400,60
1635063300,96
1635064200,87
1635065100,94
1635066000,87
1635066900,114
1635067800,176
1635068700,161
1635069600,501
1635070500,340
1635071400,178
1635072300,216
1635073200,153
1635074100,193
1635075000,193
1635075900,219
1635076800,177
1635077700,132
1635078600,140
1635079500,354
1635080400,332
1635081300,432
1635082200,194
1635083100,184
1635084000,216
1635084900,210
1635085800,207
1635086700,210
1635087600,211
1635088500,172
1635089400,184
1635090300,224
1635091200,201
1635092100,188
1635093000,92
1635093900,79
1635094800,82
1635095700,75
1635096600,105
1635097500,76
1635098400,85
1635099300,93
1635100200,105
1635101100,97
1635102000,99
1635102900,110
1635103800,108
1635104700,140
1635105600,86
1635106500,65
1635107400,48
1635108300,54
1635109200,60
1635110100,56
1635111000,48
1635111900,63
1635112800,53
1635113700,56
1635114600,47
1635115500,67
1635116400,48
1635117300,53
1635118200,54
1635119100,73
1635120000,99
1635120900,46
1635121800,66
1635122700,46
1635123600,54
1635124500,53
1635125400,82
1635126300,61
1635127200,72
1635128100,78
1635129000,99
1635129900,73
1635130800,146
1635131700,104
1635132600,59
1635133500,66
1635134400,58
1635135300,81
1635136200,66
1635137100,90
1635138000,87
1635138900,101
1635139800,87
1635140700,103
1635141600,87
1635142500,67
1635143400,60
1635144300,65
1635145200,123
1635146100,86
1635147000,121
1635147900,186
1635148800,199
1635149700,75
1635150600,81
1635151500,260
1635152400,522
1635153300,441
1635154200,363
1635155100,141
1635156000,131
1635156900,145
1635157800,632
1635158700,232
1635159600,562
1635160500,90
1635161400,102
1635162300,160
1635163200,107
1635164100,107
1635165000,114
1635165900,124
1635166800,107
1635167700,109
1635168600,118
1635169500,113
1635170400,114
1635171300,206
1635172200,182
1635173100,121
1635174000,111
1635174900,102
1635175800,139
1635176700,122
1635177600,130
1635178500,128
1635179400,125
1635180300,117
1635181200,112
1635182100,131
1635183000,109
1635183900,119
1635184800,108
1635185700,123
1635186600,104
1635187500,117
1635188400,121
1635189300,123
1635190200,121
1635191100,176
1635192000,227
1635192900,184
1635193800,212
1635194700,192
1635195600,196
1635196500,174
1635197400,143
1635198300,82
1635199200,87
1635200100,74
1635201000,80
1635201900,92
1635202800,72
1635203700,74
1635204600,70
1635205500,85
1635206400,86
1635207300,88
1635208200,88
1635209100,91
1635210000,58
1635210900,68
1635211800,65
1635212700,62
1635213600,60
1635214500,89
1635215400,93
1635216300,100
1635217200,102
1635218100,107
1635219000,84
1635219900,86
1635220800,101
1635221700,103
1635222600,89
1635223500,146
1635224400,180
1635225300,184
1635226200,292
1635227100,264
1635228000,271
1635228900,113
1635229800,358
1635230700,124
1635231600,109
1635232500,196
1635233400,366
1635234300,195
1635235200,143
1635236100,714
1635237000,720
1635237900,609
1635238800,278
1635239700,572
1635240600,701
1635241500,611
1635242400,172
1635243300,108
1635244200,127
1635245100,202
1635246000,460
1635246900,273
1635247800,368
1635248700,167
1635249600,124
1635250500,92
1635251400,108
1635252300,93
1635253200,79
1635254100,88
1635255000,77
1635255900,69
1635256800,63
1635257700,83
1635258600,62
1635259500,71
1635260400,64
1635261300,81
1635262200,62
1635263100,68
1635264000,75
1635264900,67
1635265800,66
1635266700,63
1635267600,83
1635268500,92
1635269400,122
1635270300,115
1635271200,116
1635272100,94
1635273000,86
1635273900,81
1635274800,78
1635275700,149
1635276600,104
1635277500,231
1635278400,95
1635279300,103
1635280200,98
1635281100,113
1635282000,134
1635282900,122
1635283800,71
1635284700,74
1635285600,60
1635286500,67
1635287400,80
1635288300,62
1635289200,77
1635290100,77
1635291000,101
1635291900,83
1635292800,81
1635293700,73
1635294600,78
1635295500,43
1635296400,50
1635297300,61
1635298200,52
1635299100,50
1635300000,68
1635300900,90
1635301800,66
1635302700,75
1635303600,65
1635304500,61
1635305400,43
1635306300,61
1635307200,79
1635308100,108
1635309000,105
1635309900,109
1635310800,114
1635311700,92
1635312600,55
1635313500,207
1635314400,283
1635315300,924
1635316200,1234
1635317100,1243
1635318000,1276
1635318900,682
1635319800,180
1635320700,142
1635321600,772
1635322500,346
1635323400,1091
1635324300,915
1635325200,889
1635326100,937
1635327000,980
1635327900,1174
1635328800,339
1635329700,136
1635330600,179
1635331500,220
1635332400,264
1635333300,149
1635334200,127
1635335100,170
1635336000,125
1635336900,126
1635337800,118
1635338700,139
1635339600,295
1635340500,176
1635341400,487
1635342300,282
1635343200,135
1635344100,146
1635345000,121
1635345900,147
1635346800,154
1635347700,159
1635348600,159
1635349500,227
1635350400,176
1635351300,423
1635352200,331
1635353100,402
1635354000,158
1635354900,154
1635355800,150
1635356700,144
1635357600,219
1635358500,248
1635359400,251
1635360300,251
1635361200,283
1635362100,249
1635363000,269
1635363900,260
1635364800,190
1635365700,168
1635366600,130
1635367500,117
1635368400,112
1635369300,121
1635370200,117
1635371100,95
1635372000,96
1635372900,97
1635373800,87
1635374700,73
1635375600,60
1635376500,62
1635377400,55
1635378300,72
1635379200,58
1635380100,57
1635381000,72
1635381900,57
1635382800,80
1635383700,77
1635384600,85
1635385500,70
1635386400,62
1635387300,68
1635388200,67
1635389100,90
1635390000,133
1635390900,115
1635391800,118
1635392700,113
1635393600,95
1635394500,61
1635395400,53
1635396300,74
1635397200,55
1635398100,63
1635399000,79
1635399900,265
1635400800,97
1635401700,109
1635402600,90
1635403500,59
1635404400,61
1635405300,66
1635406200,75
1635407100,103
1635408000,225
1635408900,397
1635409800,172
1635410700,88
1635411600,89
1635412500,269
1635413400,162
1635414300,206
1635415200,127
1635416100,117
1635417000,162
1635417900,211
1635418800,165
1635419700,106
1635420600,119
1635421500,133
1635422400,147
1635423300,149
1635424200,296
1635425100,91
1635426000,67
1635426900,65
1635427800,70
1635428700,75
1635429600,61
1635430500,69
1635431400,72
1635432300,79
1635433200,468
1635434100,290
1635435000,197
1635435900,135
1635436800,122
1635437700,152
1635438600,117
1635439500,151
1635440400,168
1635441300,197
1635442200,194
1635443100,232
1635444000,532
1635444900,588
1635445800,494
1635446700,526
1635447600,294
1635448500,259
1635449400,270
1635450300,294
1635451200,390
1635452100,356
1635453000,392
1635453900,244
1635454800,210
1635455700,162
1635456600,139
1635457500,113
1635458400,105
1635459300,105
1635460200,80
1635461100,68
1635462000,64
1635462900,82
1635463800,85
1635464700,91
1635465600,81
1635466500,98
1635467400,69
1635468300,72
1635469200,74
1635470100,69
1635471000,65
1635471900,67
1635472800,75
1635473700,59
1635474600,69
1635475500,72
1635476400,88
1635477300,105
1635478200,113
1635479100,88
1635480000,97
1635480900,53
1635481800,60
1635482700,48
1635483600,66
1635484500,311
1635485400,170
1635486300,148
1635487200,137
1635488100,173
1635489000,123
1635489900,102
1635490800,79
1635491700,88
1635492600,74
1635493500,55
1635494400,83
1635495300,60
1635496200,99
1635497100,105
1635498000,81
1635498900,71
1635499800,56
1635500700,58
1635501600,66
1635502500,63
1635503400,120
1635504300,86
1635505200,68
1635506100,174
1635507000,94
1635507900,114
1635508800,100
1635509700,147
1635510600,151
1635511500,169
1635512400,157
1635513300,170
1635514200,206
1635515100,142
1635516000,119
1635516900,137
1635517800,144
1635518700,192
1635519600,184
1635520500,173
1635521400,160
1635522300,163
1635523200,195
1635524100,174
1635525000,180
1635525900,171
1635526800,185
1635527700,254
1635528600,288
1635529500,355
1635530400,310
1635531300,273
1635532200,280
1635533100,268
1635534000,276
1635534900,169
1635535800,171
1635536700,179
1635537600,168
1635538500,179
1635539400,154
1635540300,149
1635541200,117
1635542100,92
1635543000,45
1635543900,54
1635544800,55
1635545700,105
1635546600,70
1635547500,96
1635548400,83
1635549300,79
1635550200,71
1635551100,59
1635552000,60
1635552900,46
1635553800,66
1635554700,46
1635555600,54
1635556500,55
1635557400,58
1635558300,45
1635559200,55
1635560100,60
1635561000,48
1635561900,52
1635562800,57
1635563700,60
1635564600,75
1635565500,95
1635566400,103
1635567300,82
1635568200,67
1635569100,88
1635570000,90
1635570900,230
1635571800,105
1635572700,716
1635573600,197
1635574500,371
1635575400,287
1635576300,191
1635577200,156
1635578100,128
1635579000,104
1635579900,260
1635580800,459
1635581700,417
1635582600,117
1635583500,100
1635584400,98
1635585300,219
1635586200,422
1635587100,56
1635588000,52
1635588900,78
1635589800,69
1635590700,80
1635591600,78
1635592500,88
1635593400,69
1635594300,78
1635595200,78
1635596100,68
1635597000,66
1635597900,86
1635598800,99
1635599700,334
1635600600,194
1635601500,98
1635602400,109
1635603300,99
1635604200,101
1635605100,103
1635606000,103
1635606900,501
1635607800,281
1635608700,163
1635609600,158
1635610500,214
1635611400,253
1635612300,292
1635613200,265
1635614100,270
1635615000,267
1635615900,249
1635616800,239
1635617700,332
1635618600,248
1635619500,348
1635620400,191
1635621300,192
1635622200,126
1635623100,164
1635624000,150
1635624900,152
1635625800,108
1635626700,115
1635627600,113
1635628500,83
1635629400,65
1635630300,59
1635631200,68
1635632100,43
1635633000,53
1635633900,50
1635634800,59
1635635700,45
1635636600,53
1635637500,56
1635638400,53
1635639300,45
1635640200,56
1635641100,53
1635642000,56
1635642900,72
1635643800,127
1635644700,99
1635645600,90
1635646500,84
1635647400,86
1635648300,69
1635649200,62
1635650100,81
1635651000,94
1635651900,93
1635652800,82
1635653700,103
1635654600,61
1635655500,73
1635656400,76
1635657300,89
1635658200,91
1635659100,102
1635660000,114
1635660900,298
1635661800,213
1635662700,241
1635663600,494
1635664500,96
1635665400,99
1635666300,136
1635667200,378
1635668100,114
1635669000,125
1635669900,169
1635670800,149
1635671700,83
1635672600,81
1635673500,89
1635674400,79
1635675300,88
1635676200,117
1635677100,138
1635678000,132
1635678900,153
1635679800,251
1635680700,128
1635681600,115
1635682500,124
1635683400,92
1635684300,80
1635685200,80
1635686100,92
1635687000,131
1635687900,124
1635688800,96
1635689700,110
1635690600,97
1635691500,110
1635692400,147
1635693300,145
1635694200,342
1635695100,353
1635696000,293
1635696900,166
1635697800,91
1635698700,89
1635699600,102
1635700500,84
1635701400,97
1635702300,97
1635703200,92
1635704100,84
1635705000,111
1635705900,213
1635706800,278
1635707700,271
1635708600,277
1635709500,324
1635710400,261
1635711300,278
1635712200,235
1635713100,230
1635714000,204
1635714900,197
1635715800,174
1635716700,197
1635717600,167
1635718500,171
1635719400,158
1635720300,62
1635721200,46
1635722100,51
1635723000,92
1635723900,74
1635724800,84
1635725700,76
1635726600,67
1635727500,60
1635728400,63
1635729300,56
1635730200,60
1635731100,54
1635732000,78
1635732900,57
1635733800,65
1635734700,69
1635735600,62
1635736500,64
1635737400,59
1635738300,85
1635739200,183
1635740100,145
1635741000,381
1635741900,301
1635742800,408
1635743700,76
1635744600,64
1635745500,58
1635746400,53
1635747300,66
1635748200,59
1635749100,79
1635750000,84
1635750900,100
1635751800,230
1635752700,105
1635753600,110
1635754500,643
1635755400,508
1635756300,375
1635757200,345
1635758100,745
1635759000,939
1635759900,705
1635760800,228
1635761700,174
1635762600,521
1635763500,210
1635764400,516
1635765300,150
1635766200,244
1635767100,154
1635768000,146
1635768900,136
1635769800,102
1635770700,121
1635771600,125
1635772500,119
1635773400,131
1635774300,111
1635775200,119
1635776100,149
1635777000,142
1635777900,110
1635778800,246
1635779700,136
1635780600,95
1635781500,74
1635782400,81
1635783300,86
1635784200,174
1635785100,198
1635786000,267
1635786900,298
1635787800,288
1635788700,303
1635789600,297
1635790500,284
1635791400,289
1635792300,310
1635793200,312
1635794100,332
1635795000,340
1635795900,318
1635796800,295
1635797700,202
1635798600,217
1635799500,223
1635800400,206
1635801300,197
1635802200,168
1635803100,127
1635804000,132
1635804900,101
1635805800,98
1635806700,106
1635807600,88
1635808500,82
1635809400,85
1635810300,82
1635811200,55
1635812100,67
1635813000,58
1635813900,62
1635814800,52
1635815700,71
1635816600,55
1635817500,62
1635818400,205
1635819300,135
1635820200,76
1635821100,58
1635822000,67
1635822900,53
1635823800,63
1635824700,80
1635825600,77
1635826500,71
1635827400,80
1635828300,71
1635829200,53
1635830100,71
1635831000,90
1635831900,82
1635832800,231
1635833700,162
1635834600,102
1635835500,514
1635836400,120
1635837300,100
1635838200,51
1635839100,40
1635840000,70
1635840900,63
1635841800,73
1635842700,66
1635843600,79
1635844500,47
1635845400,64
1635846300,68
1635847200,63
1635848100,66
1635849000,86
1635849900,99
1635850800,65
1635851700,331
1635852600,92
1635853500,91
1635854400,82
1635855300,83
1635856200,75
1635857100,67
1635858000,61
1635858900,75
1635859800,66
1635860700,63
1635861600,64
1635862500,73
1635863400,68
1635864300,75
1635865200,88
1635866100,87
1635867000,84
1635867900,59
1635868800,77
1635869700,61
1635870600,65
1635871500,61
1635872400,75
1635873300,63
1635874200,405
1635875100,479
1635876000,187
1635876900,194
1635877800,191
1635878700,482
1635879600,542
1635880500,508
1635881400,412
1635882300,212
1635883200,180
1635884100,183
1635885000,185
1635885900,212
1635886800,202
1635887700,142
1635888600,131
1635889500,112
1635890400,86
1635891300,61
1635892200,81
1635893100,58
1635894000,67
1635894900,64
1635895800,84
1635896700,81
1635897600,87
1635898500,105
1635899400,64
1635900300,59
1635901200,46
1635902100,68
1635903000,51
1635903900,52
1635904800,74
1635905700,84
1635906600,67
1635907500,101
1635908400,285
1635909300,61
1635910200,73
1635911100,66
1635912000,112
1635912900,99
1635913800,91
1635914700,90
1635915600,100
1635916500,84
1635917400,89
1635918300,80
1635919200,57
1635920100,230
1635921000,69
1635921900,736
1635922800,961
1635923700,741
1635924600,294
1635925500,153
1635926400,137
1635927300,139
1635928200,160
1635929100,516
1635930000,906
1635930900,766
1635931800,709
1635932700,683
1635933600,837
1635934500,633
1635935400,431
1635936300,276
1635937200,346
1635938100,188
1635939000,436
1635939900,626
1635940800,958
1635941700,682
1635942600,678
1635943500,231
1635944400,128
1635945300,129
1635946200,139
1635947100,181
1635948000,147
1635948900,787
1635949800,741
1635950700,657
1635951600,535
1635952500,289
1635953400,133
1635954300,141
1635955200,191
1635956100,188
1635957000,186
1635957900,206
1635958800,236
1635959700,305
1635960600,242
1635961500,252
1635962400,291
1635963300,253
1635964200,268
1635965100,261
1635966000,260
1635966900,220
1635967800,213
1635968700,203
1635969600,212
1635970500,197
1635971400,184
1635972300,384
1635973200,526
1635974100,371
1635975000,147
1635975900,135
1635976800,104
1635977700,105
1635978600,104
1635979500,92
1635980400,86
1635981300,57
1635982200,53
1635983100,43
1635984000,74
1635984900,66
1635985800,63
1635986700,76
1635987600,54
1635988500,52
1635989400,51
1635990300,58
1635991200,53
1635992100,43
1635993000,66
1635993900,46
1635994800,49
1635995700,66
1635996600,48
1635997500,50
1635998400,72
1635999300,74
1636000200,77
1636001100,74
1636002000,92
1636002900,100
1636003800,334
1636004700,110
1636005600,168
1636006500,118
1636007400,64
1636008300,84
1636009200,54
1636010100,43
1636011000,55
1636011900,44
1636012800,49
1636013700,52
1636014600,97
1636015500,89
1636016400,76
1636017300,79
1636018200,55
1636019100,49
1636020000,44
1636020900,60
1636021800,67
1636022700,57
1636023600,72
1636024500,84
1636025400,88
1636026300,88
1636027200,95
1636028100,84
1636029000,58
1636029900,96
1636030800,174
1636031700,344
1636032600,108
1636033500,121
1636034400,295
1636035300,467
1636036200,321
1636037100,239
1636038000,274
1636038900,149
1636039800,121
1636040700,138
1636041600,163
1636042500,176
1636043400,234
1636044300,212
1636045200,186
1636046100,274
1636047000,198
1636047900,332
1636048800,221
1636049700,236
1636050600,239
1636051500,221
1636052400,245
1636053300,139
1636054200,136
1636055100,132
1636056000,145
1636056900,130
1636057800,151
1636058700,155
1636059600,121
1636060500,112
1636061400,96
1636062300,94
1636063200,82
1636064100,93
1636065000,91
1636065900,65
1636066800,57
1636067700,81
1636068600,72
1636069500,71
1636070400,71
1636071300,70
1636072200,73
1636073100,74
1636074000,91
1636074900,72
1636075800,56
1636076700,69
1636077600,63
1636078500,56
1636079400,66
1636080300,66
1636081200,65
1636082100,56
1636083000,74
1636083900,56
1636084800,67
1636085700,69
1636086600,113
1636087500,103
1636088400,147
1636089300,302
1636090200,586
1636091100,228
1636092000,98
1636092900,123
1636093800,134
1636094700,481
1636095600,217
1636096500,410
1636097400,165
1636098300,164
1636099200,153
1636100100,120
1636101000,133
1636101900,138
1636102800,187
1636103700,244
1636104600,186
1636105500,164
1636106400,168
1636107300,160
1636108200,153
1636109100,159
1636110000,154
1636110900,182
1636111800,202
1636112700,134
1636113600,104
1636114500,91
1636115400,134
1636116300,396
1636117200,117
1636118100,128
1636119000,140
1636119900,92
1636120800,182
1636121700,100
1636122600,75
1636123500,88
1636124400,111
1636125300,140
1636126200,125
1636127100,209
1636128000,212
1636128900,201
1636129800,207
1636130700,250
1636131600,240
1636132500,266
1636133400,292
1636134300,269
1636135200,247
1636136100,288
1636137000,276
1636137900,210
1636138800,216
1636139700,198
1636140600,170
1636141500,148
1636142400,170
1636143300,174
1636144200,139
1636145100,79
1636146000,75
1636146900,58
1636147800,49
1636148700,42
1636149600,58
1636150500,41
1636151400,45
1636152300,57
1636153200,42
1636154100,47
1636155000,46
1636155900,74
1636156800,58
1636157700,63
1636158600,73
1636159500,111
1636160400,58
1636161300,71
1636162200,68
1636163100,59
1636164000,76
1636164900,70
1636165800,53
1636166700,53
1636167600,55
1636168500,61
1636169400,62
1636170300,63
1636171200,79
1636172100,61
1636173000,63
1636173900,68
1636174800,107
1636175700,204
1636176600,140
1636177500,272
1636178400,145
1636179300,268
1636180200,209
1636181100,341
1636182000,192
1636182900,135
1636183800,101
1636184700,216
1636185600,210
1636186500,101
1636187400,100
1636188300,108
1636189200,90
1636190100,95
1636191000,100
1636191900,155
1636192800,600
1636193700,226
1636194600,213
1636195500,169
1636196400,451
1636197300,415
1636198200,539
1636199100,197
1636200000,132
1636200900,121
1636201800,142
1636202700,338
1636203600,207
1636204500,132
1636205400,381
1636206300,144
1636207200,145
1636208100,168
1636209000,167
1636209900,415
1636210800,162
1636211700,185
1636212600,206
1636213500,183
1636214400,179
1636215300,133
1636216200,114
1636217100,120
1636218000,126
1636218900,120
1636219800,127
1636220700,237
1636221600,264
1636222500,125
1636223400,118
1636224300,129
1636225200,142
1636226100,105
1636227000,88
1636227900,86
1636228800,90
1636229700,71
1636230600,71
1636231500,114
1636232400,116
1636233300,119
1636234200,93
1636235100,61
1636236000,40
1636236900,46
1636237800,53
1636238700,46
1636239600,40
1636240500,52
1636241400,47
1636242300,45
1636243200,41
1636244100,53
1636245000,46
1636245900,42
1636246800,83
1636247700,109
1636248600,97
1636249500,82
1636250400,90
1636251300,78
1636252200,80
1636253100,60
1636254000,56
1636254900,44
1636255800,42
1636256700,50
1636257600,51
1636258500,50
1636259400,41
1636260300,72
1636261200,61
1636262100,64
1636263000,54
1636263900,95
1636264800,75
1636265700,73
1636266600,240
1636267500,277
1636268400,466
1636269300,121
1636270200,87
1636271100,76
1636272000,94
1636272900,109
1636273800,149
1636274700,117
1636275600,131
1636276500,207
1636277400,166
1636278300,98
1636279200,85
1636280100,100
1636281000,99
1636281900,106
1636282800,102
1636283700,119
1636284600,117
1636285500,111
1636286400,137
1636287300,143
1636288200,425
1636289100,169
1636290000,120
1636290900,141
1636291800,196
1636292700,191
1636293600,204
1636294500,201
1636295400,211
1636296300,218
1636297200,911
1636298100,2277
1636299000,2289
1636299900,2068
1636300800,1211
1636301700,1460
1636302600,1074
1636303500,1192
1636304400,993
1636305300,1040
1636306200,1168
1636307100,1002
1636308000,1224
1636308900,893
1636309800,1088
1636310700,716
1636311600,387
1636312500,146
1636313400,435
1636314300,226
1636315200,375
1636316100,140
1636317000,138
1636317900,114
1636318800,124
1636319700,123
1636320600,97
1636321500,85
1636322400,106
1636323300,44
1636324200,50
1636325100,55
1636326000,55
1636326900,59
1636327800,79
1636328700,58
1636329600,51
1636330500,77
1636331400,98
1636332300,91
1636333200,115
1636334100,97
1636335000,94
1636335900,86
1636336800,59
1636337700,46
1636338600,53
1636339500,106
1636340400,74
1636341300,65
1636342200,102
1636343100,82
1636344000,82
1636344900,67
1636345800,61
1636346700,58
1636347600,53
1636348500,70
1636349400,49
1636350300,81
1636351200,75
1636352100,82
1636353000,74
1636353900,89
1636354800,204
1636355700,176
1636356600,83
1636357500,91
1636358400,63
1636359300,56
1636360200,57
1636361100,83
1636362000,63
1636362900,65
1636363800,362
1636364700,379
1636365600,115
1636366500,110
1636367400,162
1636368300,129
1636369200,147
1636370100,127
1636371000,159
1636371900,78
1636372800,85
1636373700,87
1636374600,91
1636375500,533
1636376400,295
1636377300,245
1636378200,84
1636379100,148
1636380000,142
1636380900,109
1636381800,111
1636382700,106
1636383600,95
1636384500,84
1636385400,69
1636386300,78
1636387200,83
1636388100,77
1636389000,69
1636389900,77
1636390800,81
1636391700,77
1636392600,68
1636393500,81
1636394400,79
1636395300,88
1636396200,88
1636397100,100
1636398000,83
1636398900,71
1636399800,92
1636400700,128
1636401600,206
1636402500,162
1636403400,158
1636404300,155
1636405200,146
1636406100,123
1636407000,120
1636407900,105
1636408800,95
1636409700,92
1636410600,67
1636411500,56
1636412400,39
1636413300,49
1636414200,51
1636415100,50
1636416000,40
1636416900,51
1636417800,54
1636418700,50
1636419600,42
1636420500,50
1636421400,54
1636422300,47
1636423200,44
1636424100,61
1636425000,89
1636425900,72
1636426800,68
1636427700,64
1636428600,76
1636429500,57
1636430400,66
1636431300,67
1636432200,79
1636433100,55
1636434000,71
1636434900,89
1636435800,98
1636436700,372
1636437600,732
1636438500,610
1636439400,335
1636440300,198
1636441200,144
1636442100,164
1636443000,241
1636443900,441
1636444800,389
1636445700,1148
1636446600,1284
1636447500,1138
1636448400,658
1636449300,448
1636450200,534
1636451100,537
1636452000,383
1636452900,207
1636453800,185
1636454700,168
1636455600,286
1636456500,130
1636457400,163
1636458300,141
1636459200,138
1636460100,133
1636461000,116
1636461900,220
1636462800,500
1636463700,1265
1636464600,906
1636465500,842
1636466400,1027
1636467300,312
1636468200,170
1636469100,204
1636470000,278
1636470900,203
1636471800,176
1636472700,180
1636473600,162
1636474500,172
1636475400,173
1636476300,207
1636477200,182
1636478100,222
1636479000,240
1636479900,230
1636480800,259
1636481700,238
1636482600,254
1636483500,233
1636484400,280
1636485300,232
1636486200,242
1636487100,177
1636488000,156
1636488900,168
1636489800,156
1636490700,173
1636491600,195
1636492500,172
1636493400,160
1636494300,170
1636495200,152
1636496100,122
1636497000,103
1636497900,174
1636498800,112
1636499700,81
1636500600,62
1636501500,69
1636502400,58
1636503300,66
1636504200,69
1636505100,55
1636506000,42
1636506900,60
1636507800,42
1636508700,49
1636509600,44
1636510500,60
1636511400,43
1636512300,46
1636513200,57
1636514100,46
1636515000,49
1636515900,41
1636516800,61
1636517700,51
1636518600,65
1636519500,66
1636520400,75
1636521300,87
1636522200,103
1636523100,97
1636524000,91
1636524900,206
1636525800,86
1636526700,303
1636527600,130
1636528500,115
1636529400,475
1636530300,190
1636531200,351
1636532100,76
1636533000,75
1636533900,50
1636534800,40
1636535700,55
1636536600,47
1636537500,59
1636538400,65
1636539300,88
1636540200,88
1636541100,78
1636542000,62
1636542900,193
1636543800,112
1636544700,108
1636545600,119
1636546500,114
1636547400,113
1636548300,111
1636549200,120
1636550100,100
1636551000,74
1636551900,102
1636552800,129
1636553700,147
1636554600,219
1636555500,173
1636556400,201
1636557300,195
1636558200,235
1636559100,203
1636560000,235
1636560900,207
1636561800,198
1636562700,197
1636563600,214
1636564500,179
1636565400,225
1636566300,217
1636567200,210
1636568100,198
1636569000,245
1636569900,268
1636570800,284
1636571700,227
1636572600,221
1636573500,226
1636574400,175
1636575300,154
1636576200,249
1636577100,222
1636578000,200
1636578900,195
1636579800,158
1636580700,92
1636581600,98
1636582500,102
1636583400,86
1636584300,73
1636585200,103
1636586100,64
1636587000,57
1636587900,53
1636588800,64
1636589700,58
1636590600,49
1636591500,56
1636592400,62
1636593300,69
1636594200,62
1636595100,78
1636596000,67
1636596900,81
1636597800,70
1636598700,91
1636599600,58
1636600500,55
1636601400,44
1636602300,67
1636603200,45
1636604100,61
1636605000,86
1636605900,83
1636606800,109
1636607700,193
1636608600,135
1636609500,265
1636610400,163
1636611300,163
1636612200,99
1636613100,65
1636614000,72
1636614900,67
1636615800,86
1636616700,52
1636617600,47
1636618500,48
1636619400,52
1636620300,47
1636621200,56
1636622100,85
1636623000,70
1636623900,74
1636624800,66
1636625700,93
1636626600,82
1636627500,84
1636628400,67
1636629300,201
1636630200,82
1636631100,82
1636632000,82
1636632900,81
1636633800,66
1636634700,58
1636635600,67
1636636500,74
1636637400,120
1636638300,102
1636639200,135
1636640100,142
1636641000,136
1636641900,139
1636642800,152
1636643700,125
1636644600,98
1636645500,94
1636646400,94
1636647300,122
1636648200,128
1636649100,162
1636650000,197
1636650900,284
1636651800,207
1636652700,200
1636653600,234
1636654500,207
1636655400,181
1636656300,182
1636657200,347
1636658100,293
1636659000,189
1636659900,160
1636660800,130
1636661700,102
1636662600,123
1636663500,200
1636664400,171
1636665300,152
1636666200,141
1636667100,143
1636668000,120
1636668900,119
1636669800,111
1636670700,94
1636671600,61
1636672500,69
1636673400,74
1636674300,67
1636675200,61
1636676100,66
1636677000,71
1636677900,55
1636678800,63
1636679700,62
1636680600,76
1636681500,71
1636682400,79
1636683300,81
1636684200,88
1636685100,81
1636686000,79
1636686900,93
1636687800,55
1636688700,61
1636689600,60
1636690500,80
1636691400,73
1636692300,120
1636693200,356
1636694100,174
1636695000,161
1636695900,164
1636696800,323
1636697700,114
1636698600,130
1636699500,99
1636700400,130
1636701300,103
1636702200,130
1636703100,501
1636704000,247
1636704900,411
1636705800,50
1636706700,64
1636707600,65
1636708500,65
1636709400,56
1636710300,90
1636711200,90
1636712100,99
1636713000,127
1636713900,181
1636714800,146
1636715700,137
1636716600,146
1636717500,154
1636718400,171
1636719300,134
1636720200,114
1636721100,119
1636722000,125
1636722900,106
1636723800,97
1636724700,118
1636725600,147
1636726500,108
1636727400,261
1636728300,293
1636729200,125
1636730100,178
1636731000,165
1636731900,190
1636732800,152
1636733700,161
1636734600,167
1636735500,148
1636736400,128
1636737300,142
1636738200,195
1636739100,172
1636740000,176
1636740900,175
1636741800,210
1636742700,190
1636743600,225
1636744500,243
1636745400,256
1636746300,242
1636747200,230
1636748100,240
1636749000,151
1636749900,146
1636750800,152
1636751700,171
1636752600,122
1636753500,120
1636754400,109
1636755300,72
1636756200,79
1636757100,77
1636758000,85
1636758900,72
1636759800,81
1636760700,86
1636761600,82
1636762500,77
1636763400,78
1636764300,94
1636765200,49
1636766100,64
1636767000,66
1636767900,73
1636768800,47
1636769700,50
1636770600,56
1636771500,48
1636772400,44
1636773300,42
1636774200,79
1636775100,64
1636776000,75
1636776900,69
1636777800,71
1636778700,48
1636779600,236
1636780500,96
1636781400,109
1636782300,255
1636783200,125
1636784100,170
1636785000,202
1636785900,306
1636786800,108
1636787700,158
1636788600,53
1636789500,110
1636790400,179
1636791300,175
1636792200,94
1636793100,94
1636794000,80
1636794900,122
1636795800,124
1636796700,711
1636797600,524
1636798500,69
1636799400,151
1636800300,117
1636801200,178
1636802100,611
1636803000,257
1636803900,488
1636804800,82
1636805700,80
1636806600,795
1636807500,929
1636808400,689
1636809300,535
1636810200,385
1636811100,130
1636812000,139
1636812900,117
1636813800,118
1636814700,230
1636815600,486
1636816500,116
1636817400,121
1636818300,104
1636819200,116
1636820100,87
1636821000,94
1636821900,119
1636822800,185
1636823700,288
1636824600,642
1636825500,327
1636826400,506
1636827300,243
1636828200,224
1636829100,250
1636830000,319
1636830900,289
1636831800,242
1636832700,237
1636833600,177
1636834500,140
1636835400,124
1636836300,142
1636837200,96
1636838100,80
1636839000,61
1636839900,90
1636840800,77
1636841700,64
1636842600,78
1636843500,68
1636844400,62
1636845300,39
1636846200,62
1636847100,41
1636848000,50
1636848900,49
1636849800,81
1636850700,68
1636851600,64
1636852500,79
1636853400,90
1636854300,86
1636855200,79
1636856100,75
1636857000,75
1636857900,100
1636858800,84
1636859700,98
1636860600,115
1636861500,116
1636862400,103
1636863300,104
1636864200,74
1636865100,63
1636866000,71
1636866900,83
1636867800,94
1636868700,83
1636869600,142
1636870500,186
1636871400,230
1636872300,76
1636873200,324
1636874100,269
1636875000,126
1636875900,234
1636876800,230
1636877700,131
1636878600,128
1636879500,128
1636880400,133
1636881300,374
1636882200,475
1636883100,385
1636884000,292
1636884900,234
1636885800,290
1636886700,330
1636887600,451
1636888500,564
1636889400,206
1636890300,128
1636891200,153
1636892100,155
1636893000,150
1636893900,419
1636894800,203
1636895700,332
1636896600,580
1636897500,482
1636898400,223
1636899300,276
1636900200,258
1636901100,205
1636902000,195
1636902900,149
1636903800,517
1636904700,696
1636905600,482
1636906500,461
1636907400,380
1636908300,654
1636909200,548
1636910100,420
1636911000,287
1636911900,337
1636912800,426
1636913700,269
1636914600,248
1636915500,231
1636916400,218
1636917300,218
1636918200,209
1636919100,224
1636920000,336
1636920900,711
1636921800,332
1636922700,500
1636923600,172
1636924500,129
1636925400,143
1636926300,116
1636927200,139
1636928100,100
1636929000,148
1636929900,102
1636930800,105
1636931700,89
1636932600,78
1636933500,54
1636934400,53
1636935300,75
1636936200,53
1636937100,97
1636938000,94
1636938900,114
1636939800,91
1636940700,96
1636941600,64
1636942500,65
1636943400,51
1636944300,50
1636945200,75
1636946100,77
1636947000,80
1636947900,73
1636948800,97
1636949700,80
1636950600,262
1636951500,81
1636952400,101
1636953300,78
1636954200,123
1636955100,128
1636956000,138
1636956900,128
1636957800,77
1636958700,85
1636959600,82
1636960500,182
1636961400,138
1636962300,77
1636963200,169
1636964100,80
1636965000,80
1636965900,82
1636966800,83
1636967700,78
1636968600,144
1636969500,252
1636970400,213
1636971300,126
1636972200,144
1636973100,150
1636974000,93
1636974900,78
1636975800,67
1636976700,89
1636977600,95
1636978500,102
1636979400,93
1636980300,149
1636981200,106
1636982100,85
1636983000,79
1636983900,138
1636984800,87
1636985700,82
1636986600,125
1636987500,139
1636988400,128
1636989300,113
1636990200,113
1636991100,105
1636992000,86
1636992900,88
1636993800,94
1636994700,111
1636995600,123
1636996500,196
1636997400,252
1636998300,287
1636999200,244
1637000100,235
1637001000,219
1637001900,241
1637002800,185
1637003700,153
1637004600,151
1637005500,211
1637006400,201
1637007300,184
1637008200,195
1637009100,172
1637010000,168
1637010900,205
1637011800,218
1637012700,160
1637013600,135
1637014500,121
1637015400,65
1637016300,64
1637017200,49
1637018100,68
1637019000,72
1637019900,96
1637020800,84
1637021700,78
1637022600,80
1637023500,78
1637024400,64
1637025300,41
1637026200,58
1637027100,44
1637028000,49
1637028900,65
1637029800,82
1637030700,66
1637031600,74
1637032500,64
1637033400,79
1637034300,69
1637035200,75
1637036100,68
1637037000,73
1637037900,75
1637038800,71
1637039700,87
1637040600,76
1637041500,72
1637042400,63
1637043300,85
1637044200,264
1637045100,267
1637046000,215
1637046900,522
1637047800,221
1637048700,775
1637049600,129
1637050500,237
1637051400,662
1637052300,634
1637053200,627
1637054100,698
1637055000,151
1637055900,145
1637056800,233
1637057700,196
1637058600,206
1637059500,619
1637060400,909
1637061300,811
1637062200,721
1637063100,460
1637064000,149
1637064900,160
1637065800,137
1637066700,197
1637067600,156
1637068500,120
1637069400,118
1637070300,114
1637071200,122
1637072100,117
1637073000,136
1637073900,117
1637074800,125
1637075700,107
1637076600,162
1637077500,149
1637078400,152
1637079300,195
1637080200,172
1637081100,193
1637082000,479
1637082900,561
1637083800,695
1637084700,239
1637085600,205
1637086500,204
1637087400,202
1637088300,197
1637089200,225
1637090100,287
1637091000,260
1637091900,218
1637092800,183
1637093700,172
1637094600,163
1637095500,124
1637096400,111
1637097300,109
1637098200,80
1637099100,72
1637100000,88
1637100900,87
1637101800,108
1637102700,97
1637103600,108
1637104500,89
1637105400,104
1637106300,74
1637107200,79
1637108100,63
1637109000,53
1637109900,63
1637110800,89
1637111700,83
1637112600,75
1637113500,89
1637114400,85
1637115300,76
1637116200,52
1637117100,62
1637118000,60
1637118900,62
1637119800,93
1637120700,104
1637121600,100
1637122500,85
1637123400,97
1637124300,104
1637125200,67
1637126100,224
1637127000,181
1637127900,159
1637128800,139
1637129700,86
1637130600,71
1637131500,99
1637132400,79
1637133300,80
1637134200,62
1637135100,84
1637136000,63
1637136900,48
1637137800,40
1637138700,58
1637139600,54
1637140500,65
1637141400,245
1637142300,620
1637143200,446
1637144100,185
1637145000,414
1637145900,1101
1637146800,919
1637147700,308
1637148600,148
1637149500,150
1637150400,147
1637151300,297
1637152200,392
1637153100,1189
1637154000,1129
1637154900,976
1637155800,1032
1637156700,289
1637157600,187
1637158500,166
1637159400,183
1637160300,173
1637161200,188
1637162100,190
1637163000,268
1637163900,346
1637164800,219
1637165700,359
1637166600,215
1637167500,201
1637168400,122
1637169300,77
1637170200,68
1637171100,67
1637172000,57
1637172900,95
1637173800,121
1637174700,116
1637175600,119
1637176500,99
1637177400,98
1637178300,123
1637179200,113
1637180100,127
1637181000,115
1637181900,97
1637182800,95
1637183700,90
1637184600,81
1637185500,69
1637186400,95
1637187300,154
1637188200,188
1637189100,150
1637190000,147
1637190900,88
1637191800,98
1637192700,61
1637193600,69
1637194500,65
1637195400,77
1637196300,75
1637197200,86
1637198100,96
1637199000,96
1637199900,94
1637200800,84
1637201700,95
1637202600,94
1637203500,110
1637204400,80
1637205300,82
1637206200,68
1637207100,70
1637208000,84
1637208900,92
1637209800,105
1637210700,97
1637211600,99
1637212500,83
1637213400,98
1637214300,81
1637215200,90
1637216100,83
1637217000,237
1637217900,78
1637218800,94
1637219700,107
1637220600,120
1637221500,204
1637222400,148
1637223300,122
1637224200,129
1637225100,112
1637226000,135
1637226900,601
1637227800,701
1637228700,729
1637229600,439
1637230500,216
1637231400,326
1637232300,150
1637233200,222
1637234100,167
1637235000,175
1637235900,173
1637236800,156
1637237700,244
1637238600,338
1637239500,315
1637240400,139
1637241300,101
1637242200,91
1637243100,79
1637244000,71
1637244900,74
1637245800,85
1637246700,72
1637247600,100
1637248500,92
1637249400,115
1637250300,92
1637251200,85
1637252100,102
1637253000,296
1637253900,140
1637254800,172
1637255700,200
1637256600,103
1637257500,87
1637258400,146
1637259300,179
1637260200,173
1637261100,188
1637262000,157
1637262900,193
1637263800,221
1637264700,205
1637265600,228
1637266500,235
1637267400,210
1637268300,530
1637269200,242
1637270100,434
1637271000,150
1637271900,163
1637272800,126
1637273700,129
1637274600,113
1637275500,109
1637276400,122
1637277300,91
1637278200,97
1637279100,97
1637280000,102
1637280900,96
1637281800,99
1637282700,72
1637283600,80
1637284500,71
1637285400,68
1637286300,80
1637287200,97
1637288100,100
1637289000,87
1637289900,95
1637290800,98
1637291700,105
1637292600,94
1637293500,92
1637294400,67
1637295300,63
1637296200,55
1637297100,81
1637298000,304
1637298900,229
1637299800,234
1637300700,152
1637301600,162
1637302500,182
1637303400,125
1637304300,103
1637305200,123
1637306100,111
1637307000,110
1637307900,96
1637308800,245
1637309700,115
1637310600,178
1637311500,123
1637312400,130
1637313300,115
1637314200,95
1637315100,116
1637316000,144
1637316900,215
1637317800,237
1637318700,237
1637319600,182
1637320500,215
1637321400,177
1637322300,185
1637323200,202
1637324100,283
1637325000,155
1637325900,146
1637326800,162
1637327700,171
1637328600,177
1637329500,116
1637330400,114
1637331300,106
1637332200,87
1637333100,137
1637334000,135
1637334900,158
1637335800,166
1637336700,259
1637337600,247
1637338500,233
1637339400,266
1637340300,782
1637341200,302
1637342100,710
1637343000,372
1637343900,279
1637344800,126
1637345700,105
1637346600,98
1637347500,119
1637348400,105
1637349300,98
1637350200,124
1637351100,115
1637352000,124
1637352900,110
1637353800,96
1637354700,95
1637355600,98
1637356500,103
1637357400,74
1637358300,114
1637359200,118
1637360100,188
1637361000,115
1637361900,115
1637362800,107
1637363700,117
1637364600,85
1637365500,79
1637366400,90
1637367300,89
1637368200,105
1637369100,102
1637370000,113
1637370900,112
1637371800,106
1637372700,115
1637373600,124
1637374500,125
1637375400,93
1637376300,81
1637377200,75
1637378100,96
1637379000,99
1637379900,106
1637380800,97
1637381700,119
1637382600,97
1637383500,109
1637384400,262
1637385300,237
1637386200,136
1637387100,126
1637388000,126
1637388900,119
1637389800,147
1637390700,325
1637391600,161
1637392500,166
1637393400,60
1637394300,55
1637395200,190
1637396100,186
1637397000,74
1637397900,309
1637398800,108
1637399700,158
1637400600,344
1637401500,267
1637402400,128
1637403300,115
1637404200,97
1637405100,92
1637406000,86
1637406900,91
1637407800,100
1637408700,95
1637409600,103
1637410500,100
1637411400,116
1637412300,136
1637413200,502
1637414100,144
1637415000,126
1637415900,103
1637416800,136
1637417700,134
1637418600,124
1637419500,327
1637420400,398
1637421300,437
1637422200,370
1637423100,569
1637424000,271
1637424900,384
1637425800,153
1637426700,163
1637427600,168
1637428500,216
1637429400,453
1637430300,321
1637431200,186
1637432100,91
1637433000,58
1637433900,78
1637434800,56
1637435700,66
1637436600,59
1637437500,77
1637438400,62
1637439300,83
1637440200,82
1637441100,81
1637442000,58
1637442900,62
1637443800,51
1637444700,49
1637445600,39
1637446500,50
1637447400,99
1637448300,52
1637449200,40
1637450100,45
1637451000,56
1637451900,59
1637452800,67
1637453700,81
1637454600,94
1637455500,70
1637456400,47
1637457300,46
1637458200,55
1637459100,39
1637460000,48
1637460900,69
1637461800,74
1637462700,65
1637463600,68
1637464500,73
1637465400,60
1637466300,41
1637467200,57
1637468100,82
1637469000,92
1637469900,105
1637470800,122
1637471700,157
1637472600,370
1637473500,177
1637474400,280
1637475300,175
1637476200,193
1637477100,83
1637478000,44
1637478900,83
1637479800,64
1637480700,80
1637481600,84
1637482500,65
1637483400,46
1637484300,38
1637485200,46
1637486100,51
1637487000,46
1637487900,38
1637488800,75
1637489700,78
1637490600,85
1637491500,72
1637492400,72
1637493300,83
1637494200,84
1637495100,91
1637496000,86
1637496900,82
1637497800,56
1637498700,65
1637499600,65
1637500500,70
1637501400,58
1637502300,60
1637503200,70
1637504100,62
1637505000,66
1637505900,56
1637506800,73
1637507700,76
1637508600,81
1637509500,66
1637510400,73
1637511300,60
1637512200,60
1637513100,59
1637514000,64
1637514900,67
1637515800,56
1637516700,64
1637517600,65
1637518500,70
1637519400,57
1637520300,65
1637521200,64
1637522100,84
1637523000,73
1637523900,74
1637524800,67
1637525700,65
1637526600,66
1637527500,56
1637528400,71
1637529300,62
1637530200,46
1637531100,38
1637532000,52
1637532900,49
1637533800,44
1637534700,42
1637535600,60
1637536500,83
1637537400,73
1637538300,90
1637539200,52
1637540100,62
1637541000,39
1637541900,48
1637542800,39
1637543700,78
1637544600,65
1637545500,63
1637546400,70
1637547300,76
1637548200,57
1637549100,39
1637550000,47
1637550900,49
1637551800,57
1637552700,63
1637553600,83
1637554500,92
1637555400,74
1637556300,66
1637557200,56
1637558100,57
1637559000,41
1637559900,46
1637560800,38
1637561700,81
1637562600,71
1637563500,69
1637564400,66
1637565300,68
1637566200,78
1637567100,62
1637568000,57
1637568900,38
1637569800,60
1637570700,60
1637571600,88
1637572500,70
1637573400,80
1637574300,65
1637575200,62
1637576100,73
1637577000,86
1637577900,66
1637578800,56
1637579700,66
1637580600,66
1637581500,71
1637582400,56
1637583300,64
1637584200,65
1637585100,67
1637586000,65
1637586900,57
1637587800,79
1637588700,85
1637589600,87
1637590500,80
1637591400,89
1637592300,84
1637593200,61
1637594100,60
1637595000,55
1637595900,75
1637596800,59
1637597700,64
1637598600,57
1637599500,71
1637600400,65
1637601300,65
1637602200,72
1637603100,241
1637604000,239
1637604900,228
1637605800,228
1637606700,211
1637607600,279
1637608500,216
1637609400,179
1637610300,154
1637611200,182
1637612100,167
1637613000,164
1637613900,153
1637614800,181
1637615700,142
1637616600,66
1637617500,64
1637618400,70
1637619300,66
1637620200,59
1637621100,79
1637622000,110
1637622900,94
1637623800,77
1637624700,61
1637625600,66
1637626500,44
1637627400,45
1637628300,41
1637629200,72
1637630100,64
1637631000,68
1637631900,68
1637632800,70
1637633700,43
1637634600,38
1637635500,63
1637636400,64
1637637300,63
1637638200,53
1637639100,75
1637640000,70
1637640900,74
1637641800,70
1637642700,100
1637643600,69
1637644500,38
1637645400,47
1637646300,49
1637647200,78
1637648100,91
1637649000,364
1637649900,100
1637650800,297
1637651700,138
1637652600,62
1637653500,59
1637654400,455
1637655300,225
1637656200,89
1637657100,221
1637658000,616
1637658900,835
1637659800,1022
1637660700,345
1637661600,470
1637662500,183
1637663400,154
1637664300,98
1637665200,92
1637666100,73
1637667000,135
1637667900,60
1637668800,80
1637669700,89
1637670600,100
1637671500,386
1637672400,397
1637673300,400
1637674200,224
1637675100,84
1637676000,84
1637676900,89
1637677800,71
1637678700,78
1637679600,65
1637680500,75
1637681400,53
1637682300,63
1637683200,53
1637684100,78
1637685000,131
1637685900,188
1637686800,157
1637687700,174
1637688600,165
1637689500,163
1637690400,192
1637691300,182
1637692200,175
1637693100,159
1637694000,207
1637694900,217
1637695800,203
1637696700,181
1637697600,186
1637698500,176
1637699400,175
1637700300,193
1637701200,143
1637702100,103
1637703000,81
1637703900,80
1637704800,60
1637705700,67
1637706600,69
1637707500,56
1637708400,66
1637709300,61
1637710200,71
1637711100,56
1637712000,65
1637712900,60
1637713800,71
1637714700,57
1637715600,74
1637716500,83
1637717400,86
1637718300,86
1637719200,77
1637720100,95
1637721000,61
1637721900,61
1637722800,53
1637723700,71
1637724600,91
1637725500,92
1637726400,116
1637727300,114
1637728200,125
1637729100,102
1637730000,80
1637730900,72
1637731800,268
1637732700,876
1637733600,1197
1637734500,1219
1637735400,579
1637736300,122
1637737200,118
1637738100,147
1637739000,211
1637739900,88
1637740800,59
1637741700,321
1637742600,115
1637743500,435
1637744400,764
1637745300,1529
1637746200,1448
1637747100,1138
1637748000,712
1637748900,275
1637749800,157
1637750700,168
1637751600,176
1637752500,249
1637753400,147
1637754300,291
1637755200,337
1637756100,248
1637757000,306
1637757900,89
1637758800,95
1637759700,81
1637760600,89
1637761500,68
1637762400,75
1637763300,74
1637764200,81
1637765100,70
1637766000,69
1637766900,85
1637767800,75
1637768700,91
1637769600,85
1637770500,114
1637771400,178
1637772300,772
1637773200,786
1637774100,789
1637775000,735
1637775900,289
1637776800,272
1637777700,336
1637778600,321
1637779500,316
1637780400,348
1637781300,368
1637782200,325
1637783100,342
1637784000,225
1637784900,217
1637785800,213
1637786700,177
1637787600,198
1637788500,120
1637789400,123
1637790300,110
1637791200,130
1637792100,135
1637793000,129
1637793900,110
1637794800,85
1637795700,63
1637796600,52
1637797500,59
1637798400,59
1637799300,58
1637800200,47
1637801100,61
1637802000,58
1637802900,55
1637803800,54
1637804700,63
1637805600,57
1637806500,45
1637807400,54
1637808300,70
1637809200,69
1637810100,72
1637811000,58
1637811900,70
1637812800,75
1637813700,83
1637814600,86
1637815500,86
1637816400,73
1637817300,86
1637818200,76
1637819100,232
1637820000,101
1637820900,334
1637821800,376
1637822700,436
1637823600,206
1637824500,152
1637825400,151
1637826300,162
1637827200,111
1637828100,495
1637829000,588
1637829900,410
1637830800,400
1637831700,595
1637832600,739
1637833500,645
1637834400,513
1637835300,260
1637836200,136
1637837100,165
1637838000,162
1637838900,101
1637839800,120
1637840700,146
1637841600,134
1637842500,113
1637843400,101
1637844300,103
1637845200,154
1637846100,170
1637847000,155
1637847900,148
1637848800,122
1637849700,124
1637850600,115
1637851500,135
1637852400,116
1637853300,128
1637854200,165
1637855100,187
1637856000,249
1637856900,269
1637857800,222
1637858700,296
1637859600,270
1637860500,275
1637861400,261
1637862300,275
1637863200,252
1637864100,281
1637865000,244
1637865900,272
1637866800,285
1637867700,454
1637868600,548
1637869500,486
1637870400,222
1637871300,215
1637872200,211
1637873100,205
1637874000,132
1637874900,119
1637875800,99
1637876700,82
1637877600,101
1637878500,89
1637879400,61
1637880300,55
1637881200,68
1637882100,57
1637883000,52
1637883900,68
1637884800,55
1637885700,60
1637886600,54
1637887500,89
1637888400,66
1637889300,75
1637890200,58
1637891100,60
1637892000,58
1637892900,49
1637893800,68
1637894700,50
1637895600,57
1637896500,48
1637897400,70
1637898300,49
1637899200,84
1637900100,82
1637901000,89
1637901900,86
1637902800,109
1637903700,352
1637904600,250
1637905500,354
1637906400,118
1637907300,192
1637908200,115
1637909100,144
1637910000,121
1637910900,109
1637911800,95
1637912700,79
1637913600,70
1637914500,68
1637915400,46
1637916300,76
1637917200,93
1637918100,67
1637919000,76
1637919900,48
1637920800,169
1637921700,71
1637922600,211
1637923500,102
1637924400,156
1637925300,222
1637926200,162
1637927100,158
1637928000,151
1637928900,168
1637929800,112
1637930700,119
1637931600,116
1637932500,105
1637933400,102
1637934300,112
1637935200,95
1637936100,105
1637937000,87
1637937900,110
1637938800,124
1637939700,152
1637940600,226
1637941500,221
1637942400,201
1637943300,219
1637944200,192
1637945100,218
1637946000,198
1637946900,258
1637947800,218
1637948700,223
1637949600,214
1637950500,198
1637951400,200
1637952300,208
1637953200,249
1637954100,535
1637955000,340
1637955900,388
1637956800,158
1637957700,130
1637958600,151
1637959500,130
1637960400,130
1637961300,97
1637962200,152
1637963100,115
1637964000,117
1637964900,94
1637965800,100
1637966700,89
1637967600,96
1637968500,85
1637969400,82
1637970300,54
1637971200,50
1637972100,50
1637973000,49
1637973900,39
1637974800,55
1637975700,45
1637976600,49
1637977500,40
1637978400,60
1637979300,42
1637980200,71
1637981100,79
1637982000,102
1637982900,68
1637983800,57
1637984700,39
1637985600,61
1637986500,41
1637987400,48
1637988300,79
1637989200,284
1637990100,91
1637991000,116
1637991900,102
1637992800,119
1637993700,117
1637994600,143
1637995500,260
1637996400,388
1637997300,207
1637998200,120
1637999100,206
1638000000,279
1638000900,161
1638001800,121
1638002700,96
1638003600,150
1638004500,82
1638005400,198
1638006300,119
1638007200,154
1638008100,132
1638009000,158
1638009900,179
1638010800,163
1638011700,112
1638012600,118
1638013500,155
1638014400,99
1638015300,88
1638016200,192
1638017100,649
1638018000,210
1638018900,132
1638019800,143
1638020700,145
1638021600,118
1638022500,233
1638023400,144
1638024300,144
1638025200,142
1638026100,182
1638027000,209
1638027900,129
1638028800,138
1638029700,139
1638030600,198
1638031500,191
1638032400,272
1638033300,263
1638034200,697
1638035100,410
1638036000,436
1638036900,236
1638037800,208
1638038700,421
1638039600,234
1638040500,212
1638041400,195
1638042300,198
1638043200,195
1638044100,176
1638045000,139
1638045900,126
1638046800,93
1638047700,81
1638048600,39
1638049500,57
1638050400,58
1638051300,76
1638052200,55
1638053100,58
1638054000,52
1638054900,49
1638055800,49
1638056700,39
1638057600,58
1638058500,43
1638059400,49
1638060300,40
1638061200,61
1638062100,72
1638063000,67
1638063900,70
1638064800,78
1638065700,56
1638066600,39
1638067500,62
1638068400,118
1638069300,118
1638070200,125
1638071100,143
1638072000,136
1638072900,81
1638073800,67
1638074700,59
1638075600,60
1638076500,42
1638077400,51
1638078300,45
1638079200,86
1638080100,227
1638081000,387
1638081900,113
1638082800,171
1638083700,81
1638084600,61
1638085500,38
1638086400,139
1638087300,79
1638088200,103
1638089100,118
1638090000,139
1638090900,103
1638091800,85
1638092700,160
1638093600,426
1638094500,98
1638095400,124
1638096300,126
1638097200,138
1638098100,141
1638099000,140
1638099900,182
1638100800,149
1638101700,237
1638102600,171
1638103500,118
1638104400,203
1638105300,213
1638106200,227
1638107100,238
1638108000,354
1638108900,214
1638109800,199
1638110700,198
1638111600,202
1638112500,284
1638113400,303
1638114300,108
1638115200,85
1638116100,86
1638117000,66
1638117900,88
1638118800,68
1638119700,75
1638120600,69
1638121500,90
1638122400,69
1638123300,77
1638124200,74
1638125100,84
1638126000,69
1638126900,76
1638127800,77
1638128700,81
1638129600,70
1638130500,81
1638131400,92
1638132300,91
1638133200,77
1638134100,64
1638135000,51
1638135900,48
1638136800,39
1638137700,48
1638138600,105
1638139500,166
1638140400,79
1638141300,58
1638142200,56
1638143100,65
1638144000,64
1638144900,68
1638145800,79
1638146700,58
1638147600,44
1638148500,43
1638149400,74
1638150300,58
1638151200,74
1638152100,65
1638153000,85
1638153900,61
1638154800,123
1638155700,91
1638156600,85
1638157500,55
1638158400,56
1638159300,39
1638160200,73
1638161100,73
1638162000,71
1638162900,104
1638163800,149
1638164700,110
1638165600,139
1638166500,92
1638167400,125
1638168300,62
1638169200,64
1638170100,55
1638171000,70
1638171900,66
1638172800,160
1638173700,73
1638174600,86
1638175500,690
1638176400,470
1638177300,464
1638178200,334
1638179100,185
1638180000,203
1638180900,180
1638181800,213
1638182700,199
1638183600,642
1638184500,217
1638185400,619
1638186300,167
1638187200,144
1638188100,145
1638189000,169
1638189900,139
1638190800,129
1638191700,99
1638192600,127
1638193500,107
1638194400,113
1638195300,110
1638196200,142
1638197100,132
1638198000,146
1638198900,156
1638199800,251
1638200700,223
1638201600,230
1638202500,285
1638203400,265
1638204300,242
1638205200,235
1638206100,268
1638207000,265
1638207900,281
1638208800,268
1638209700,303
1638210600,302
1638211500,301
1638212400,264
1638213300,286
1638214200,260
1638215100,204
1638216000,216
1638216900,230
1638217800,214
1638218700,235
1638219600,195
1638220500,292
1638221400,129
1638222300,119
1638223200,137
1638224100,147
1638225000,144
1638225900,138
1638226800,98
1638227700,64
1638228600,58
1638229500,65
1638230400,63
1638231300,57
1638232200,53
1638233100,65
1638234000,48
1638234900,55
1638235800,56
1638236700,58
1638237600,47
1638238500,54
1638239400,61
1638240300,50
1638241200,45
1638242100,100
1638243000,76
1638243900,58
1638244800,61
1638245700,47
1638246600,66
1638247500,61
1638248400,71
1638249300,74
1638250200,267
1638251100,112
1638252000,185
1638252900,125
1638253800,625
1638254700,327
1638255600,443
1638256500,312
1638257400,389
1638258300,349
1638259200,536
1638260100,381
1638261000,246
1638261900,392
1638262800,667
1638263700,583
1638264600,292
1638265500,596
1638266400,678
1638267300,755
1638268200,592
1638269100,704
1638270000,735
1638270900,339
1638271800,277
1638272700,135
1638273600,141
1638274500,180
1638275400,757
1638276300,1247
1638277200,889
1638278100,647
1638279000,256
1638279900,129
1638280800,152
1638281700,134
1638282600,143
1638283500,109
1638284400,117
1638285300,117
1638286200,114
1638287100,124
1638288000,140
1638288900,181
1638289800,200
1638290700,677
1638291600,824
1638292500,790
1638293400,774
1638294300,320
1638295200,241
1638296100,220
1638297000,258
1638297900,252
1638298800,246
1638299700,255
1638300600,240
1638301500,247
1638302400,228
1638303300,196
1638304200,192
1638305100,206
1638306000,199
1638306900,198
1638307800,177
1638308700,155
1638309600,140
1638310500,159
1638311400,170
1638312300,149
1638313200,152
1638314100,133
1638315000,96
1638315900,80
1638316800,84
1638317700,82
1638318600,85
1638319500,72
1638320400,81
1638321300,94
1638322200,97
1638323100,89
1638324000,93
1638324900,86
1638325800,80
1638326700,76
1638327600,77
1638328500,89
1638329400,81
1638330300,79
1638331200,77
1638332100,91
1638333000,74
1638333900,82
1638334800,78
1638335700,136
1638336600,141
1638337500,162
1638338400,284
1638339300,302
1638340200,162
1638341100,176
1638342000,231
1638342900,558
1638343800,750
1638344700,380
1638345600,379
1638346500,345
1638347400,352
1638348300,271
1638349200,293
1638350100,347
1638351000,283
1638351900,310
1638352800,455
1638353700,402
1638354600,231
1638355500,230
1638356400,713
1638357300,188
1638358200,337
1638359100,109
1638360000,226
1638360900,500
1638361800,372
1638362700,202
1638363600,159
1638364500,155
1638365400,104
1638366300,120
1638367200,415
1638368100,593
1638369000,290
1638369900,190
1638370800,217
1638371700,238
1638372600,411
1638373500,824
1638374400,681
1638375300,272
1638376200,275
1638377100,233
1638378000,254
1638378900,460
1638379800,818
1638380700,745
1638381600,506
1638382500,185
1638383400,180
1638384300,170
1638385200,321
1638386100,271
1638387000,255
1638387900,220
1638388800,160
1638389700,133
1638390600,131
1638391500,104
1638392400,114
1638393300,90
1638394200,98
1638395100,88
1638396000,111
1638396900,90
1638397800,87
1638398700,69
1638399600,57
1638400500,38
1638401400,47
1638402300,47
1638403200,51
1638404100,39
1638405000,46
1638405900,51
1638406800,47
1638407700,39
1638408600,47
1638409500,52
1638410400,48
1638411300,52
1638412200,67
1638413100,72
1638414000,2539
1638414900,2570
1638415800,2571
1638416700,1431
1638417600,1022
1638418500,1161
1638419400,880
1638420300,944
1638421200,938
1638422100,882
1638423000,191
1638423900,196
1638424800,234
1638425700,151
1638426600,161
1638427500,181
1638428400,143
1638429300,110
1638430200,90
1638431100,114
1638432000,118
1638432900,319
1638433800,515
1638434700,302
1638435600,77
1638436500,215
1638437400,497
1638438300,590
1638439200,342
1638440100,106
1638441000,370
1638441900,128
1638442800,109
1638443700,159
1638444600,138
1638445500,115
1638446400,123
1638447300,112
1638448200,113
1638449100,95
1638450000,132
1638450900,103
1638451800,215
1638452700,192
1638453600,130
1638454500,142
1638455400,335
1638456300,347
1638457200,403
1638458100,192
1638459000,253
1638459900,249
1638460800,553
1638461700,193
1638462600,223
1638463500,210
1638464400,231
1638465300,320
1638466200,231
1638467100,206
1638468000,196
1638468900,189
1638469800,183
1638470700,144
1638471600,184
1638472500,194
1638473400,175
1638474300,168
1638475200,173
1638476100,166
1638477000,154
1638477900,146
1638478800,128
1638479700,97
1638480600,72
1638481500,98
1638482400,94
1638483300,81
1638484200,73
1638485100,87
1638486000,64
1638486900,56
1638487800,47
1638488700,60
1638489600,47
1638490500,39
1638491400,47
1638492300,72
1638493200,71
1638494100,62
1638495000,71
1638495900,63
1638496800,47
1638497700,39
1638498600,64
1638499500,66
1638500400,68
1638501300,72
1638502200,68
1638503100,75
1638504000,64
1638504900,72
1638505800,70
1638506700,84
1638507600,308
1638508500,132
1638509400,100
1638510300,133
1638511200,342
1638512100,175
1638513000,158
1638513900,124
1638514800,91
1638515700,68
1638516600,91
1638517500,67
1638518400,102
1638519300,101
1638520200,125
1638521100,101
1638522000,93
1638522900,95
1638523800,106
1638524700,92
1638525600,82
1638526500,126
1638527400,147
1638528300,229
1638529200,165
1638530100,231
1638531000,188
1638531900,187
1638532800,183
1638533700,143
1638534600,135
1638535500,112
1638536400,125
1638537300,100
1638538200,117
1638539100,91
1638540000,157
1638540900,140
1638541800,158
1638542700,135
1638543600,143
1638544500,141
1638545400,150
1638546300,168
1638547200,152
1638548100,226
1638549000,216
1638549900,226
1638550800,254
1638551700,246
1638552600,213
1638553500,273
1638554400,310
1638555300,302
1638556200,282
1638557100,273
1638558000,296
1638558900,212
1638559800,204
1638560700,264
1638561600,283
1638562500,261
1638563400,241
1638564300,243
1638565200,224
1638566100,143
1638567000,201
1638567900,139
1638568800,129
1638569700,107
1638570600,57
1638571500,48
1638572400,40
1638573300,56
1638574200,46
1638575100,49
1638576000,41
1638576900,60
1638577800,41
1638578700,47
1638579600,47
1638580500,52
1638581400,49
1638582300,56
1638583200,78
1638584100,56
1638585000,65
1638585900,63
1638586800,84
1638587700,72
1638588600,103
1638589500,77
1638590400,86
1638591300,73
1638592200,41
1638593100,66
1638594000,254
1638594900,101
1638595800,133
1638596700,210
1638597600,432
1638598500,407
1638599400,143
1638600300,211
1638601200,132
1638602100,127
1638603000,374
1638603900,640
1638604800,338
1638605700,300
1638606600,134
1638607500,174
1638608400,119
1638609300,129
1638610200,171
1638611100,111
1638612000,127
1638612900,124
1638613800,125
1638614700,199
1638615600,167
1638616500,196
1638617400,111
1638618300,115
1638619200,102
1638620100,112
1638621000,310
1638621900,130
1638622800,112
1638623700,412
1638624600,167
1638625500,150
1638626400,185
1638627300,154
1638628200,161
1638629100,114
1638630000,107
1638630900,132
1638631800,131
1638632700,98
1638633600,103
1638634500,105
1638635400,149
1638636300,194
1638637200,150
1638638100,204
1638639000,232
1638639900,255
1638640800,216
1638641700,199
1638642600,215
1638643500,283
1638644400,280
1638645300,280
1638646200,257
1638647100,262
1638648000,273
1638648900,268
1638649800,285
1638650700,221
1638651600,220
1638652500,182
1638653400,148
1638654300,122
1638655200,112
1638656100,85
1638657000,70
1638657900,52
1638658800,40
1638659700,47
1638660600,51
1638661500,48
1638662400,38
1638663300,56
1638664200,45
1638665100,45
1638666000,98
1638666900,91
1638667800,74
1638668700,49
1638669600,62
1638670500,55
1638671400,59
1638672300,50
1638673200,73
1638674100,76
1638675000,73
1638675900,88
1638676800,149
1638677700,89
1638678600,86
1638679500,100
1638680400,97
1638681300,75
1638682200,92
1638683100,107
1638684000,85
1638684900,100
1638685800,279
1638686700,192
1638687600,685
1638688500,224
1638689400,97
1638690300,127
1638691200,172
1638692100,116
1638693000,432
1638693900,418
1638694800,343
1638695700,608
1638696600,655
1638697500,681
1638698400,204
1638699300,389
1638700200,90
1638701100,139
1638702000,136
1638702900,132
1638703800,114
1638704700,129
1638705600,150
1638706500,221
1638707400,206
1638708300,299
1638709200,169
1638710100,169
1638711000,166
1638711900,155
1638712800,146
1638713700,117
1638714600,160
1638715500,174
1638716400,166
1638717300,362
1638718200,198
1638719100,352
1638720000,240
1638720900,208
1638721800,266
1638722700,288
1638723600,252
1638724500,243
1638725400,239
1638726300,224
1638727200,260
1638728100,317
1638729000,338
1638729900,216
1638730800,218
1638731700,231
1638732600,196
1638733500,153
1638734400,151
1638735300,152
1638736200,168
1638737100,200
1638738000,210
1638738900,160
1638739800,120
1638740700,135
1638741600,101
1638742500,61
1638743400,52
1638744300,65
1638745200,50
1638746100,49
1638747000,67
1638747900,49
1638748800,58
1638749700,48
1638750600,70
1638751500,50
1638752400,56
1638753300,59
1638754200,121
1638755100,83
1638756000,76
1638756900,93
1638757800,62
1638758700,74
1638759600,107
1638760500,75
1638761400,56
1638762300,66
1638763200,67
1638764100,65
1638765000,59
1638765900,70
1638766800,98
1638767700,78
1638768600,89
1638769500,75
1638770400,100
1638771300,114
1638772200,120
1638773100,113
1638774000,367
1638774900,577
1638775800,377
1638776700,394
1638777600,251
1638778500,69
1638779400,54
1638780300,73
1638781200,57
1638782100,122
1638783000,955
1638783900,882
1638784800,359
1638785700,229
1638786600,319
1638787500,440
1638788400,470
1638789300,239
1638790200,176
1638791100,183
1638792000,138
1638792900,124
1638793800,174
1638794700,242
1638795600,124
1638796500,104
1638797400,107
1638798300,148
1638799200,128
1638800100,120
1638801000,161
1638801900,187
1638802800,168
1638803700,223
1638804600,216
1638805500,214
1638806400,218
1638807300,228
1638808200,163
1638809100,207
1638810000,232
1638810900,300
1638811800,315
1638812700,308
1638813600,316
1638814500,299
1638815400,269
1638816300,249
1638817200,234
1638818100,227
1638819000,221
1638819900,217
1638820800,198
1638821700,214
1638822600,227
1638823500,203
1638824400,256
1638825300,145
1638826200,148
1638827100,133
1638828000,81
1638828900,63
1638829800,85
1638830700,64
1638831600,71
1638832500,69
1638833400,76
1638834300,68
1638835200,64
1638836100,76
1638837000,41
1638837900,49
1638838800,58
1638839700,77
1638840600,57
1638841500,51
1638842400,44
1638843300,56
1638844200,45
1638845100,41
1638846000,56
1638846900,47
1638847800,68
1638848700,62
1638849600,81
1638850500,65
1638851400,58
1638852300,47
1638853200,64
1638854100,62
1638855000,76
1638855900,145
1638856800,384
1638857700,161
1638858600,282
1638859500,167
1638860400,96
1638861300,54
1638862200,38
1638863100,39
1638864000,75
1638864900,57
1638865800,71
1638866700,57
1638867600,82
1638868500,59
1638869400,76
1638870300,53
1638871200,72
1638872100,46
1638873000,56
1638873900,61
1638874800,69
1638875700,198
1638876600,83
1638877500,237
1638878400,221
1638879300,207
1638880200,103
1638881100,97
1638882000,107
1638882900,134
1638883800,372
1638884700,613
1638885600,543
1638886500,76
1638887400,81
1638888300,77
1638889200,110
1638890100,86
1638891000,123
1638891900,89
1638892800,159
1638893700,665
1638894600,1353
1638895500,1303
1638896400,1287
1638897300,1278
1638898200,854
1638899100,354
1638900000,288
1638900900,354
1638901800,327
1638902700,771
1638903600,863
1638904500,838
1638905400,658
1638906300,298
1638907200,317
1638908100,262
1638909000,210
1638909900,158
1638910800,201
1638911700,130
1638912600,123
1638913500,95
1638914400,74
1638915300,59
1638916200,65
1638917100,67
1638918000,65
1638918900,67
1638919800,59
1638920700,75
1638921600,65
1638922500,64
1638923400,55
1638924300,70
1638925200,39
1638926100,60
1638927000,52
1638927900,69
1638928800,57
1638929700,57
1638930600,65
1638931500,73
1638932400,59
1638933300,37
1638934200,42
1638935100,47
1638936000,45
1638936900,36
1638937800,59
1638938700,71
1638939600,58
1638940500,65
1638941400,92
1638942300,157
1638943200,189
1638944100,115
1638945000,589
1638945900,878
1638946800,595
1638947700,517
1638948600,229
1638949500,111
1638950400,242
1638951300,287
1638952200,283
1638953100,534
1638954000,354
1638954900,848
1638955800,529
1638956700,464
1638957600,145
1638958500,563
1638959400,200
1638960300,256
1638961200,91
1638962100,67
1638963000,94
1638963900,99
1638964800,91
1638965700,89
1638966600,92
1638967500,122
1638968400,101
1638969300,105
1638970200,117
1638971100,126
1638972000,98
1638972900,106
1638973800,95
1638974700,120
1638975600,145
1638976500,185
1638977400,195
1638978300,386
1638979200,507
1638980100,152
1638981000,172
1638981900,180
1638982800,185
1638983700,253
1638984600,204
1638985500,205
1638986400,206
1638987300,620
1638988200,625
1638989100,371
1638990000,389
1638990900,388
1638991800,329
1638992700,315
1638993600,300
1638994500,304
1638995400,341
1638996300,303
1638997200,281
1638998100,312
1638999000,251
1638999900,171
1639000800,184
1639001700,177
1639002600,164
1639003500,206
1639004400,85
1639005300,68
1639006200,85
1639007100,75
1639008000,92
1639008900,62
1639009800,62
1639010700,70
1639011600,70
1639012500,70
1639013400,61
1639014300,78
1639015200,64
1639016100,69
1639017000,59
1639017900,79
1639018800,59
1639019700,60
1639020600,65
1639021500,97
1639022400,104
1639023300,94
1639024200,97
1639025100,71
1639026000,66
1639026900,61
1639027800,70
1639028700,84
1639029600,325
1639030500,347
1639031400,139
1639032300,175
1639033200,143
1639034100,78
1639035000,202
1639035900,282
1639036800,565
1639037700,229
1639038600,261
1639039500,181
1639040400,461
1639041300,413
1639042200,266
1639043100,322
1639044000,320
1639044900,519
1639045800,185
1639046700,81
1639047600,73
1639048500,69
1639049400,104
1639050300,90
1639051200,123
1639052100,110
1639053000,111
1639053900,99
1639054800,155
1639055700,149
1639056600,142
1639057500,341
1639058400,179
1639059300,161
1639060200,433
1639061100,172
1639062000,178
1639062900,197
1639063800,203
1639064700,417
1639065600,667
1639066500,396
1639067400,228
1639068300,218
1639069200,271
1639070100,243
1639071000,262
1639071900,220
1639072800,224
1639073700,203
1639074600,213
1639075500,206
1639076400,231
1639077300,238
1639078200,225
1639079100,214
1639080000,198
1639080900,169
1639081800,180
1639082700,117
1639083600,105
1639084500,104
1639085400,102
1639086300,143
1639087200,91
1639088100,92
1639089000,88
1639089900,67
1639090800,76
1639091700,79
1639092600,72
1639093500,69
1639094400,66
1639095300,81
1639096200,57
1639097100,68
1639098000,59
1639098900,83
1639099800,58
1639100700,78
1639101600,76
1639102500,85
1639103400,97
1639104300,102
1639105200,109
1639106100,125
1639107000,117
1639107900,112
1639108800,93
1639109700,69
1639110600,55
1639111500,62
1639112400,239
1639113300,159
1639114200,96
1639115100,143
1639116000,354
1639116900,505
1639117800,137
1639118700,443
1639119600,260
1639120500,433
1639121400,54
1639122300,38
1639123200,72
1639124100,70
1639125000,73
1639125900,60
1639126800,67
1639127700,68
1639128600,121
1639129500,169
1639130400,117
1639131300,136
1639132200,155
1639133100,162
1639134000,143
1639134900,185
1639135800,140
1639136700,140
1639137600,128
1639138500,109
1639139400,143
1639140300,160
1639141200,140
1639142100,127
1639143000,148
1639143900,116
1639144800,100
1639145700,89
1639146600,145
1639147500,152
1639148400,141
1639149300,165
1639150200,171
1639151100,172
1639152000,227
1639152900,204
1639153800,169
1639154700,172
1639155600,248
1639156500,205
1639157400,227
1639158300,227
1639159200,215
1639160100,259
1639161000,240
1639161900,236
1639162800,269
1639163700,260
1639164600,248
1639165500,281
1639166400,257
1639167300,233
1639168200,308
1639169100,155
1639170000,168
1639170900,163
1639171800,132
1639172700,111
1639173600,117
1639174500,108
1639175400,111
1639176300,64
1639177200,57
1639178100,50
1639179000,62
1639179900,64
1639180800,67
1639181700,56
1639182600,42
1639183500,56
1639184400,41
1639185300,48
1639186200,38
1639187100,60
1639188000,38
1639188900,48
1639189800,39
1639190700,73
1639191600,63
1639192500,61
1639193400,68
1639194300,83
1639195200,81
1639196100,50
1639197000,61
1639197900,74
1639198800,220
1639199700,78
1639200600,122
1639201500,175
1639202400,341
1639203300,214
1639204200,146
1639205100,172
1639206000,231
1639206900,139
1639207800,255
1639208700,274
1639209600,119
1639210500,144
1639211400,186
1639212300,280
1639213200,115
1639214100,209
1639215000,158
1639215900,92
1639216800,89
1639217700,66
1639218600,125
1639219500,121
1639220400,118
1639221300,132
1639222200,167
1639223100,268
1639224000,111
1639224900,122
1639225800,81
1639226700,552
1639227600,661
1639228500,243
1639229400,114
1639230300,120
1639231200,124
1639232100,73
1639233000,78
1639233900,77
1639234800,81
1639235700,77
1639236600,93
1639237500,77
1639238400,83
1639239300,79
1639240200,141
1639241100,194
1639242000,936
1639242900,2349
1639243800,3649
1639244700,3050
1639245600,2125
1639246500,1654
1639247400,1380
1639248300,1212
1639249200,1168
1639250100,1382
1639251000,1200
1639251900,299
1639252800,148
1639253700,120
1639254600,123
1639255500,93
1639256400,72
1639257300,62
1639258200,66
1639259100,62
1639260000,58
1639260900,64
1639261800,88
1639262700,84
1639263600,77
1639264500,89
1639265400,81
1639266300,52
1639267200,39
1639268100,59
1639269000,38
1639269900,48
1639270800,43
1639271700,52
1639272600,42
1639273500,40
1639274400,62
1639275300,57
1639276200,62
1639277100,56
1639278000,62
1639278900,38
1639279800,47
1639280700,53
1639281600,78
1639282500,75
1639283400,80
1639284300,88
1639285200,52
1639286100,50
1639287000,47
1639287900,90
1639288800,145
1639289700,163
1639290600,213
1639291500,388
1639292400,536
1639293300,679
1639294200,672
1639295100,641
1639296000,617
1639296900,120
1639297800,112
1639298700,98
1639299600,94
1639300500,98
1639301400,93
1639302300,74
1639303200,82
1639304100,70
1639305000,108
1639305900,143
1639306800,169
1639307700,120
1639308600,246
1639309500,1097
1639310400,1241
1639311300,900
1639312200,637
1639313100,620
1639314000,135
1639314900,108
1639315800,171
1639316700,146
1639317600,209
1639318500,399
1639319400,1081
1639320300,828
1639321200,747
1639322100,836
1639323000,862
1639323900,1017
1639324800,766
1639325700,274
1639326600,207
1639327500,173
1639328400,167
1639329300,174
1639330200,162
1639331100,191
1639332000,151
1639332900,279
1639333800,158
1639334700,151
1639335600,161
1639336500,146
1639337400,149
1639338300,149
1639339200,120
1639340100,129
1639341000,131
1639341900,125
1639342800,111
1639343700,116
1639344600,69
1639345500,72
1639346400,73
1639347300,72
1639348200,66
1639349100,74
1639350000,89
1639350900,76
1639351800,85
1639352700,85
1639353600,77
1639354500,66
1639355400,98
1639356300,118
1639357200,231
1639358100,184
1639359000,117
1639359900,129
1639360800,114
1639361700,120
1639362600,99
1639363500,101
1639364400,78
1639365300,73
1639366200,66
1639367100,74
1639368000,78
1639368900,66
1639369800,73
1639370700,79
1639371600,75
1639372500,67
1639373400,85
1639374300,86
1639375200,82
1639376100,90
1639377000,105
1639377900,94
1639378800,80
1639379700,100
1639380600,152
1639381500,150
1639382400,109
1639383300,106
1639384200,73
1639385100,77
1639386000,71
1639386900,162
1639387800,630
1639388700,199
1639389600,157
1639390500,160
1639391400,135
1639392300,123
1639393200,138
1639394100,123
1639395000,97
1639395900,103
1639396800,104
1639397700,160
1639398600,93
1639399500,100
1639400400,86
1639401300,212
1639402200,105
1639403100,125
1639404000,120
1639404900,70
1639405800,90
1639406700,87
1639407600,96
1639408500,93
1639409400,112
1639410300,87
1639411200,83
1639412100,90
1639413000,81
1639413900,86
1639414800,78
1639415700,98
1639416600,77
1639417500,86
1639418400,87
1639419300,434
1639420200,289
1639421100,197
1639422000,225
1639422900,207
1639423800,217
1639424700,219
1639425600,229
1639426500,530
1639427400,231
1639428300,473
1639429200,182
1639430100,141
1639431000,91
1639431900,82
1639432800,79
1639433700,73
1639434600,80
1639435500,85
1639436400,79
1639437300,90
1639438200,80
1639439100,61
1639440000,69
1639440900,74
1639441800,70
1639442700,61
1639443600,77
1639444500,68
1639445400,69
1639446300,63
1639447200,73
1639448100,68
1639449000,61
1639449900,74
1639450800,76
1639451700,85
1639452600,76
1639453500,94
1639454400,65
1639455300,71
1639456200,74
1639457100,79
1639458000,69
1639458900,52
1639459800,73
1639460700,102
1639461600,282
1639462500,241
1639463400,349
1639464300,422
1639465200,303
1639466100,554
1639467000,317
1639467900,139
1639468800,342
1639469700,268
1639470600,156
1639471500,143
1639472400,154
1639473300,562
1639474200,580
1639475100,718
1639476000,301
1639476900,141
1639477800,289
1639478700,350
1639479600,149
1639480500,177
1639481400,118
1639482300,111
1639483200,119
1639484100,121
1639485000,122
1639485900,148
1639486800,184
1639487700,276
1639488600,100
1639489500,92
1639490400,141
1639491300,494
1639492200,177
1639493100,181
1639494000,170
1639494900,199
1639495800,379
1639496700,470
1639497600,214
1639498500,221
1639499400,223
1639500300,206
1639501200,198
1639502100,242
1639503000,303
1639503900,202
1639504800,251
1639505700,286
1639506600,684
1639507500,263
1639508400,543
1639509300,276
1639510200,286
1639511100,273
1639512000,266
1639512900,154
1639513800,155
1639514700,177
1639515600,268
1639516500,137
1639517400,115
1639518300,107
1639519200,61
1639520100,68
1639521000,78
1639521900,54
1639522800,73
1639523700,81
1639524600,76
1639525500,67
1639526400,77
1639527300,53
1639528200,59
1639529100,56
1639530000,68
1639530900,55
1639531800,53
1639532700,72
1639533600,53
1639534500,62
1639535400,56
1639536300,71
1639537200,53
1639538100,77
1639539000,85
1639539900,83
1639540800,79
1639541700,95
1639542600,110
1639543500,72
1639544400,64
1639545300,59
1639546200,81
1639547100,101
1639548000,119
1639548900,283
1639549800,112
1639550700,97
1639551600,105
1639552500,115
1639553400,139
1639554300,154
1639555200,127
1639556100,224
1639557000,261
1639557900,372
1639558800,411
1639559700,187
1639560600,249
1639561500,200
1639562400,150
1639563300,231
1639564200,171
1639565100,119
1639566000,129
1639566900,193
1639567800,128
1639568700,323
1639569600,333
1639570500,388
1639571400,111
1639572300,251
1639573200,169
1639574100,155
1639575000,135
1639575900,162
1639576800,164
1639577700,143
1639578600,130
1639579500,168
1639580400,168
1639581300,170
1639582200,185
1639583100,180
1639584000,208
1639584900,223
1639585800,208
1639586700,197
1639587600,208
1639588500,254
1639589400,218
1639590300,218
1639591200,214
1639592100,224
1639593000,195
1639593900,208
1639594800,220
1639595700,203
1639596600,192
1639597500,194
1639598400,199
1639599300,201
1639600200,348
1639601100,179
1639602000,141
1639602900,114
1639603800,112
1639604700,87
1639605600,66
1639606500,61
1639607400,47
1639608300,51
1639609200,39
1639610100,57
1639611000,37
1639611900,45
1639612800,50
1639613700,41
1639614600,58
1639615500,58
1639616400,72
1639617300,51
1639618200,47
1639619100,49
1639620000,49
1639620900,55
1639621800,64
1639622700,79
1639623600,62
1639624500,69
1639625400,60
1639626300,52
1639627200,50
1639628100,52
1639629000,73
1639629900,92
1639630800,98
1639631700,92
1639632600,115
1639633500,281
1639634400,85
1639635300,230
1639636200,114
1639637100,119
1639638000,139
1639638900,180
1639639800,672
1639640700,265
1639641600,662
1639642500,569
1639643400,439
1639644300,939
1639645200,809
1639646100,779
1639647000,720
1639647900,751
1639648800,230
1639649700,392
1639650600,320
1639651500,464
1639652400,746
1639653300,364
1639654200,277
1639655100,131
1639656000,613
1639656900,231
1639657800,138
1639658700,132
1639659600,131
1639660500,132
1639661400,160
1639662300,165
1639663200,166
1639664100,339
1639665000,314
1639665900,132
1639666800,137
1639667700,189
1639668600,257
1639669500,282
1639670400,222
1639671300,209
1639672200,216
1639673100,201
1639674000,174
1639674900,195
1639675800,222
1639676700,184
1639677600,240
1639678500,250
1639679400,195
1639680300,201
1639681200,227
1639682100,232
1639683000,281
1639683900,167
1639684800,175
1639685700,171
1639686600,172
1639687500,180
1639688400,144
1639689300,127
1639690200,117
1639691100,102
1639692000,98
1639692900,104
1639693800,97
1639694700,59
1639695600,55
1639696500,74
1639697400,61
1639698300,61
1639699200,67
1639700100,61
1639701000,67
1639701900,78
1639702800,89
1639703700,71
1639704600,78
1639705500,74
1639706400,65
1639707300,55
1639708200,63
1639709100,92
1639710000,65
1639710900,59
1639711800,93
1639712700,93
1639713600,85
1639714500,65
1639715400,84
1639716300,111
1639717200,237
1639718100,236
1639719000,112
1639719900,135
1639720800,127
1639721700,120
1639722600,133
1639723500,123
1639724400,202
1639725300,82
1639726200,91
1639727100,187
1639728000,408
1639728900,384
1639729800,162
1639730700,106
1639731600,105
1639732500,107
1639733400,132
1639734300,211
1639735200,203
1639736100,155
1639737000,172
1639737900,178
1639738800,170
1639739700,168
1639740600,121
1639741500,114
1639742400,108
1639743300,114
1639744200,94
1639745100,99
1639746000,102
1639746900,122
1639747800,110
1639748700,116
1639749600,122
1639750500,132
1639751400,151
1639752300,134
1639753200,159
1639754100,170
1639755000,227
1639755900,290
1639756800,269
1639757700,463
1639758600,234
1639759500,257
1639760400,212
1639761300,234
1639762200,282
1639763100,232
1639764000,194
1639764900,198
1639765800,228
1639766700,234
1639767600,192
1639768500,201
1639769400,201
1639770300,187
1639771200,168
1639772100,217
1639773000,178
1639773900,176
1639774800,176
1639775700,157
1639776600,139
1639777500,114
1639778400,102
1639779300,70
1639780200,78
1639781100,82
1639782000,77
1639782900,69
1639783800,79
1639784700,77
1639785600,73
1639786500,66
1639787400,85
1639788300,69
1639789200,68
1639790100,74
1639791000,82
1639791900,92
1639792800,84
1639793700,98
1639794600,78
1639795500,75
1639796400,67
1639797300,88
1639798200,68
1639799100,95
1639800000,90
1639800900,104
1639801800,100
1639802700,115
1639803600,124
1639804500,234
1639805400,153
1639806300,254
1639807200,438
1639808100,214
1639809000,210
1639809900,193
1639810800,124
1639811700,265
1639812600,132
1639813500,111
1639814400,146
1639815300,107
1639816200,77
1639817100,62
1639818000,79
1639818900,126
1639819800,76
1639820700,93
1639821600,94
1639822500,113
1639823400,219
1639824300,120
1639825200,377
1639826100,250
1639827000,420
1639827900,156
1639828800,170
1639829700,98
1639830600,77
1639831500,66
1639832400,99
1639833300,83
1639834200,88
1639835100,86
1639836000,85
1639836900,66
1639837800,75
1639838700,74
1639839600,80
1639840500,78
1639841400,76
1639842300,96
1639843200,77
1639844100,85
1639845000,88
1639845900,178
1639846800,219
1639847700,231
1639848600,656
1639849500,522
1639850400,315
1639851300,340
1639852200,348
1639853100,347
1639854000,329
1639854900,216
1639855800,206
1639856700,209
1639857600,211
1639858500,200
1639859400,202
1639860300,194
1639861200,218
1639862100,188
1639863000,181
1639863900,132
1639864800,106
1639865700,110
1639866600,94
1639867500,78
1639868400,77
1639869300,82
1639870200,78
1639871100,70
1639872000,85
1639872900,78
1639873800,69
1639874700,60
1639875600,92
1639876500,113
1639877400,120
1639878300,96
1639879200,117
1639880100,61
1639881000,66
1639881900,71
1639882800,94
1639883700,88
1639884600,95
1639885500,86
1639886400,92
1639887300,85
1639888200,80
1639889100,91
1639890000,91
1639890900,87
1639891800,72
1639892700,81
1639893600,76
1639894500,112
1639895400,270
1639896300,349
1639897200,658
1639898100,173
1639899000,482
1639899900,167
1639900800,142
1639901700,163
1639902600,284
1639903500,309
1639904400,221
1639905300,363
1639906200,607
1639907100,893
1639908000,831
1639908900,697
1639909800,650
1639910700,199
1639911600,448
1639912500,127
1639913400,157
1639914300,97
1639915200,195
1639916100,1024
1639917000,1382
1639917900,1034
1639918800,741
1639919700,712
1639920600,406
1639921500,768
1639922400,260
1639923300,184
1639924200,538
1639925100,829
1639926000,794
1639926900,827
1639927800,619
1639928700,299
1639929600,319
1639930500,384
1639931400,371
1639932300,311
1639933200,296
1639934100,233
1639935000,252
1639935900,240
1639936800,286
1639937700,210
1639938600,160
1639939500,175
1639940400,161
1639941300,180
1639942200,133
1639943100,152
1639944000,151
1639944900,136
1639945800,138
1639946700,124
1639947600,140
1639948500,129
1639949400,54
1639950300,44
1639951200,58
1639952100,50
1639953000,68
1639953900,61
1639954800,77
1639955700,57
1639956600,61
1639957500,54
1639958400,52
1639959300,43
1639960200,57
1639961100,52
1639962000,51
1639962900,47
1639963800,70
1639964700,66
1639965600,67
1639966500,93
1639967400,95
1639968300,81
1639969200,78
1639970100,89
1639971000,79
1639971900,73
1639972800,51
1639973700,72
1639974600,63
1639975500,85
1639976400,86
1639977300,107
1639978200,76
1639979100,86
1639980000,80
1639980900,100
1639981800,77
1639982700,98
1639983600,121
1639984500,189
1639985400,78
1639986300,189
1639987200,120
1639988100,108
1639989000,265
1639989900,134
1639990800,287
1639991700,572
1639992600,513
1639993500,665
1639994400,221
1639995300,284
1639996200,202
1639997100,147
1639998000,119
1639998900,168
1639999800,122
1640000700,138
1640001600,108
1640002500,99
1640003400,72
1640004300,80
1640005200,204
1640006100,210
1640007000,333
1640007900,178
1640008800,146
1640009700,140
1640010600,112
1640011500,95
1640012400,114
1640013300,116
1640014200,127
1640015100,192
1640016000,251
1640016900,272
1640017800,284
1640018700,328
1640019600,319
1640020500,254
1640021400,298
1640022300,308
1640023200,319
1640024100,453
1640025000,312
1640025900,340
1640026800,313
1640027700,262
1640028600,216
1640029500,209
1640030400,191
1640031300,200
1640032200,148
1640033100,100
1640034000,86
1640034900,86
1640035800,75
1640036700,60
1640037600,52
1640038500,67
1640039400,58
1640040300,57
1640041200,54
1640042100,66
1640043000,58
1640043900,58
1640044800,78
1640045700,160
1640046600,94
1640047500,84
1640048400,70
1640049300,62
1640050200,61
1640051100,64
1640052000,89
1640052900,81
1640053800,78
1640054700,80
1640055600,82
1640056500,88
1640057400,75
1640058300,80
1640059200,76
1640060100,79
1640061000,76
1640061900,84
1640062800,84
1640063700,86
1640064600,101
1640065500,295
1640066400,139
1640067300,368
1640068200,179
1640069100,485
1640070000,287
1640070900,432
1640071800,234
1640072700,218
1640073600,631
1640074500,310
1640075400,270
1640076300,95
1640077200,103
1640078100,717
1640079000,734
1640079900,905
1640080800,1036
1640081700,383
1640082600,844
1640083500,609
1640084400,228
1640085300,790
1640086200,922
1640087100,808
1640088000,648
1640088900,601
1640089800,306
1640090700,130
1640091600,131
1640092500,110
1640093400,104
1640094300,95
1640095200,101
1640096100,111
1640097000,113
1640097900,122
1640098800,183
1640099700,198
1640100600,211
1640101500,297
1640102400,434
1640103300,245
1640104200,256
1640105100,274
1640106000,239
1640106900,224
1640107800,281
1640108700,320
1640109600,371
1640110500,369
1640111400,385
1640112300,341
1640113200,325
1640114100,289
1640115000,296
1640115900,244
1640116800,279
1640117700,204
1640118600,187
1640119500,120
1640120400,99
1640121300,80
1640122200,68
1640123100,75
1640124000,62
1640124900,61
1640125800,61
1640126700,54
1640127600,65
1640128500,82
1640129400,74
1640130300,67
1640131200,65
1640132100,64
1640133000,57
1640133900,57
1640134800,53
1640135700,74
1640136600,53
1640137500,61
1640138400,53
1640139300,87
1640140200,76
1640141100,99
1640142000,120
1640142900,133
1640143800,127
1640144700,72
1640145600,77
1640146500,81
1640147400,68
1640148300,69
1640149200,81
1640150100,90
1640151000,86
1640151900,90
1640152800,90
1640153700,163
1640154600,325
1640155500,244
1640156400,376
1640157300,408
1640158200,715
1640159100,699
1640160000,468
1640160900,526
1640161800,293
1640162700,245
1640163600,389
1640164500,202
1640165400,272
1640166300,105
1640167200,107
1640168100,110
1640169000,114
1640169900,103
1640170800,101
1640171700,168
1640172600,155
1640173500,156
1640174400,111
1640175300,118
1640176200,113
1640177100,129
1640178000,93
1640178900,94
1640179800,87
1640180700,105
1640181600,92
1640182500,100
1640183400,103
1640184300,110
1640185200,135
1640186100,182
1640187000,249
1640187900,257
1640188800,219
1640189700,214
1640190600,223
1640191500,227
1640192400,284
1640193300,217
1640194200,233
1640195100,242
1640196000,293
1640196900,888
1640197800,2799
1640198700,2829
1640199600,2801
1640200500,1690
1640201400,1466
1640202300,1238
1640203200,1087
1640204100,1300
1640205000,1135
1640205900,1155
1640206800,1120
1640207700,275
1640208600,240
1640209500,399
1640210400,378
1640211300,164
1640212200,153
1640213100,82
1640214000,76
1640214900,65
1640215800,75
1640216700,70
1640217600,59
1640218500,50
1640219400,59
1640220300,64
1640221200,64
1640222100,73
1640223000,107
1640223900,113
1640224800,91
1640225700,78
1640226600,51
1640227500,73
1640228400,51
1640229300,60
1640230200,70
1640231100,95
1640232000,73
1640232900,81
1640233800,80
1640234700,109
1640235600,83
1640236500,75
1640237400,157
1640238300,293
1640239200,255
1640240100,173
1640241000,295
1640241900,433
1640242800,868
1640243700,604
1640244600,159
1640245500,155
1640246400,124
1640247300,523
1640248200,341
1640249100,489
1640250000,795
1640250900,2266
1640251800,1855
1640252700,1492
1640253600,1194
1640254500,718
1640255400,157
1640256300,139
1640257200,148
1640258100,221
1640259000,192
1640259900,177
1640260800,149
1640261700,145
1640262600,135
1640263500,134
1640264400,164
1640265300,174
1640266200,161
1640267100,146
1640268000,157
1640268900,151
1640269800,180
1640270700,177
1640271600,331
1640272500,639
1640273400,331
1640274300,297
1640275200,286
1640276100,268
1640277000,273
1640277900,285
1640278800,556
1640279700,280
1640280600,492
1640281500,205
1640282400,200
1640283300,179
1640284200,210
1640285100,196
1640286000,220
1640286900,180
1640287800,174
1640288700,155
1640289600,180
1640290500,155
1640291400,80
1640292300,88
1640293200,81
1640294100,72
1640295000,50
1640295900,58
1640296800,45
1640297700,46
1640298600,45
1640299500,52
1640300400,48
1640301300,39
1640302200,47
1640303100,51
1640304000,109
1640304900,56
1640305800,65
1640306700,76
1640307600,86
1640308500,76
1640309400,82
1640310300,93
1640311200,82
1640312100,147
1640313000,98
1640313900,110
1640314800,76
1640315700,82
1640316600,46
1640317500,67
1640318400,47
1640319300,54
1640320200,45
1640321100,65
1640322000,87
1640322900,98
1640323800,114
1640324700,156
1640325600,304
1640326500,244
1640327400,111
1640328300,116
1640329200,102
1640330100,122
1640331000,106
1640331900,133
1640332800,591
1640333700,590
1640334600,153
1640335500,268
1640336400,205
1640337300,180
1640338200,575
1640339100,484
1640340000,251
1640340900,561
1640341800,194
1640342700,462
1640343600,181
1640344500,245
1640345400,149
1640346300,130
1640347200,154
1640348100,221
1640349000,134
1640349900,150
1640350800,199
1640351700,153
1640352600,138
1640353500,135
1640354400,302
1640355300,188
1640356200,217
1640357100,202
1640358000,278
1640358900,694
1640359800,807
1640360700,451
1640361600,322
1640362500,252
1640363400,267
1640364300,289
1640365200,231
1640366100,271
1640367000,255
1640367900,253
1640368800,238
1640369700,232
1640370600,222
1640371500,304
1640372400,170
1640373300,143
1640374200,147
1640375100,151
1640376000,156
1640376900,146
1640377800,104
1640378700,87
1640379600,87
1640380500,107
1640381400,68
1640382300,93
1640383200,108
1640384100,111
1640385000,81
1640385900,88
1640386800,93
1640387700,87
1640388600,74
1640389500,82
1640390400,88
1640391300,67
1640392200,59
1640393100,66
1640394000,76
1640394900,67
1640395800,63
1640396700,46
1640397600,57
1640398500,39
1640399400,45
1640400300,43
1640401200,88
1640402100,71
1640403000,76
1640403900,68
1640404800,78
1640405700,45
1640406600,46
1640407500,39
1640408400,47
1640409300,54
1640410200,54
1640411100,81
1640412000,88
1640412900,134
1640413800,174
1640414700,204
1640415600,611
1640416500,593
1640417400,414
1640418300,372
1640419200,415
1640420100,599
1640421000,747
1640421900,811
1640422800,492
1640423700,597
1640424600,882
1640425500,705
1640426400,515
1640427300,654
1640428200,714
1640429100,259
1640430000,195
1640430900,170
1640431800,167
1640432700,202
1640433600,186
1640434500,200
1640435400,190
1640436300,204
1640437200,193
1640438100,215
1640439000,458
1640439900,437
1640440800,624
1640441700,234
1640442600,232
1640443500,236
1640444400,262
1640445300,494
1640446200,409
1640447100,233
1640448000,209
1640448900,204
1640449800,206
1640450700,267
1640451600,263
1640452500,262
1640453400,272
1640454300,258
1640455200,270
1640456100,246
1640457000,310
1640457900,258
1640458800,545
1640459700,216
1640460600,207
1640461500,180
1640462400,178
1640463300,157
1640464200,175
1640465100,142
1640466000,164
1640466900,156
1640467800,129
1640468700,65
1640469600,45
1640470500,50
1640471400,46
1640472300,36
1640473200,43
1640474100,53
1640475000,41
1640475900,43
1640476800,40
1640477700,58
1640478600,39
1640479500,51
1640480400,57
1640481300,75
1640482200,55
1640483100,94
1640484000,86
1640484900,103
1640485800,74
1640486700,74
1640487600,45
1640488500,56
1640489400,56
1640490300,66
1640491200,74
1640492100,102
1640493000,110
1640493900,106
1640494800,116
1640495700,121
1640496600,82
1640497500,52
1640498400,55
1640499300,54
1640500200,58
1640501100,41
1640502000,73
1640502900,374
1640503800,444
1640504700,313
1640505600,178
1640506500,100
1640507400,92
1640508300,61
1640509200,54
1640510100,160
1640511000,408
1640511900,68
1640512800,247
1640513700,259
1640514600,153
1640515500,183
1640516400,178
1640517300,254
1640518200,196
1640519100,191
1640520000,167
1640520900,163
1640521800,179
1640522700,174
1640523600,165
1640524500,138
1640525400,182
1640526300,129
1640527200,118
1640528100,128
1640529000,126
1640529900,160
1640530800,189
1640531700,189
1640532600,188
1640533500,202
1640534400,195
1640535300,195
1640536200,182
1640537100,202
1640538000,224
1640538900,1202
1640539800,2852
1640540700,2863
1640541600,2336
1640542500,1567
1640543400,1460
1640544300,1195
1640545200,1133
1640546100,1420
1640547000,1034
1640547900,1092
1640548800,1155
1640549700,298
1640550600,251
1640551500,155
1640552400,184
1640553300,138
1640554200,128
1640555100,118
1640556000,115
1640556900,82
1640557800,66
1640558700,88
1640559600,67
1640560500,74
1640561400,66
1640562300,87
1640563200,67
1640564100,78
1640565000,81
1640565900,77
1640566800,61
1640567700,61
1640568600,68
1640569500,67
1640570400,67
1640571300,69
1640572200,88
1640573100,101
1640574000,110
1640574900,104
1640575800,116
1640576700,108
1640577600,110
1640578500,83
1640579400,63
1640580300,73
1640581200,38
1640582100,50
1640583000,78
1640583900,99
1640584800,76
1640585700,85
1640586600,72
1640587500,94
1640588400,60
1640589300,47
1640590200,60
1640591100,333
1640592000,579
1640592900,565
1640593800,477
1640594700,829
1640595600,821
1640596500,601
1640597400,376
1640598300,499
1640599200,585
1640600100,634
1640601000,659
1640601900,648
1640602800,176
1640603700,188
1640604600,188
1640605500,207
1640606400,301
1640607300,1284
1640608200,1353
1640609100,897
1640610000,203
1640610900,183
1640611800,204
1640612700,199
1640613600,316
1640614500,663
1640615400,883
1640616300,739
1640617200,702
1640618100,559
1640619000,222
1640619900,172
1640620800,221
1640621700,232
1640622600,260
1640623500,226
1640624400,223
1640625300,222
1640626200,230
1640627100,223
1640628000,219
1640628900,225
1640629800,251
1640630700,250
1640631600,302
1640632500,268
1640633400,219
1640634300,177
1640635200,187
1640636100,189
1640637000,190
1640637900,166
1640638800,119
1640639700,99
1640640600,86
1640641500,86
1640642400,90
1640643300,89
1640644200,78
1640645100,87
1640646000,93
1640646900,88
1640647800,81
1640648700,87
1640649600,76
1640650500,68
1640651400,61
1640652300,65
1640653200,78
1640654100,60
1640655000,70
1640655900,77
1640656800,100
1640657700,77
1640658600,87
1640659500,77
1640660400,97
1640661300,65
1640662200,68
1640663100,60
1640664000,77
1640664900,64
1640665800,80
1640666700,93
1640667600,122
1640668500,219
1640669400,176
1640670300,147
1640671200,205
1640672100,165
1640673000,107
1640673900,133
1640674800,107
1640675700,71
1640676600,77
1640677500,68
1640678400,81
1640679300,80
1640680200,93
1640681100,83
1640682000,86
1640682900,93
1640683800,95
1640684700,86
1640685600,125
1640686500,270
1640687400,185
1640688300,154
1640689200,143
1640690100,136
1640691000,139
1640691900,135
1640692800,167
1640693700,150
1640694600,265
1640695500,433
1640696400,292
1640697300,413
1640698200,191
1640699100,165
1640700000,153
1640700900,146
1640701800,261
1640702700,137
1640703600,140
1640704500,135
1640705400,152
1640706300,141
1640707200,190
1640708100,121
1640709000,184
1640709900,199
1640710800,530
1640711700,354
1640712600,500
1640713500,205
1640714400,210
1640715300,214
1640716200,234
1640717100,223
1640718000,210
1640718900,244
1640719800,252
1640720700,240
1640721600,242
1640722500,238
1640723400,257
1640724300,245
1640725200,223
1640726100,184
1640727000,133
1640727900,163
1640728800,97
1640729700,114
1640730600,75
1640731500,66
1640732400,61
1640733300,75
1640734200,71
1640735100,61
1640736000,76
1640736900,92
1640737800,86
1640738700,76
1640739600,83
1640740500,89
1640741400,81
1640742300,51
1640743200,60
1640744100,64
1640745000,61
1640745900,57
1640746800,58
1640747700,69
1640748600,51
1640749500,60
1640750400,59
1640751300,89
1640752200,55
1640753100,61
1640754000,78
1640754900,105
1640755800,84
1640756700,83
1640757600,76
1640758500,96
1640759400,70
1640760300,228
1640761200,75
1640762100,70
1640763000,68
1640763900,92
1640764800,113
1640765700,117
1640766600,211
1640767500,96
1640768400,150
1640769300,458
1640770200,562
1640771100,416
1640772000,88
1640772900,92
1640773800,147
1640774700,150
1640775600,372
1640776500,241
1640777400,366
1640778300,108
1640779200,72
1640780100,94
1640781000,107
1640781900,143
1640782800,288
1640783700,148
1640784600,131
1640785500,145
1640786400,130
1640787300,129
1640788200,149
1640789100,162
1640790000,181
1640790900,199
1640791800,215
1640792700,189
1640793600,220
1640794500,217
1640795400,264
1640796300,252
1640797200,252
1640798100,281
1640799000,293
1640799900,275
1640800800,280
1640801700,250
1640802600,235
1640803500,263
1640804400,267
1640805300,214
1640806200,167
1640807100,176
1640808000,205
1640808900,212
1640809800,194
1640810700,206
1640811600,196
1640812500,148
1640813400,85
1640814300,83
1640815200,95
1640816100,74
1640817000,77
1640817900,83
1640818800,79
1640819700,70
1640820600,78
1640821500,79
1640822400,77
1640823300,73
1640824200,74
1640825100,74
1640826000,56
1640826900,60
1640827800,58
1640828700,67
1640829600,53
1640830500,60
1640831400,61
1640832300,64
1640833200,68
1640834100,71
1640835000,83
1640835900,72
1640836800,87
1640837700,59
1640838600,85
1640839500,151
1640840400,325
1640841300,209
1640842200,103
1640843100,162
1640844000,467
1640844900,117
1640845800,101
1640846700,102
1640847600,52
1640848500,55
1640849400,53
1640850300,94
1640851200,114
1640852100,239
1640853000,146
1640853900,179
1640854800,130
1640855700,113
1640856600,96
1640857500,95
1640858400,83
1640859300,85
1640860200,108
1640861100,133
1640862000,254
1640862900,170
1640863800,156
1640864700,164
1640865600,162
1640866500,155
1640867400,123
1640868300,155
1640869200,150
1640870100,310
1640871000,251
1640871900,434
1640872800,108
1640873700,108
1640874600,85
1640875500,123
1640876400,171
1640877300,171
1640878200,204
1640879100,195
1640880000,228
1640880900,209
1640881800,213
1640882700,233
1640883600,225
1640884500,223
1640885400,277
1640886300,280
1640887200,290
1640888100,229
1640889000,246
1640889900,256
1640890800,209
1640891700,219
1640892600,216
1640893500,210
1640894400,244
1640895300,265
1640896200,242
1640897100,210
1640898000,211
1640898900,174
1640899800,177
1640900700,94
1640901600,94
1640902500,85
1640903400,116
1640904300,82
1640905200,68
1640906100,57
1640907000,73
1640907900,56
1640908800,56
1640909700,53
1640910600,59
1640911500,53
1640912400,48
1640913300,60
1640914200,57
1640915100,56
1640916000,43
1640916900,52
1640917800,48
1640918700,47
1640919600,39
1640920500,65
1640921400,70
1640922300,72
1640923200,77
1640924100,65
1640925000,73
1640925900,40
1640926800,128
1640927700,225
1640928600,167
1640929500,136
1640930400,86
1640931300,83
1640932200,87
1640933100,79
1640934000,49
1640934900,47
1640935800,49
1640936700,52
1640937600,39
1640938500,54
1640939400,68
1640940300,102
1640941200,85
1640942100,86
1640943000,85
1640943900,118
1640944800,93
1640945700,77
1640946600,306
1640947500,157
1640948400,677
1640949300,173
1640950200,338
1640951100,125
1640952000,120
1640952900,107
1640953800,98
1640954700,110
1640955600,281
1640956500,145
1640957400,129
1640958300,154
1640959200,648
1640960100,580
1640961000,577
1640961900,400
1640962800,235
1640963700,178
1640964600,267
1640965500,286
1640966400,277
1640967300,288
1640968200,154
1640969100,135
1640970000,128
1640970900,133
1640971800,228
1640972700,115
1640973600,131
1640974500,123
1640975400,154
1640976300,136
1640977200,143
1640978100,137
1640979000,125
1640979900,137
1640980800,116
1640981700,113
1640982600,101
1640983500,109
1640984400,116
1640985300,92
1640986200,108
1640987100,76
1640988000,100
1640988900,84
1640989800,88
1640990700,91
1640991600,95
1640992500,103
1640993400,92
1640994300,111
1640995200,117
1640996100,150
1640997000,188
1640997900,388
1640998800,196
1640999700,243
1641000600,419
1641001500,274
1641002400,235
1641003300,314
1641004200,156
1641005100,124
1641006000,151
1641006900,107
1641007800,95
1641008700,96
1641009600,84
1641010500,50
1641011400,58
1641012300,61
1641013200,62
1641014100,56
1641015000,82
1641015900,87
1641016800,85
1641017700,73
1641018600,76
1641019500,126
1641020400,66
1641021300,110
1641022200,108
1641023100,182
1641024000,78
1641024900,78
1641025800,413
1641026700,259
1641027600,213
1641028500,1050
1641029400,767
1641030300,330
1641031200,259
1641032100,156
1641033000,193
1641033900,165
1641034800,155
1641035700,135
1641036600,100
1641037500,101
1641038400,105
1641039300,104
1641040200,174
1641041100,226
1641042000,306
1641042900,191
1641043800,196
1641044700,183
1641045600,212
1641046500,267
1641047400,217
1641048300,202
1641049200,211
1641050100,185
1641051000,262
1641051900,325
1641052800,218
1641053700,229
1641054600,276
1641055500,561
1641056400,336
1641057300,460
1641058200,272
1641059100,287
1641060000,306
1641060900,312
1641061800,287
1641062700,318
1641063600,270
1641064500,222
1641065400,184
1641066300,185
1641067200,183
1641068100,151
1641069000,169
1641069900,146
1641070800,147
1641071700,97
1641072600,64
1641073500,89
1641074400,89
1641075300,99
1641076200,69
1641077100,112
1641078000,67
1641078900,70
1641079800,59
1641080700,53
1641081600,51
1641082500,48
1641083400,41
1641084300,50
1641085200,49
1641086100,43
1641087000,42
1641087900,47
1641088800,51
1641089700,38
1641090600,46
1641091500,66
1641092400,63
1641093300,55
1641094200,62
1641095100,84
1641096000,51
1641096900,139
1641097800,84
1641098700,72
1641099600,56
1641100500,63
1641101400,55
1641102300,71
1641103200,48
1641104100,56
1641105000,71
1641105900,255
1641106800,359
1641107700,210
1641108600,77
1641109500,71
1641110400,66
1641111300,74
1641112200,253
1641113100,194
1641114000,1127
1641114900,2637
1641115800,1260
1641116700,656
1641117600,466
1641118500,148
1641119400,146
1641120300,179
1641121200,163
1641122100,171
1641123000,198
1641123900,191
1641124800,186
1641125700,196
1641126600,186
1641127500,185
1641128400,175
1641129300,197
1641130200,536
1641131100,850
1641132000,798
1641132900,718
1641133800,158
1641134700,124
1641135600,125
1641136500,118
1641137400,183
1641138300,172
1641139200,255
1641140100,2241
1641141000,2861
1641141900,2633
1641142800,1440
1641143700,1197
1641144600,1357
1641145500,1204
1641146400,1262
1641147300,1178
1641148200,981
1641149100,281
1641150000,213
1641150900,250
1641151800,229
1641152700,199
1641153600,214
1641154500,173
1641155400,161
1641156300,109
1641157200,87
1641158100,60
1641159000,54
1641159900,46
1641160800,50
1641161700,41
1641162600,62
1641163500,41
1641164400,49
1641165300,52
1641166200,52
1641167100,41
1641168000,47
1641168900,54
1641169800,46
1641170700,46
1641171600,46
1641172500,72
1641173400,58
1641174300,64
1641175200,133
1641176100,68
1641177000,60
1641177900,58
1641178800,71
1641179700,58
1641180600,54
1641181500,54
1641182400,70
1641183300,52
1641184200,127
1641185100,94
1641186000,114
1641186900,93
1641187800,150
1641188700,261
1641189600,159
1641190500,143
1641191400,174
1641192300,129
1641193200,355
1641194100,691
1641195000,423
1641195900,367
1641196800,186
1641197700,100
1641198600,92
1641199500,103
1641200400,164
1641201300,308
1641202200,1148
1641203100,427
1641204000,192
1641204900,154
1641205800,166
1641206700,201
1641207600,923
1641208500,742
1641209400,935
1641210300,375
1641211200,132
1641212100,120
1641213000,158
1641213900,202
1641214800,145
1641215700,236
1641216600,139
1641217500,163
1641218400,169
1641219300,431
1641220200,1272
1641221100,949
1641222000,832
1641222900,912
1641223800,357
1641224700,348
1641225600,250
1641226500,217
1641227400,184
1641228300,739
1641229200,259
1641230100,191
1641231000,134
1641231900,138
1641232800,188
1641233700,194
1641234600,182
1641235500,159
1641236400,172
1641237300,164
1641238200,193
1641239100,177
1641240000,183
1641240900,182
1641241800,177
1641242700,145
1641243600,131
1641244500,104
1641245400,111
1641246300,74
1641247200,76
1641248100,110
1641249000,80
1641249900,59
1641250800,37
1641251700,57
1641252600,37
1641253500,45
1641254400,42
1641255300,52
1641256200,47
1641257100,62
1641258000,65
1641258900,59
1641259800,55
1641260700,39
1641261600,57
1641262500,38
1641263400,45
1641264300,40
1641265200,56
1641266100,40
1641267000,54
1641267900,55
1641268800,67
1641269700,54
1641270600,49
1641271500,50
1641272400,59
1641273300,74
1641274200,82
1641275100,254
1641276000,126
1641276900,302
1641277800,174
1641278700,216
1641279600,107
1641280500,89
1641281400,43
1641282300,62
1641283200,74
1641284100,68
1641285000,74
1641285900,75
1641286800,79
1641287700,51
1641288600,46
1641289500,46
1641290400,50
1641291300,44
1641292200,77
1641293100,217
1641294000,149
1641294900,171
1641295800,793
1641296700,213
1641297600,448
1641298500,87
1641299400,115
1641300300,417
1641301200,686
1641302100,465
1641303000,144
1641303900,118
1641304800,145
1641305700,310
1641306600,381
1641307500,124
1641308400,151
1641309300,185
1641310200,251
1641311100,303
1641312000,296
1641312900,255
1641313800,246
1641314700,234
1641315600,209
1641316500,243
1641317400,246
1641318300,306
1641319200,330
1641320100,309
1641321000,283
1641321900,261
1641322800,138
1641323700,132
1641324600,187
1641325500,220
1641326400,226
1641327300,198
1641328200,211
1641329100,205
1641330000,172
1641330900,155
1641331800,171
1641332700,125
1641333600,118
1641334500,89
1641335400,74
1641336300,64
1641337200,63
1641338100,93
1641339000,73
1641339900,70
1641340800,65
1641341700,87
1641342600,60
1641343500,63
1641344400,53
1641345300,65
1641346200,62
1641347100,58
1641348000,75
1641348900,44
1641349800,47
1641350700,41
1641351600,64
1641352500,43
1641353400,49
1641354300,42
1641355200,59
1641356100,54
1641357000,59
1641357900,79
1641358800,84
1641359700,78
1641360600,75
1641361500,81
1641362400,274
1641363300,160
1641364200,221
1641365100,216
1641366000,167
1641366900,81
1641367800,88
1641368700,77
1641369600,101
1641370500,75
1641371400,78
1641372300,49
1641373200,68
1641374100,48
1641375000,54
1641375900,137
1641376800,386
1641377700,152
1641378600,128
1641379500,93
1641380400,99
1641381300,95
1641382200,137
1641383100,118
1641384000,103
1641384900,99
1641385800,90
1641386700,118
1641387600,344
1641388500,292
1641389400,134
1641390300,167
1641391200,190
1641392100,146
1641393000,144
1641393900,152
1641394800,149
1641395700,156
1641396600,200
1641397500,233
1641398400,226
1641399300,333
1641400200,257
1641401100,288
1641402000,303
1641402900,798
1641403800,322
1641404700,354
1641405600,162
1641406500,157
1641407400,168
1641408300,146
1641409200,153
1641410100,145
1641411000,147
1641411900,139
1641412800,140
1641413700,149
1641414600,143
1641415500,145
1641416400,172
1641417300,129
1641418200,110
1641419100,103
1641420000,107
1641420900,91
1641421800,75
1641422700,58
1641423600,47
1641424500,35
1641425400,47
1641426300,47
1641427200,45
1641428100,37
1641429000,57
1641429900,38
1641430800,45
1641431700,39
1641432600,58
1641433500,39
1641434400,63
1641435300,62
1641436200,75
1641437100,104
1641438000,60
1641438900,65
1641439800,59
1641440700,51
1641441600,59
1641442500,78
1641443400,88
1641444300,84
1641445200,105
1641446100,115
1641447000,166
1641447900,98
1641448800,99
1641449700,80
1641450600,88
1641451500,81
1641452400,108
1641453300,120
1641454200,183
1641455100,139
1641456000,181
1641456900,75
1641457800,70
1641458700,61
1641459600,72
1641460500,73
1641461400,69
1641462300,311
1641463200,257
1641464100,143
1641465000,140
1641465900,160
1641466800,175
1641467700,151
1641468600,171
1641469500,98
1641470400,99
1641471300,101
1641472200,97
1641473100,117
1641474000,134
1641474900,143
1641475800,138
1641476700,369
1641477600,731
1641478500,527
1641479400,204
1641480300,194
1641481200,189
1641482100,594
1641483000,210
1641483900,235
1641484800,784
1641485700,328
1641486600,559
1641487500,239
1641488400,219
1641489300,225
1641490200,217
1641491100,194
1641492000,218
1641492900,204
1641493800,230
1641494700,184
1641495600,335
1641496500,152
1641497400,181
1641498300,172
1641499200,189
1641500100,161
1641501000,155
1641501900,154
1641502800,142
1641503700,102
1641504600,81
1641505500,86
1641506400,83
1641507300,73
1641508200,83
1641509100,40
1641510000,46
1641510900,38
1641511800,56
1641512700,40
1641513600,43
1641514500,89
1641515400,91
1641516300,88
1641517200,77
1641518100,84
1641519000,69
1641519900,73
1641520800,53
1641521700,59
1641522600,38
1641523500,46
1641524400,57
1641525300,90
1641526200,64
1641527100,74
1641528000,68
1641528900,85
1641529800,93
1641530700,109
1641531600,364
1641532500,174
1641533400,158
1641534300,156
1641535200,135
1641536100,101
1641537000,85
1641537900,75
1641538800,84
1641539700,60
1641540600,55
1641541500,45
1641542400,54
1641543300,60
1641544200,53
1641545100,77
1641546000,86
1641546900,108
1641547800,92
1641548700,97
1641549600,77
1641550500,84
1641551400,64
1641552300,97
1641553200,156
1641554100,160
1641555000,91
1641555900,178
1641556800,190
1641557700,202
1641558600,160
1641559500,164
1641560400,177
1641561300,153
1641562200,122
1641563100,107
1641564000,134
1641564900,177
1641565800,141
1641566700,189
1641567600,157
1641568500,192
1641569400,344
1641570300,303
1641571200,358
1641572100,316
1641573000,345
1641573900,301
1641574800,325
1641575700,310
1641576600,294
1641577500,245
1641578400,208
1641579300,295
1641580200,326
1641581100,401
1641582000,328
1641582900,204
1641583800,187
1641584700,229
1641585600,214
1641586500,246
1641587400,214
1641588300,195
1641589200,162
1641590100,133
1641591000,120
1641591900,105
1641592800,168
1641593700,83
1641594600,94
1641595500,105
1641596400,124
1641597300,115
1641598200,84
1641599100,64
1641600000,82
1641600900,54
1641601800,43
1641602700,41
1641603600,52
1641604500,70
1641605400,67
1641606300,72
1641607200,82
1641608100,70
1641609000,67
1641609900,72
1641610800,78
1641611700,84
1641612600,82
1641613500,82
1641614400,88
1641615300,63
1641616200,110
1641617100,86
1641618000,128
1641618900,249
1641619800,142
1641620700,245
1641621600,188
1641622500,214
1641623400,388
1641624300,309
1641625200,543
1641626100,923
1641627000,462
1641627900,313
1641628800,205
1641629700,104
1641630600,87
1641631500,104
1641632400,105
1641633300,151
1641634200,136
1641635100,140
1641636000,215
1641636900,154
1641637800,209
1641638700,328
1641639600,195
1641640500,181
1641641400,163
1641642300,120
1641643200,102
1641644100,80
1641645000,101
1641645900,187
1641646800,712
1641647700,204
1641648600,137
1641649500,154
1641650400,141
1641651300,179
1641652200,294
1641653100,313
1641654000,276
1641654900,264
1641655800,195
1641656700,419
1641657600,105
1641658500,146
1641659400,174
1641660300,326
1641661200,118
1641662100,119
1641663000,126
1641663900,119
1641664800,178
1641665700,254
1641666600,291
1641667500,341
1641668400,493
1641669300,261
1641670200,223
1641671100,201
1641672000,371
1641672900,229
1641673800,214
1641674700,177
1641675600,138
1641676500,112
1641677400,94
1641678300,90
1641679200,68
1641680100,69
1641681000,66
1641681900,72
1641682800,90
1641683700,79
1641684600,100
1641685500,81
1641686400,86
1641687300,80
1641688200,66
1641689100,52
1641690000,54
1641690900,77
1641691800,81
1641692700,90
1641693600,95
1641694500,116
1641695400,98
1641696300,85
1641697200,81
1641698100,99
1641699000,79
1641699900,85
1641700800,81
1641701700,100
1641702600,132
1641703500,87
1641704400,75
1641705300,79
1641706200,82
1641707100,79
1641708000,88
1641708900,266
1641709800,177
1641710700,217
1641711600,123
1641712500,157
1641713400,329
1641714300,135
1641715200,211
1641716100,224
1641717000,223
1641717900,241
1641718800,207
1641719700,240
1641720600,218
1641721500,176
1641722400,179
1641723300,231
1641724200,131
1641725100,93
1641726000,122
1641726900,115
1641727800,92
1641728700,105
1641729600,149
1641730500,230
1641731400,239
1641732300,213
1641733200,96
1641734100,247
1641735000,326
1641735900,115
1641736800,86
1641737700,107
1641738600,90
1641739500,275
1641740400,169
1641741300,242
1641742200,269
1641743100,171
1641744000,147
1641744900,357
1641745800,726
1641746700,429
1641747600,409
1641748500,233
1641749400,157
1641750300,190
1641751200,178
1641752100,150
1641753000,196
1641753900,305
1641754800,144
1641755700,144
1641756600,123
1641757500,122
1641758400,149
1641759300,150
1641760200,140
1641761100,137
1641762000,124
1641762900,300
1641763800,217
1641764700,97
1641765600,108
1641766500,128
1641767400,67
1641768300,47
1641769200,48
1641770100,36
1641771000,71
1641771900,78
1641772800,67
1641773700,68
1641774600,54
1641775500,74
1641776400,45
1641777300,45
1641778200,71
1641779100,165
1641780000,142
1641780900,136
1641781800,139
1641782700,125
1641783600,67
1641784500,37
1641785400,44
1641786300,50
1641787200,73
1641788100,64
1641789000,71
1641789900,91
1641790800,74
1641791700,62
1641792600,38
1641793500,487
1641794400,2830
1641795300,2855
1641796200,2621
1641797100,1364
1641798000,1234
1641798900,1543
1641799800,1552
1641800700,1222
1641801600,981
1641802500,969
1641803400,1097
1641804300,568
1641805200,140
1641806100,90
1641807000,259
1641807900,502
1641808800,148
1641809700,122
1641810600,175
1641811500,615
1641812400,276
1641813300,331
1641814200,158
1641815100,118
1641816000,143
1641816900,126
1641817800,123
1641818700,115
1641819600,140
1641820500,137
1641821400,127
1641822300,146
1641823200,140
1641824100,152
1641825000,165
1641825900,183
1641826800,260
1641827700,618
1641828600,195
1641829500,185
1641830400,251
1641831300,155
1641832200,153
1641833100,222
1641834000,162
1641834900,177
1641835800,221
1641836700,233
1641837600,231
1641838500,263
1641839400,217
1641840300,241
1641841200,290
1641842100,192
1641843000,253
1641843900,201
1641844800,214
1641845700,307
1641846600,343
1641847500,233
1641848400,113
1641849300,113
1641850200,106
1641851100,79
1641852000,66
1641852900,39
1641853800,54
1641854700,35
1641855600,44
1641856500,41
1641857400,52
1641858300,36
1641859200,59
1641860100,60
1641861000,64
1641861900,40
1641862800,43
1641863700,59
1641864600,76
1641865500,62
1641866400,55
1641867300,72
1641868200,61
1641869100,65
1641870000,55
1641870900,71
1641871800,61
1641872700,73
1641873600,65
1641874500,81
1641875400,108
1641876300,81
1641877200,233
1641878100,235
1641879000,394
1641879900,109
1641880800,86
1641881700,94
1641882600,667
1641883500,214
1641884400,216
1641885300,237
1641886200,464
1641887100,546
1641888000,215
1641888900,381
1641889800,558
1641890700,394
1641891600,275
1641892500,366
1641893400,714
1641894300,673
1641895200,207
1641896100,614
1641897000,491
1641897900,591
1641898800,187
1641899700,182
1641900600,176
1641901500,659
1641902400,643
1641903300,657
1641904200,358
1641905100,108
1641906000,118
1641906900,109
1641907800,135
1641908700,80
1641909600,89
1641910500,848
1641911400,1111
1641912300,1110
1641913200,780
1641914100,552
1641915000,183
1641915900,187
1641916800,470
1641917700,804
1641918600,766
1641919500,399
1641920400,179
1641921300,190
1641922200,206
1641923100,217
1641924000,217
1641924900,189
1641925800,240
1641926700,231
1641927600,233
1641928500,256
1641929400,445
1641930300,591
1641931200,455
1641932100,264
1641933000,199
1641933900,177
1641934800,172
1641935700,154
1641936600,110
1641937500,103
1641938400,99
1641939300,104
1641940200,88
1641941100,90
1641942000,90
1641942900,102
1641943800,99
1641944700,85
1641945600,80
1641946500,82
1641947400,80
1641948300,71
1641949200,83
1641950100,87
1641951000,78
1641951900,71
1641952800,84
1641953700,100
1641954600,102
1641955500,106
1641956400,106
1641957300,114
1641958200,105
1641959100,94
1641960000,94
1641960900,84
1641961800,83
1641962700,107
1641963600,101
1641964500,193
1641965400,149
1641966300,234
1641967200,311
1641968100,152
1641969000,107
1641969900,482
1641970800,325
1641971700,114
1641972600,151
1641973500,134
1641974400,136
1641975300,156
1641976200,141
1641977100,198
1641978000,181
1641978900,273
1641979800,307
1641980700,362
1641981600,133
1641982500,172
1641983400,203
1641984300,175
1641985200,123
1641986100,111
1641987000,100
1641987900,107
1641988800,106
1641989700,104
1641990600,87
1641991500,92
1641992400,102
1641993300,96
1641994200,105
1641995100,99
1641996000,117
1641996900,98
1641997800,106
1641998700,106
1641999600,136
1642000500,117
1642001400,130
1642002300,172
1642003200,214
1642004100,210
1642005000,190
1642005900,229
1642006800,194
1642007700,191
1642008600,244
1642009500,222
1642010400,189
1642011300,197
1642012200,180
1642013100,201
1642014000,178
1642014900,249
1642015800,265
1642016700,244
1642017600,716
1642018500,416
1642019400,229
1642020300,177
1642021200,170
1642022100,117
1642023000,101
1642023900,91
1642024800,97
1642025700,83
1642026600,83
1642027500,57
1642028400,64
1642029300,66
1642030200,68
1642031100,57
1642032000,65
1642032900,71
1642033800,66
1642034700,58
1642035600,65
1642036500,70
1642037400,63
1642038300,49
1642039200,72
1642040100,104
1642041000,99
1642041900,100
1642042800,97
1642043700,98
1642044600,51
1642045500,55
1642046400,62
1642047300,79
1642048200,73
1642049100,119
1642050000,150
1642050900,232
1642051800,207
1642052700,286
1642053600,127
1642054500,207
1642055400,155
1642056300,243
1642057200,319
1642058100,601
1642059000,251
1642059900,326
1642060800,111
1642061700,84
1642062600,77
1642063500,59
1642064400,67
1642065300,63
1642066200,77
1642067100,59
1642068000,63
1642068900,79
1642069800,105
1642070700,100
1642071600,93
1642072500,90
1642073400,217
1642074300,737
1642075200,104
1642076100,131
1642077000,124
1642077900,174
1642078800,155
1642079700,123
1642080600,95
1642081500,85
1642082400,80
1642083300,99
1642084200,109
1642085100,94
1642086000,99
1642086900,96
1642087800,98
1642088700,79
1642089600,86
1642090500,101
1642091400,147
1642092300,150
1642093200,113
1642094100,102
1642095000,121
1642095900,137
1642096800,173
1642097700,144
1642098600,173
1642099500,177
1642100400,149
1642101300,170
1642102200,189
1642103100,217
1642104000,224
1642104900,176
1642105800,155
1642106700,167
1642107600,119
1642108500,113
1642109400,86
1642110300,94
1642111200,111
1642112100,80
1642113000,77
1642113900,74
1642114800,62
1642115700,52
1642116600,61
1642117500,60
1642118400,91
1642119300,83
1642120200,78
1642121100,93
1642122000,68
1642122900,60
1642123800,53
1642124700,60
1642125600,67
1642126500,75
1642127400,95
1642128300,98
1642129200,111
1642130100,96
1642131000,87
1642131900,69
1642132800,62
1642133700,63
1642134600,58
1642135500,79
1642136400,87
1642137300,92
1642138200,137
1642139100,115
1642140000,350
1642140900,237
1642141800,171
1642142700,137
1642143600,371
1642144500,108
1642145400,97
1642146300,226
1642147200,611
1642148100,590
1642149000,99
1642149900,130
1642150800,152
1642151700,121
1642152600,133
1642153500,707
1642154400,635
1642155300,153
1642156200,571
1642157100,202
1642158000,785
1642158900,734
1642159800,788
1642160700,455
1642161600,141
1642162500,97
1642163400,81
1642164300,101
1642165200,121
1642166100,93
1642167000,85
1642167900,101
1642168800,87
1642169700,94
1642170600,100
1642171500,120
1642172400,110
1642173300,122
1642174200,130
1642175100,504
1642176000,291
1642176900,187
1642177800,200
1642178700,173
1642179600,147
1642180500,126
1642181400,152
1642182300,164
1642183200,162
1642184100,115
1642185000,131
1642185900,217
1642186800,245
1642187700,206
1642188600,153
1642189500,156
1642190400,191
1642191300,216
1642192200,182
1642193100,168
1642194000,139
1642194900,156
1642195800,118
1642196700,95
1642197600,72
1642198500,88
1642199400,75
1642200300,508
1642201200,324
1642202100,82
1642203000,72
1642203900,47
1642204800,58
1642205700,49
1642206600,51
1642207500,45
1642208400,59
1642209300,48
1642210200,51
1642211100,38
1642212000,54
1642212900,45
1642213800,41
1642214700,44
1642215600,47
1642216500,69
1642217400,61
1642218300,107
1642219200,88
1642220100,95
1642221000,67
1642221900,285
1642222800,317
1642223700,91
1642224600,134
1642225500,136
1642226400,123
1642227300,131
1642228200,141
1642229100,280
1642230000,200
1642230900,262
1642231800,202
1642232700,138
1642233600,103
1642234500,97
1642235400,89
1642236300,71
1642237200,86
1642238100,108
1642239000,115
1642239900,99
1642240800,168
1642241700,210
1642242600,129
1642243500,123
1642244400,692
1642245300,229
1642246200,132
1642247100,151
1642248000,165
1642248900,164
1642249800,149
1642250700,119
1642251600,138
1642252500,536
1642253400,285
1642254300,511
1642255200,142
1642256100,122
1642257000,130
1642257900,161
1642258800,192
1642259700,263
1642260600,168
1642261500,177
1642262400,187
1642263300,216
1642264200,319
1642265100,204
1642266000,165
1642266900,180
1642267800,188
1642268700,214
1642269600,222
1642270500,253
1642271400,296
1642272300,494
1642273200,322
1642274100,237
1642275000,212
1642275900,211
1642276800,206
1642277700,199
1642278600,176
1642279500,176
1642280400,193
1642281300,202
1642282200,152
1642283100,140
1642284000,129
1642284900,113
1642285800,101
1642286700,85
1642287600,93
1642288500,88
1642289400,83
1642290300,60
1642291200,56
1642292100,48
1642293000,54
1642293900,61
1642294800,53
1642295700,68
1642296600,82
1642297500,86
1642298400,76
1642299300,73
1642300200,48
1642301100,61
1642302000,64
1642302900,86
1642303800,102
1642304700,119
1642305600,102
1642306500,103
1642307400,211
1642308300,102
1642309200,72
1642310100,63
1642311000,62
1642311900,99
1642312800,228
1642313700,314
1642314600,173
1642315500,149
1642316400,158
1642317300,588
1642318200,242
1642319100,129
1642320000,114
1642320900,131
1642321800,102
1642322700,398
1642323600,597
1642324500,902
1642325400,579
1642326300,230
1642327200,166
1642328100,212
1642329000,326
1642329900,191
1642330800,228
1642331700,798
1642332600,713
1642333500,237
1642334400,201
1642335300,114
1642336200,115
1642337100,136
1642338000,110
1642338900,381
1642339800,124
1642340700,147
1642341600,223
1642342500,236
1642343400,258
1642344300,226
1642345200,278
1642346100,317
1642347000,200
1642347900,165
1642348800,256
1642349700,298
1642350600,359
1642351500,380
1642352400,261
1642353300,209
1642354200,244
1642355100,257
1642356000,201
1642356900,250
1642357800,179
1642358700,205
1642359600,339
1642360500,187
1642361400,170
1642362300,171
1642363200,179
1642364100,310
1642365000,285
1642365900,199
1642366800,164
1642367700,132
1642368600,125
1642369500,99
1642370400,85
1642371300,51
1642372200,41
1642373100,44
1642374000,38
1642374900,57
1642375800,39
1642376700,45
1642377600,45
1642378500,51
1642379400,47
1642380300,63
1642381200,67
1642382100,57
1642383000,51
1642383900,68
1642384800,98
1642385700,68
1642386600,79
1642387500,65
1642388400,56
1642389300,39
1642390200,64
1642391100,64
1642392000,70
1642392900,87
1642393800,82
1642394700,93
1642395600,80
1642396500,60
1642397400,52
1642398300,66
1642399200,59
1642400100,85
1642401000,101
1642401900,98
1642402800,109
1642403700,121
1642404600,147
1642405500,106
1642406400,187
1642407300,168
1642408200,643
1642409100,405
1642410000,1043
1642410900,626
1642411800,691
1642412700,296
1642413600,172
1642414500,174
1642415400,139
1642416300,147
1642417200,239
1642418100,559
1642419000,214
1642419900,535
1642420800,128
1642421700,124
1642422600,136
1642423500,224
1642424400,433
1642425300,168
1642426200,175
1642427100,157
1642428000,175
1642428900,525
1642429800,753
1642430700,266
1642431600,263
1642432500,831
1642433400,1092
1642434300,700
1642435200,327
1642436100,244
1642437000,290
1642437900,220
1642438800,304
1642439700,294
1642440600,263
1642441500,295
1642442400,291
1642443300,279
1642444200,257
1642445100,262
1642446000,260
1642446900,273
1642447800,224
1642448700,196
1642449600,191
1642450500,156
1642451400,167
1642452300,185
1642453200,243
1642454100,95
1642455000,67
1642455900,68
1642456800,71
1642457700,71
1642458600,57
1642459500,64
1642460400,69
1642461300,65
1642462200,56
1642463100,67
1642464000,129
1642464900,77
1642465800,68
1642466700,73
1642467600,68
1642468500,48
1642469400,57
1642470300,62
1642471200,61
1642472100,56
1642473000,89
1642473900,127
1642474800,106
1642475700,106
1642476600,101
1642477500,113
1642478400,78
1642479300,83
1642480200,75
1642481100,86
1642482000,57
1642482900,63
1642483800,79
1642484700,168
1642485600,337
1642486500,628
1642487400,907
1642488300,980
1642489200,690
1642490100,501
1642491000,422
1642491900,511
1642492800,457
1642493700,209
1642494600,154
1642495500,563
1642496400,240
1642497300,325
1642498200,705
1642499100,805
1642500000,419
1642500900,199
1642501800,234
1642502700,226
1642503600,143
1642504500,222
1642505400,266
1642506300,187
1642507200,527
1642508100,200
1642509000,573
1642509900,195
1642510800,175
1642511700,187
1642512600,197
1642513500,224
1642514400,207
1642515300,197
1642516200,190
1642517100,184
1642518000,269
1642518900,172
1642519800,511
1642520700,298
1642521600,299
1642522500,239
1642523400,192
1642524300,188
1642525200,152
1642526100,284
1642527000,235
1642527900,276
1642528800,341
1642529700,265
1642530600,273
1642531500,295
1642532400,249
1642533300,245
1642534200,216
1642535100,197
1642536000,191
1642536900,128
1642537800,131
1642538700,140
1642539600,116
1642540500,104
1642541400,48
1642542300,46
1642543200,57
1642544100,106
1642545000,92
1642545900,102
1642546800,59
1642547700,74
1642548600,56
1642549500,64
1642550400,49
1642551300,101
1642552200,79
1642553100,87
1642554000,76
1642554900,98
1642555800,75
1642556700,47
1642557600,50
1642558500,108
1642559400,83
1642560300,84
1642561200,65
1642562100,72
1642563000,39
1642563900,48
1642564800,37
1642565700,75
1642566600,72
1642567500,85
1642568400,64
1642569300,85
1642570200,68
1642571100,105
1642572000,241
1642572900,267
1642573800,248
1642574700,357
1642575600,178
1642576500,141
1642577400,136
1642578300,119
1642579200,112
1642580100,84
1642581000,99
1642581900,86
1642582800,86
1642583700,78
1642584600,94
1642585500,115
1642586400,110
1642587300,118
1642588200,137
1642589100,350
1642590000,343
1642590900,443
1642591800,246
1642592700,169
1642593600,529
1642594500,168
1642595400,456
1642596300,133
1642597200,122
1642598100,127
1642599000,158
1642599900,184
1642600800,181
1642601700,165
1642602600,155
1642603500,163
1642604400,157
1642605300,159
1642606200,177
1642607100,153
1642608000,132
1642608900,137
1642609800,212
1642610700,183
1642611600,166
1642612500,997
1642613400,2712
1642614300,2743
1642615200,2607
1642616100,1364
1642617000,1255
1642617900,1218
1642618800,1316
1642619700,1303
1642620600,1218
1642621500,200
1642622400,150
1642623300,183
1642624200,172
1642625100,217
1642626000,210
1642626900,167
1642627800,131
1642628700,131
1642629600,119
1642630500,109
1642631400,62
1642632300,46
1642633200,64
1642634100,53
1642635000,44
1642635900,53
1642636800,64
1642637700,42
1642638600,52
1642639500,54
1642640400,54
1642641300,50
1642642200,51
1642643100,48
1642644000,59
1642644900,47
1642645800,38
1642646700,61
1642647600,65
1642648500,52
1642649400,57
1642650300,61
1642651200,66
1642652100,64
1642653000,145
1642653900,224
1642654800,350
1642655700,176
1642656600,411
1642657500,128
1642658400,358
1642659300,240
1642660200,221
1642661100,649
1642662000,713
1642662900,730
1642663800,499
1642664700,175
1642665600,145
1642666500,119
1642667400,160
1642668300,946
1642669200,875
1642670100,1181
1642671000,873
1642671900,717
1642672800,950
1642673700,406
1642674600,144
1642675500,170
1642676400,187
1642677300,181
1642678200,167
1642679100,419
1642680000,512
1642680900,277
1642681800,403
1642682700,142
1642683600,218
1642684500,184
1642685400,173
1642686300,169
1642687200,139
1642688100,100
1642689000,204
1642689900,234
1642690800,187
1642691700,104
1642692600,82
1642693500,88
1642694400,66
1642695300,73
1642696200,70
1642697100,131
1642698000,170
1642698900,185
1642699800,241
1642700700,252
1642701600,262
1642702500,227
1642703400,278
1642704300,267
1642705200,259
1642706100,240
1642707000,193
1642707900,197
1642708800,169
1642709700,160
1642710600,133
1642711500,200
1642712400,197
1642713300,167
1642714200,133
1642715100,84
1642716000,54
1642716900,43
1642717800,36
1642718700,57
1642719600,36
1642720500,44
1642721400,41
1642722300,52
1642723200,46
1642724100,36
1642725000,52
1642725900,47
1642726800,61
1642727700,59
1642728600,60
1642729500,46
1642730400,38
1642731300,46
1642732200,49
1642733100,45
1642734000,44
1642734900,39
1642735800,73
1642736700,50
1642737600,83
1642738500,60
1642739400,120
1642740300,131
1642741200,115
1642742100,118
1642743000,227
1642743900,245
1642744800,97
1642745700,75
1642746600,133
1642747500,111
1642748400,115
1642749300,106
1642750200,124
1642751100,137
1642752000,85
1642752900,111
1642753800,613
1642754700,379
1642755600,255
1642756500,389
1642757400,318
1642758300,424
1642759200,304
1642760100,499
1642761000,150
1642761900,126
1642762800,158
1642763700,920
1642764600,492
1642765500,383
1642766400,103
1642767300,103
1642768200,96
1642769100,146
1642770000,110
1642770900,104
1642771800,105
1642772700,137
1642773600,110
1642774500,115
1642775400,151
1642776300,144
1642777200,123
1642778100,306
1642779000,193
1642779900,119
1642780800,108
1642781700,143
1642782600,182
1642783500,154
1642784400,180
1642785300,141
1642786200,178
1642787100,281
1642788000,259
1642788900,221
1642789800,215
1642790700,233
1642791600,228
1642792500,170
1642793400,165
1642794300,142
1642795200,149
1642796100,118
1642797000,109
1642797900,117
1642798800,130
1642799700,158
1642800600,105
1642801500,113
1642802400,85
1642803300,71
1642804200,50
1642805100,80
1642806000,62
1642806900,54
1642807800,65
1642808700,48
1642809600,52
1642810500,45
1642811400,64
1642812300,42
1642813200,48
1642814100,60
1642815000,76
1642815900,63
1642816800,50
1642817700,53
1642818600,51
1642819500,48
1642820400,41
1642821300,57
1642822200,47
1642823100,72
1642824000,67
1642824900,83
1642825800,73
1642826700,87
1642827600,192
1642828500,325
1642829400,178
1642830300,175
1642831200,178
1642832100,210
1642833000,297
1642833900,177
1642834800,179
1642835700,179
1642836600,511
1642837500,259
1642838400,594
1642839300,153
1642840200,214
1642841100,438
1642842000,116
1642842900,120
1642843800,104
1642844700,114
1642845600,382
1642846500,159
1642847400,111
1642848300,98
1642849200,99
1642850100,106
1642851000,104
1642851900,109
1642852800,98
1642853700,141
1642854600,151
1642855500,482
1642856400,399
1642857300,182
1642858200,177
1642859100,171
1642860000,598
1642860900,695
1642861800,518
1642862700,206
1642863600,162
1642864500,195
1642865400,252
1642866300,472
1642867200,714
1642868100,797
1642869000,714
1642869900,736
1642870800,733
1642871700,717
1642872600,1075
1642873500,2620
1642874400,2493
1642875300,2523
1642876200,1262
1642877100,1258
1642878000,533
1642878900,1796
1642879800,1270
1642880700,1237
1642881600,1395
1642882500,245
1642883400,256
1642884300,205
1642885200,199
1642886100,156
1642887000,157
1642887900,118
1642888800,105
1642889700,100
1642890600,76
1642891500,58
1642892400,52
1642893300,70
1642894200,51
1642895100,60
1642896000,56
1642896900,68
1642897800,52
1642898700,60
1642899600,63
1642900500,61
1642901400,64
1642902300,75
1642903200,84
1642904100,57
1642905000,70
1642905900,51
1642906800,67
1642907700,49
1642908600,58
1642909500,66
1642910400,65
1642911300,75
1642912200,94
1642913100,124
1642914000,133
1642914900,104
1642915800,119
1642916700,121
1642917600,216
1642918500,179
1642919400,236
1642920300,147
1642921200,138
1642922100,174
1642923000,143
1642923900,114
1642924800,117
1642925700,136
1642926600,121
1642927500,149
1642928400,121
1642929300,105
1642930200,172
1642931100,133
1642932000,174
1642932900,127
1642933800,290
1642934700,117
1642935600,410
1642936500,618
1642937400,201
1642938300,246
1642939200,101
1642940100,113
1642941000,97
1642941900,202
1642942800,191
1642943700,143
1642944600,119
1642945500,128
1642946400,134
1642947300,146
1642948200,139
1642949100,168
1642950000,169
1642950900,191
1642951800,225
1642952700,227
1642953600,267
1642954500,244
1642955400,374
1642956300,288
1642957200,175
1642958100,251
1642959000,206
1642959900,118
1642960800,190
1642961700,186
1642962600,133
1642963500,82
1642964400,67
1642965300,72
1642966200,67
1642967100,85
1642968000,65
1642968900,74
1642969800,76
1642970700,91
1642971600,88
1642972500,173
1642973400,68
1642974300,55
1642975200,49
1642976100,46
1642977000,49
1642977900,37
1642978800,45
1642979700,49
1642980600,46
1642981500,38
1642982400,46
1642983300,50
1642984200,45
1642985100,39
1642986000,52
1642986900,91
1642987800,86
1642988700,69
1642989600,67
1642990500,81
1642991400,41
1642992300,46
1642993200,37
1642994100,58
1642995000,55
1642995900,79
1642996800,62
1642997700,84
1642998600,65
1642999500,64
1643000400,92
1643001300,101
1643002200,107
1643003100,111
1643004000,142
1643004900,122
1643005800,144
1643006700,128
1643007600,155
1643008500,351
1643009400,121
1643010300,283
1643011200,133
1643012100,117
1643013000,118
1643013900,143
1643014800,159
1643015700,154
1643016600,396
1643017500,187
1643018400,151
1643019300,363
1643020200,615
1643021100,659
1643022000,437
1643022900,123
1643023800,126
1643024700,118
1643025600,120
1643026500,136
1643027400,115
1643028300,101
1643029200,111
1643030100,110
1643031000,110
1643031900,97
1643032800,77
1643033700,86
1643034600,83
1643035500,101
1643036400,109
1643037300,118
1643038200,129
1643039100,129
1643040000,161
1643040900,204
1643041800,236
1643042700,253
1643043600,270
1643044500,251
1643045400,240
1643046300,262
1643047200,265
1643048100,238
1643049000,232
1643049900,233
1643050800,245
1643051700,221
1643052600,169
1643053500,159
1643054400,184
1643055300,169
1643056200,177
1643057100,267
1643058000,191
1643058900,166
1643059800,144
1643060700,103
1643061600,114
1643062500,88
1643063400,84
1643064300,65
1643065200,76
1643066100,78
1643067000,74
1643067900,72
1643068800,63
1643069700,64
1643070600,37
1643071500,46
1643072400,40
1643073300,61
1643074200,55
1643075100,60
1643076000,48
1643076900,56
1643077800,39
1643078700,46
1643079600,46
1643080500,78
1643081400,66
1643082300,64
1643083200,78
1643084100,71
1643085000,136
1643085900,142
1643086800,327
1643087700,157
1643088600,158
1643089500,286
1643090400,816
1643091300,776
1643092200,856
1643093100,950
1643094000,979
1643094900,440
1643095800,97
1643096700,328
1643097600,119
1643098500,112
1643099400,71
1643100300,83
1643101200,83
1643102100,386
1643103000,199
1643103900,118
1643104800,137
1643105700,137
1643106600,163
1643107500,252
1643108400,208
1643109300,226
1643110200,259
1643111100,319
1643112000,103
1643112900,128
1643113800,133
1643114700,171
1643115600,170
1643116500,209
1643117400,178
1643118300,147
1643119200,393
1643120100,184
1643121000,228
1643121900,223
1643122800,170
1643123700,177
1643124600,155
1643125500,136
1643126400,140
1643127300,207
1643128200,253
1643129100,216
1643130000,218
1643130900,292
1643131800,262
1643132700,254
1643133600,239
1643134500,316
1643135400,292
1643136300,630
1643137200,360
1643138100,542
1643139000,264
1643139900,193
1643140800,143
1643141700,198
1643142600,173
1643143500,106
1643144400,78
1643145300,74
1643146200,72
1643147100,54
1643148000,37
1643148900,47
1643149800,48
1643150700,47
1643151600,38
1643152500,46
1643153400,66
1643154300,62
1643155200,42
1643156100,41
1643157000,55
1643157900,39
1643158800,45
1643159700,37
1643160600,60
1643161500,40
1643162400,46
1643163300,37
1643164200,60
1643165100,40
1643166000,44
1643166900,40
1643167800,70
1643168700,75
1643169600,63
1643170500,77
1643171400,74
1643172300,89
1643173200,94
1643174100,56
1643175000,57
1643175900,108
1643176800,259
1643177700,227
1643178600,178
1643179500,701
1643180400,663
1643181300,641
1643182200,634
1643183100,279
1643184000,185
1643184900,157
1643185800,154
1643186700,535
1643187600,902
1643188500,879
1643189400,896
1643190300,753
1643191200,522
1643192100,273
1643193000,292
1643193900,211
1643194800,215
1643195700,253
1643196600,221
1643197500,171
1643198400,153
1643199300,148
1643200200,121
1643201100,136
1643202000,97
1643202900,113
1643203800,72
1643204700,73
1643205600,70
1643206500,84
1643207400,74
1643208300,68
1643209200,75
1643210100,83
1643211000,75
1643211900,68
1643212800,74
1643213700,128
1643214600,163
1643215500,171
1643216400,195
1643217300,170
1643218200,146
1643219100,221
1643220000,251
1643220900,272
1643221800,241
1643222700,261
1643223600,369
1643224500,314
1643225400,269
1643226300,403
1643227200,288
1643228100,253
1643229000,198
1643229900,176
1643230800,205
1643231700,196
1643232600,168
1643233500,121
1643234400,120
1643235300,95
1643236200,107
1643237100,72
1643238000,58
1643238900,64
1643239800,53
1643240700,70
1643241600,50
1643242500,57
1643243400,49
1643244300,69
1643245200,49
1643246100,51
1643247000,56
1643247900,63
1643248800,57
1643249700,51
1643250600,59
1643251500,72
1643252400,57
1643253300,50
1643254200,53
1643255100,68
1643256000,79
1643256900,138
1643257800,96
1643258700,141
1643259600,121
1643260500,124
1643261400,97
1643262300,418
1643263200,537
1643264100,601
1643265000,430
1643265900,507
1643266800,191
1643267700,184
1643268600,158
1643269500,132
1643270400,128
1643271300,214
1643272200,190
1643273100,230
1643274000,266
1643274900,156
1643275800,376
1643276700,445
1643277600,146
1643278500,131
1643279400,218
1643280300,178
1643281200,166
1643282100,207
1643283000,161
1643283900,801
1643284800,178
1643285700,655
1643286600,182
1643287500,110
1643288400,200
1643289300,449
1643290200,274
1643291100,223
1643292000,150
1643292900,127
1643293800,134
1643294700,171
1643295600,164
1643296500,190
1643297400,188
1643298300,148
1643299200,124
1643300100,164
1643301000,183
1643301900,203
1643302800,199
1643303700,1502
1643304600,2690
1643305500,2670
1643306400,2558
1643307300,1532
1643308200,1449
1643309100,1245
1643310000,1078
1643310900,1178
1643311800,1638
1643312700,953
1643313600,1055
1643314500,181
1643315400,148
1643316300,126
1643317200,124
1643318100,128
1643319000,64
1643319900,58
1643320800,40
1643321700,47
1643322600,40
1643323500,55
1643324400,43
1643325300,39
1643326200,55
1643327100,43
1643328000,46
1643328900,40
1643329800,59
1643330700,39
1643331600,47
1643332500,40
1643333400,56
1643334300,45
1643335200,39
1643336100,51
1643337000,64
1643337900,65
1643338800,54
1643339700,52
1643340600,49
1643341500,42
1643342400,68
1643343300,86
1643344200,136
1643345100,103
1643346000,109
1643346900,273
1643347800,120
1643348700,97
1643349600,130
1643350500,142
1643351400,233
1643352300,241
1643353200,167
1643354100,120
1643355000,121
1643355900,90
1643356800,66
1643357700,67
1643358600,117
1643359500,157
1643360400,79
1643361300,81
1643362200,162
1643363100,82
1643364000,119
1643364900,90
1643365800,121
1643366700,105
1643367600,139
1643368500,125
1643369400,138
1643370300,164
1643371200,126
1643372100,204
1643373000,193
1643373900,164
1643374800,163
1643375700,157
1643376600,233
1643377500,225
1643378400,247
1643379300,302
1643380200,208
1643381100,169
1643382000,180
1643382900,171
1643383800,171
1643384700,165
1643385600,265
1643386500,215
1643387400,214
1643388300,567
1643389200,256
1643390100,215
1643391000,185
1643391900,270
1643392800,216
1643393700,229
1643394600,258
1643395500,247
1643396400,194
1643397300,261
1643398200,461
1643399100,276
1643400000,191
1643400900,211
1643401800,180
1643402700,181
1643403600,206
1643404500,180
1643405400,149
1643406300,149
1643407200,171
1643408100,100
1643409000,58
1643409900,71
1643410800,62
1643411700,58
1643412600,60
1643413500,67
1643414400,63
1643415300,55
1643416200,65
1643417100,68
1643418000,62
1643418900,54
1643419800,68
1643420700,83
1643421600,72
1643422500,70
1643423400,60
1643424300,81
1643425200,81
1643426100,88
1643427000,85
1643427900,91
1643428800,60
1643429700,53
1643430600,72
1643431500,84
1643432400,122
1643433300,235
1643434200,178
1643435100,104
1643436000,111
1643436900,141
1643437800,238
1643438700,827
1643439600,342
1643440500,564
1643441400,263
1643442300,258
1643443200,328
1643444100,173
1643445000,269
1643445900,397
1643446800,84
1643447700,67
1643448600,62
1643449500,131
1643450400,69
1643451300,94
1643452200,309
1643453100,350
1643454000,149
1643454900,113
1643455800,93
1643456700,97
1643457600,156
1643458500,120
1643459400,159
1643460300,104
1643461200,113
1643462100,127
1643463000,108
1643463900,104
1643464800,144
1643465700,124
1643466600,175
1643467500,132
1643468400,179
1643469300,138
1643470200,107
1643471100,119
1643472000,152
1643472900,127
1643473800,111
1643474700,159
1643475600,191
1643476500,214
1643477400,182
1643478300,209
1643479200,225
1643480100,515
1643481000,529
1643481900,244
1643482800,383
1643483700,305
1643484600,231
1643485500,168
1643486400,204
1643487300,205
1643488200,137
1643489100,109
1643490000,89
1643490900,124
1643491800,62
1643492700,45
1643493600,36
1643494500,57
1643495400,41
1643496300,38
1643497200,46
1643498100,48
1643499000,50
1643499900,55
1643500800,60
1643501700,72
1643502600,37
1643503500,46
1643504400,37
1643505300,58
1643506200,49
1643507100,37
1643508000,47
1643508900,43
1643509800,53
1643510700,45
1643511600,120
1643512500,153
1643513400,146
1643514300,142
1643515200,128
1643516100,164
1643517000,89
1643517900,67
1643518800,75
1643519700,103
1643520600,136
1643521500,111
1643522400,121
1643523300,311
1643524200,270
1643525100,116
1643526000,122
1643526900,449
1643527800,95
1643528700,112
1643529600,300
1643530500,629
1643531400,623
1643532300,651
1643533200,182
1643534100,153
1643535000,107
1643535900,118
1643536800,204
1643537700,117
1643538600,235
1643539500,118
1643540400,95
1643541300,742
1643542200,711
1643543100,680
1643544000,261
1643544900,85
1643545800,100
1643546700,185
1643547600,132
1643548500,138
1643549400,126
1643550300,135
1643551200,114
1643552100,133
1643553000,128
1643553900,140
1643554800,132
1643555700,173
1643556600,367
1643557500,1420
1643558400,847
1643559300,819
1643560200,404
1643561100,205
1643562000,198
1643562900,282
1643563800,347
1643564700,1127
1643565600,1323
1643566500,1011
1643567400,824
1643568300,766
1643569200,538
1643570100,269
1643571000,234
1643571900,205
1643572800,181
1643573700,175
1643574600,172
1643575500,140
1643576400,164
1643577300,160
1643578200,150
1643579100,137
1643580000,134
1643580900,127
1643581800,105
1643582700,50
1643583600,46
1643584500,42
1643585400,56
1643586300,37
1643587200,47
1643588100,46
1643589000,52
1643589900,100
1643590800,79
1643591700,90
1643592600,118
1643593500,75
1643594400,56
1643595300,77
1643596200,48
1643597100,55
1643598000,46
1643598900,66
1643599800,46
1643600700,51
1643601600,44
1643602500,63
1643603400,56
1643604300,52
1643605200,47
1643606100,88
1643607000,73
1643607900,75
1643608800,67
1643609700,75
1643610600,54
1643611500,54
1643612400,44
1643613300,83
1643614200,250
1643615100,129
1643616000,176
1643616900,119
1643617800,104
1643618700,89
1643619600,85
1643620500,118
1643621400,94
1643622300,101
1643623200,87
1643624100,94
1643625000,93
1643625900,100
1643626800,183
1643627700,81
1643628600,75
1643629500,91
1643630400,77
1643631300,95
1643632200,91
1643633100,104
1643634000,87
1643634900,89
1643635800,180
1643636700,173
1643637600,273
1643638500,206
1643639400,148
1643640300,213
1643641200,251
1643642100,240
1643643000,244
1643643900,238
1643644800,238
1643645700,224
1643646600,275
1643647500,302
1643648400,326
1643649300,278
1643650200,252
1643651100,240
1643652000,269
1643652900,248
1643653800,234
1643654700,213
1643655600,276
1643656500,233
1643657400,150
1643658300,143
1643659200,154
1643660100,164
1643661000,167
1643661900,169
1643662800,157
1643663700,148
1643664600,121
1643665500,136
1643666400,61
1643667300,74
1643668200,68
1643669100,80
1643670000,72
1643670900,63
1643671800,71
1643672700,66
1643673600,55
1643674500,37
1643675400,54
1643676300,43
1643677200,44
1643678100,49
1643679000,68
1643679900,63
1643680800,43
1643681700,47
1643682600,47
1643683500,51
1643684400,39
1643685300,47
1643686200,63
1643687100,75
1643688000,60
1643688900,65
1643689800,66
1643690700,60
1643691600,50
1643692500,93
1643693400,127
1643694300,261
1643695200,186
1643696100,161
1643697000,146
1643697900,403
1643698800,106
1643699700,81
1643700600,73
1643701500,83
1643702400,348
1643703300,132
1643704200,85
1643705100,101
1643706000,308
1643706900,278
1643707800,437
1643708700,435
1643709600,138
1643710500,235
1643711400,144
1643712300,122
1643713200,177
1643714100,127
1643715000,155
1643715900,751
1643716800,381
1643717700,468
1643718600,424
1643719500,142
1643720400,129
1643721300,82
1643722200,129
1643723100,117
1643724000,111
1643724900,104
1643725800,110
1643726700,111
1643727600,111
1643728500,129
1643729400,123
1643730300,212
1643731200,140
1643732100,170
1643733000,241
1643733900,201
1643734800,156
1643735700,195
1643736600,209
1643737500,232
1643738400,253
1643739300,259
1643740200,214
1643741100,233
1643742000,247
1643742900,283
1643743800,294
1643744700,217
1643745600,189
1643746500,211
1643747400,256
1643748300,182
1643749200,169
1643750100,225
1643751000,169
1643751900,139
1643752800,115
1643753700,96
1643754600,82
1643755500,80
1643756400,69
1643757300,63
1643758200,69
1643759100,63
1643760000,57
1643760900,61
1643761800,79
1643762700,75
1643763600,76
1643764500,58
1643765400,76
1643766300,53
1643767200,53
1643768100,39
1643769000,127
1643769900,75
1643770800,82
1643771700,52
1643772600,51
1643773500,47
1643774400,38
1643775300,66
1643776200,66
1643777100,74
1643778000,81
1643778900,261
1643779800,233
1643780700,229
1643781600,183
1643782500,178
1643783400,108
1643784300,90
1643785200,101
1643786100,90
1643787000,99
1643787900,96
1643788800,108
1643789700,95
1643790600,138
1643791500,90
1643792400,97
1643793300,69
1643794200,58
1643795100,68
1643796000,95
1643796900,102
1643797800,108
1643798700,135
1643799600,126
1643800500,196
1643801400,141
1643802300,161
1643803200,166
1643804100,135
1643805000,555
1643805900,483
1643806800,336
1643807700,487
1643808600,94
1643809500,100
1643810400,103
1643811300,118
1643812200,98
1643813100,90
1643814000,82
1643814900,100
1643815800,82
1643816700,88
1643817600,95
1643818500,199
1643819400,493
1643820300,703
1643821200,306
1643822100,209
1643823000,227
1643823900,235
1643824800,235
1643825700,249
1643826600,226
1643827500,601
1643828400,1042
1643829300,893
1643830200,776
1643831100,347
1643832000,181
1643832900,204
1643833800,171
1643834700,164
1643835600,162
1643836500,238
1643837400,136
1643838300,118
1643839200,87
1643840100,61
1643841000,69
1643841900,62
1643842800,80
1643843700,61
1643844600,69
1643845500,65
1643846400,78
1643847300,60
1643848200,66
1643849100,66
1643850000,70
1643850900,66
1643851800,66
1643852700,85
1643853600,77
1643854500,67
1643855400,53
1643856300,55
1643857200,52
1643858100,47
1643859000,105
1643859900,112
1643860800,114
1643861700,103
1643862600,142
1643863500,151
1643864400,181
1643865300,76
1643866200,65
1643867100,61
1643868000,88
1643868900,297
1643869800,92
1643870700,352
1643871600,456
1643872500,182
1643873400,120
1643874300,122
1643875200,80
1643876100,100
1643877000,104
1643877900,100
1643878800,364
1643879700,121
1643880600,130
1643881500,219
1643882400,242
1643883300,142
1643884200,137
1643885100,119
1643886000,104
1643886900,95
1643887800,108
1643888700,99
1643889600,169
1643890500,161
1643891400,318
1643892300,169
1643893200,140
1643894100,175
1643895000,442
1643895900,150
1643896800,102
1643897700,104
1643898600,98
1643899500,120
1643900400,131
1643901300,187
1643902200,135
1643903100,260
1643904000,230
1643904900,675
1643905800,287
1643906700,253
1643907600,181
1643908500,181
1643909400,162
1643910300,158
1643911200,192
1643912100,247
1643913000,177
1643913900,203
1643914800,239
1643915700,200
1643916600,169
1643917500,173
1643918400,169
1643919300,163
1643920200,163
1643921100,173
1643922000,176
1643922900,131
1643923800,136
1643924700,138
1643925600,92
1643926500,88
1643927400,70
1643928300,83
1643929200,68
1643930100,75
1643931000,54
1643931900,71
1643932800,50
1643933700,58
1643934600,50
1643935500,70
1643936400,52
1643937300,51
1643938200,61
1643939100,61
1643940000,49
1643940900,39
1643941800,47
1643942700,46
1643943600,51
1643944500,40
1643945400,38
1643946300,53
1643947200,60
1643948100,141
1643949000,99
1643949900,114
1643950800,143
1643951700,159
1643952600,327
1643953500,111
1643954400,187
1643955300,144
1643956200,76
1643957100,90
1643958000,99
1643958900,105
1643959800,94
1643960700,92
1643961600,77
1643962500,79
1643963400,149
1643964300,135
1643965200,192
1643966100,99
1643967000,102
1643967900,152
1643968800,149
1643969700,93
1643970600,134
1643971500,138
1643972400,121
1643973300,108
1643974200,153
1643975100,154
1643976000,160
1643976900,135
1643977800,104
1643978700,73
1643979600,77
1643980500,72
1643981400,65
1643982300,142
1643983200,146
1643984100,139
1643985000,117
1643985900,98
1643986800,122
1643987700,101
1643988600,105
1643989500,96
1643990400,128
1643991300,141
1643992200,207
1643993100,174
1643994000,144
1643994900,147
1643995800,166
1643996700,197
1643997600,591
1643998500,697
1643999400,430
1644000300,667
1644001200,261
1644002100,173
1644003000,198
1644003900,179
1644004800,179
1644005700,141
1644006600,153
1644007500,109
1644008400,112
1644009300,97
1644010200,38
1644011100,51
1644012000,41
1644012900,44
1644013800,34
1644014700,62
1644015600,55
1644016500,45
1644017400,43
1644018300,49
1644019200,44
1644020100,36
1644021000,45
1644021900,49
1644022800,43
1644023700,39
1644024600,37
1644025500,58
1644026400,36
1644027300,46
1644028200,36
1644029100,80
1644030000,93
1644030900,85
1644031800,55
1644032700,46
1644033600,50
1644034500,36
1644035400,44
1644036300,43
1644037200,74
1644038100,230
1644039000,79
1644039900,128
1644040800,152
1644041700,238
1644042600,214
1644043500,258
1644044400,122
1644045300,129
1644046200,96
1644047100,86
1644048000,177
1644048900,180
1644049800,258
1644050700,241
1644051600,91
1644052500,149
1644053400,82
1644054300,156
1644055200,61
1644056100,176
1644057000,107
1644057900,116
1644058800,95
1644059700,91
1644060600,82
1644061500,104
1644062400,109
1644063300,172
1644064200,254
1644065100,102
1644066000,92
1644066900,80
1644067800,89
1644068700,90
1644069600,92
1644070500,81
1644071400,83
1644072300,105
1644073200,108
1644074100,208
1644075000,518
1644075900,253
1644076800,159
1644077700,196
1644078600,181
1644079500,264
1644080400,945
1644081300,249
1644082200,953
1644083100,367
1644084000,197
1644084900,183
1644085800,174
1644086700,166
1644087600,151
1644088500,185
1644089400,147
1644090300,157
1644091200,159
1644092100,154
1644093000,147
1644093900,164
1644094800,147
1644095700,149
1644096600,150
1644097500,77
1644098400,61
1644099300,53
1644100200,60
1644101100,46
1644102000,50
1644102900,54
1644103800,55
1644104700,62
1644105600,64
1644106500,67
1644107400,57
1644108300,55
1644109200,48
1644110100,51
1644111000,65
1644111900,47
1644112800,55
1644113700,49
1644114600,75
1644115500,41
1644116400,42
1644117300,69
1644118200,96
1644119100,98
1644120000,68
1644120900,44
1644121800,50
1644122700,44
1644123600,37
1644124500,37
1644125400,53
1644126300,54
1644127200,67
1644128100,55
1644129000,85
1644129900,198
1644130800,128
1644131700,65
1644132600,71
1644133500,191
1644134400,150
1644135300,151
1644136200,107
1644137100,137
1644138000,84
1644138900,86
1644139800,89
1644140700,63
1644141600,131
1644142500,113
1644143400,84
1644144300,94
1644145200,105
1644146100,74
1644147000,75
1644147900,73
1644148800,91
1644149700,117
1644150600,168
1644151500,117
1644152400,137
1644153300,144
1644154200,153
1644155100,187
1644156000,179
1644156900,225
1644157800,231
1644158700,201
1644159600,200
1644160500,189
1644161400,197
1644162300,185
1644163200,219
1644164100,258
1644165000,203
1644165900,210
1644166800,263
1644167700,280
1644168600,245
1644169500,236
1644170400,234
1644171300,377
1644172200,238
1644173100,242
1644174000,254
1644174900,253
1644175800,199
1644176700,188
1644177600,202
1644178500,188
1644179400,171
1644180300,170
1644181200,176
1644182100,98
1644183000,74
1644183900,122
1644184800,80
1644185700,66
1644186600,60
1644187500,71
1644188400,89
1644189300,74
1644190200,63
1644191100,62
1644192000,77
1644192900,57
1644193800,62
1644194700,55
1644195600,67
1644196500,50
1644197400,56
1644198300,56
1644199200,61
1644200100,82
1644201000,91
1644201900,80
1644202800,79
1644203700,62
1644204600,52
1644205500,55
1644206400,68
1644207300,52
1644208200,59
1644209100,52
1644210000,69
1644210900,55
1644211800,72
1644212700,74
1644213600,121
1644214500,136
1644215400,136
1644216300,169
1644217200,127
1644218100,246
1644219000,224
1644219900,92
1644220800,81
1644221700,99
1644222600,111
1644223500,101
1644224400,113
1644225300,150
1644226200,113
1644227100,127
1644228000,406
1644228900,121
1644229800,226
1644230700,490
1644231600,486
1644232500,138
1644233400,115
1644234300,131
1644235200,103
1644236100,123
1644237000,124
1644237900,117
1644238800,111
1644239700,104
1644240600,110
1644241500,112
1644242400,129
1644243300,114
1644244200,95
1644245100,93
1644246000,91
1644246900,92
1644247800,83
1644248700,97
1644249600,104
1644250500,112
1644251400,70
1644252300,75
1644253200,87
1644254100,75
1644255000,102
1644255900,146
1644256800,148
1644257700,224
1644258600,272
1644259500,866
1644260400,453
1644261300,584
1644262200,482
1644263100,270
1644264000,259
1644264900,284
1644265800,256
1644266700,354
1644267600,214
1644268500,190
1644269400,136
1644270300,126
1644271200,118
1644272100,79
1644273000,74
1644273900,68
1644274800,74
1644275700,82
1644276600,67
1644277500,81
1644278400,85
1644279300,98
1644280200,65
1644281100,70
1644282000,55
1644282900,71
1644283800,51
1644284700,50
1644285600,56
1644286500,62
1644287400,72
1644288300,77
1644289200,95
1644290100,94
1644291000,96
1644291900,102
1644292800,104
1644293700,104
1644294600,81
1644295500,59
1644296400,49
1644297300,58
1644298200,64
1644299100,57
1644300000,124
1644300900,243
1644301800,473
1644302700,870
1644303600,629
1644304500,626
1644305400,353
1644306300,143
1644307200,103
1644308100,103
1644309000,102
1644309900,88
1644310800,88
1644311700,84
1644312600,78
1644313500,78
1644314400,99
1644315300,79
1644316200,104
1644317100,96
1644318000,111
1644318900,113
1644319800,108
1644320700,97
1644321600,92
1644322500,114
1644323400,97
1644324300,132
1644325200,106
1644326100,132
1644327000,404
1644327900,1353
1644328800,1313
1644329700,1396
1644330600,1299
1644331500,809
1644332400,269
1644333300,190
1644334200,306
1644335100,231
1644336000,264
1644336900,517
1644337800,491
1644338700,301
1644339600,562
1644340500,325
1644341400,260
1644342300,212
1644343200,214
1644344100,181
1644345000,227
1644345900,219
1644346800,223
1644347700,185
1644348600,196
1644349500,175
1644350400,216
1644351300,227
1644352200,202
1644353100,173
1644354000,140
1644354900,141
1644355800,140
1644356700,114
1644357600,73
1644358500,71
1644359400,80
1644360300,50
1644361200,57
1644362100,59
1644363000,79
1644363900,64
1644364800,55
1644365700,64
1644366600,51
1644367500,58
1644368400,51
1644369300,71
1644370200,49
1644371100,67
1644372000,65
1644372900,66
1644373800,56
1644374700,51
1644375600,58
1644376500,77
1644377400,75
1644378300,53
1644379200,56
1644380100,65
1644381000,105
1644381900,99
1644382800,107
1644383700,100
1644384600,85
1644385500,75
1644386400,99
1644387300,313
1644388200,166
1644389100,150
1644390000,136
1644390900,141
1644391800,189
1644392700,164
1644393600,152
1644394500,130
1644395400,127
1644396300,688
1644397200,439
1644398100,589
1644399000,632
1644399900,379
1644400800,511
1644401700,201
1644402600,159
1644403500,171
1644404400,190
1644405300,121
1644406200,111
1644407100,112
1644408000,88
1644408900,802
1644409800,1658
1644410700,1215
1644411600,1306
1644412500,1034
1644413400,604
1644414300,164
1644415200,137
1644416100,146
1644417000,117
1644417900,106
1644418800,106
1644419700,112
1644420600,126
1644421500,139
1644422400,175
1644423300,194
1644424200,253
1644425100,230
1644426000,188
1644426900,192
1644427800,552
1644428700,570
1644429600,268
1644430500,299
1644431400,264
1644432300,428
1644433200,350
1644434100,233
1644435000,193
1644435900,151
1644436800,178
1644437700,146
1644438600,135
1644439500,112
1644440400,131
1644441300,119
1644442200,119
1644443100,161
1644444000,113
1644444900,111
1644445800,68
1644446700,80
1644447600,54
1644448500,62
1644449400,59
1644450300,58
1644451200,51
1644452100,49
1644453000,77
1644453900,66
1644454800,64
1644455700,51
1644456600,69
1644457500,49
1644458400,55
1644459300,56
1644460200,58
1644461100,57
1644462000,49
1644462900,64
1644463800,57
1644464700,57
1644465600,49
1644466500,61
1644467400,58
1644468300,69
1644469200,111
1644470100,151
1644471000,151
1644471900,131
1644472800,153
1644473700,321
1644474600,315
1644475500,247
1644476400,319
1644477300,145
1644478200,168
1644479100,522
1644480000,116
1644480900,125
1644481800,127
1644482700,122
1644483600,147
1644484500,183
1644485400,431
1644486300,247
1644487200,157
1644488100,101
1644489000,350
1644489900,142
1644490800,102
1644491700,105
1644492600,101
1644493500,114
1644494400,98
1644495300,111
1644496200,134
1644497100,209
1644498000,175
1644498900,127
1644499800,130
1644500700,168
1644501600,314
1644502500,237
1644503400,178
1644504300,152
1644505200,133
1644506100,137
1644507000,125
1644507900,170
1644508800,180
1644509700,218
1644510600,508
1644511500,686
1644512400,341
1644513300,717
1644514200,190
1644515100,237
1644516000,238
1644516900,218
1644517800,242
1644518700,237
1644519600,230
1644520500,208
1644521400,217
1644522300,223
1644523200,195
1644524100,176
1644525000,145
1644525900,118
1644526800,109
1644527700,125
1644528600,101
1644529500,96
1644530400,68
1644531300,40
1644532200,44
1644533100,35
1644534000,56
1644534900,36
1644535800,42
1644536700,41
1644537600,49
1644538500,37
1644539400,38
1644540300,51
1644541200,46
1644542100,60
1644543000,43
1644543900,57
1644544800,37
1644545700,44
1644546600,38
1644547500,56
1644548400,38
1644549300,37
1644550200,69
1644551100,99
1644552000,143
1644552900,110
1644553800,79
1644554700,78
1644555600,72
1644556500,69
1644557400,66
1644558300,104
1644559200,119
1644560100,274
1644561000,130
1644561900,94
1644562800,84
1644563700,139
1644564600,404
1644565500,408
1644566400,448
1644567300,215
1644568200,331
1644569100,207
1644570000,223
1644570900,167
1644571800,198
1644572700,203
1644573600,239
1644574500,347
1644575400,219
1644576300,166
1644577200,164
1644578100,207
1644579000,220
1644579900,224
1644580800,244
1644581700,227
1644582600,160
1644583500,172
1644584400,298
1644585300,210
1644586200,220
1644587100,198
1644588000,188
1644588900,162
1644589800,152
1644590700,150
1644591600,211
1644592500,148
1644593400,121
1644594300,120
1644595200,176
1644596100,380
1644597000,286
1644597900,156
1644598800,149
1644599700,193
1644600600,227
1644601500,232
1644602400,202
1644603300,195
1644604200,199
1644605100,209
1644606000,215
1644606900,232
1644607800,236
1644608700,215
1644609600,197
1644610500,198
1644611400,237
1644612300,180
1644613200,191
1644614100,130
1644615000,211
1644615900,73
1644616800,81
1644617700,71
1644618600,60
1644619500,75
1644620400,65
1644621300,65
1644622200,56
1644623100,75
1644624000,54
1644624900,70
1644625800,77
1644626700,72
1644627600,62
1644628500,56
1644629400,66
1644630300,70
1644631200,74
1644632100,64
1644633000,108
1644633900,114
1644634800,98
1644635700,105
1644636600,103
1644637500,93
1644638400,63
1644639300,59
1644640200,93
1644641100,291
1644642000,137
1644642900,118
1644643800,106
1644644700,129
1644645600,394
1644646500,260
1644647400,113
1644648300,186
1644649200,176
1644650100,207
1644651000,191
1644651900,300
1644652800,577
1644653700,602
1644654600,439
1644655500,613
1644656400,160
1644657300,148
1644658200,224
1644659100,358
1644660000,300
1644660900,172
1644661800,267
1644662700,194
1644663600,337
1644664500,170
1644665400,111
1644666300,73
1644667200,130
1644668100,173
1644669000,166
1644669900,207
1644670800,182
1644671700,179
1644672600,131
1644673500,126
1644674400,122
1644675300,165
1644676200,150
1644677100,294
1644678000,610
1644678900,680
1644679800,651
1644680700,654
1644681600,187
1644682500,183
1644683400,167
1644684300,177
1644685200,182
1644686100,155
1644687000,321
1644687900,220
1644688800,259
1644689700,184
1644690600,257
1644691500,227
1644692400,166
1644693300,278
1644694200,130
1644695100,172
1644696000,123
1644696900,87
1644697800,95
1644698700,91
1644699600,113
1644700500,146
1644701400,139
1644702300,153
1644703200,166
1644704100,117
1644705000,110
1644705900,112
1644706800,138
1644707700,125
1644708600,106
1644709500,49
1644710400,48
1644711300,86
1644712200,51
1644713100,45
1644714000,46
1644714900,41
1644715800,39
1644716700,38
1644717600,55
1644718500,36
1644719400,44
1644720300,51
1644721200,72
1644722100,37
1644723000,62
1644723900,56
1644724800,71
1644725700,58
1644726600,48
1644727500,44
1644728400,83
1644729300,79
1644730200,36
1644731100,55
1644732000,66
1644732900,66
1644733800,62
1644734700,60
1644735600,61
1644736500,99
1644737400,194
1644738300,147
1644739200,576
1644740100,1235
1644741000,755
1644741900,669
1644742800,215
1644743700,155
1644744600,141
1644745500,651
1644746400,473
1644747300,318
1644748200,218
1644749100,157
1644750000,267
1644750900,492
1644751800,644
1644752700,205
1644753600,747
1644754500,120
1644755400,112
1644756300,126
1644757200,125
1644758100,105
1644759000,127
1644759900,106
1644760800,119
1644761700,152
1644762600,152
1644763500,182
1644764400,170
1644765300,165
1644766200,152
1644767100,162
1644768000,266
1644768900,195
1644769800,278
1644770700,184
1644771600,222
1644772500,305
1644773400,295
1644774300,273
1644775200,251
1644776100,248
1644777000,255
1644777900,268
1644778800,277
1644779700,246
1644780600,233
1644781500,267
1644782400,187
1644783300,221
1644784200,328
1644785100,254
1644786000,237
1644786900,333
1644787800,198
1644788700,199
1644789600,156
1644790500,124
1644791400,144
1644792300,120
1644793200,87
1644794100,75
1644795000,80
1644795900,72
1644796800,65
1644797700,93
1644798600,94
1644799500,70
1644800400,64
1644801300,66
1644802200,73
1644803100,60
1644804000,66
1644804900,59
1644805800,53
1644806700,40
1644807600,38
1644808500,53
1644809400,46
1644810300,47
1644811200,38
1644812100,56
1644813000,113
1644813900,91
1644814800,118
1644815700,89
1644816600,78
1644817500,58
1644818400,65
1644819300,40
1644820200,50
1644821100,46
1644822000,39
1644822900,65
1644823800,61
1644824700,219
1644825600,73
1644826500,286
1644827400,160
1644828300,127
1644829200,302
1644830100,557
1644831000,157
1644831900,132
1644832800,204
1644833700,309
1644834600,121
1644835500,189
1644836400,580
1644837300,614
1644838200,383
1644839100,599
1644840000,120
1644840900,152
1644841800,119
1644842700,113
1644843600,84
1644844500,87
1644845400,74
1644846300,74
1644847200,67
1644848100,79
1644849000,186
1644849900,143
1644850800,88
1644851700,86
1644852600,90
1644853500,76
1644854400,96
1644855300,117
1644856200,275
1644857100,99
1644858000,105
1644858900,96
1644859800,110
1644860700,388
1644861600,572
1644862500,285
1644863400,284
1644864300,223
1644865200,187
1644866100,186
1644867000,154
1644867900,141
1644868800,152
1644869700,197
1644870600,200
1644871500,91
1644872400,70
1644873300,83
1644874200,74
1644875100,116
1644876000,95
1644876900,83
1644877800,36
1644878700,56
1644879600,36
1644880500,43
1644881400,36
1644882300,54
1644883200,39
1644884100,42
1644885000,56
1644885900,59
1644886800,49
1644887700,38
1644888600,43
1644889500,37
1644890400,59
1644891300,36
1644892200,66
1644893100,57
1644894000,79
1644894900,67
1644895800,57
1644896700,77
1644897600,98
1644898500,121
1644899400,89
1644900300,45
1644901200,35
1644902100,49
1644903000,48
1644903900,64
1644904800,56
1644905700,91
1644906600,322
1644907500,107
1644908400,89
1644909300,85
1644910200,87
1644911100,79
1644912000,70
1644912900,65
1644913800,66
1644914700,69
1644915600,77
1644916500,77
1644917400,154
1644918300,200
1644919200,119
1644920100,103
1644921000,74
1644921900,85
1644922800,115
1644923700,148
1644924600,252
1644925500,659
1644926400,448
1644927300,335
1644928200,493
1644929100,219
1644930000,153
1644930900,144
1644931800,173
1644932700,159
1644933600,211
1644934500,143
1644935400,146
1644936300,161
1644937200,141
1644938100,166
1644939000,191
1644939900,175
1644940800,169
1644941700,178
1644942600,216
1644943500,187
1644944400,501
1644945300,680
1644946200,701
1644947100,777
1644948000,536
1644948900,274
1644949800,230
1644950700,162
1644951600,141
1644952500,126
1644953400,121
1644954300,171
1644955200,168
1644956100,157
1644957000,136
1644957900,136
1644958800,126
1644959700,145
1644960600,114
1644961500,93
1644962400,107
1644963300,58
1644964200,47
1644965100,41
1644966000,59
1644966900,59
1644967800,62
1644968700,44
1644969600,53
1644970500,48
1644971400,40
1644972300,49
1644973200,55
1644974100,49
1644975000,42
1644975900,47
1644976800,63
1644977700,72
1644978600,49
1644979500,43
1644980400,86
1644981300,81
1644982200,92
1644983100,97
1644984000,102
1644984900,42
1644985800,42
1644986700,47
1644987600,49
1644988500,52
1644989400,53
1644990300,68
1644991200,65
1644992100,108
1644993000,215
1644993900,264
1644994800,117
1644995700,124
1644996600,115
1644997500,104
1644998400,93
1644999300,73
1645000200,232
1645001100,593
1645002000,687
1645002900,235
1645003800,207
1645004700,238
1645005600,146
1645006500,139
1645007400,145
1645008300,139
1645009200,119
1645010100,200
1645011000,173
1645011900,168
1645012800,276
1645013700,221
1645014600,319
1645015500,894
1645016400,1401
1645017300,1032
1645018200,1047
1645019100,652
1645020000,163
1645020900,147
1645021800,153
1645022700,146
1645023600,170
1645024500,169
1645025400,195
1645026300,168
1645027200,185
1645028100,245
1645029000,157
1645029900,176
1645030800,201
1645031700,203
1645032600,258
1645033500,234
1645034400,271
1645035300,248
1645036200,249
1645037100,264
1645038000,277
1645038900,162
1645039800,152
1645040700,167
1645041600,190
1645042500,198
1645043400,198
1645044300,168
1645045200,158
1645046100,158
1645047000,119
1645047900,104
1645048800,105
1645049700,82
1645050600,81
1645051500,91
1645052400,88
1645053300,76
1645054200,74
1645055100,68
1645056000,77
1645056900,73
1645057800,59
1645058700,60
1645059600,99
1645060500,70
1645061400,70
1645062300,54
1645063200,48
1645064100,42
1645065000,43
1645065900,58
1645066800,43
1645067700,49
1645068600,43
1645069500,61
1645070400,75
1645071300,83
1645072200,72
1645073100,124
1645074000,96
1645074900,59
1645075800,91
1645076700,278
1645077600,279
1645078500,148
1645079400,212
1645080300,89
1645081200,130
1645082100,52
1645083000,55
1645083900,49
1645084800,66
1645085700,50
1645086600,50
1645087500,55
1645088400,63
1645089300,75
1645090200,68
1645091100,84
1645092000,74
1645092900,77
1645093800,78
1645094700,82
1645095600,81
1645096500,93
1645097400,86
1645098300,92
1645099200,122
1645100100,108
1645101000,111
1645101900,118
1645102800,152
1645103700,172
1645104600,170
1645105500,181
1645106400,144
1645107300,133
1645108200,129
1645109100,131
1645110000,133
1645110900,138
1645111800,138
1645112700,141
1645113600,130
1645114500,166
1645115400,253
1645116300,206
1645117200,215
1645118100,158
1645119000,270
1645119900,215
1645120800,211
1645121700,208
1645122600,286
1645123500,226
1645124400,400
1645125300,692
1645126200,725
1645127100,340
1645128000,294
1645128900,326
1645129800,320
1645130700,217
1645131600,210
1645132500,164
1645133400,144
1645134300,131
1645135200,125
1645136100,124
1645137000,80
1645137900,235
1645138800,159
1645139700,71
1645140600,63
1645141500,58
1645142400,84
1645143300,78
1645144200,77
1645145100,68
1645146000,88
1645146900,67
1645147800,75
1645148700,68
1645149600,94
1645150500,76
1645151400,69
1645152300,56
1645153200,62
1645154100,59
1645155000,51
1645155900,56
1645156800,84
1645157700,79
1645158600,79
1645159500,98
1645160400,122
1645161300,243
1645162200,373
1645163100,114
1645164000,153
1645164900,165
1645165800,139
1645166700,108
1645167600,117
1645168500,133
1645169400,147
1645170300,136
1645171200,141
1645172100,128
1645173000,150
1645173900,149
1645174800,177
1645175700,120
1645176600,108
1645177500,135
1645178400,175
1645179300,153
1645180200,169
1645181100,193
1645182000,140
1645182900,119
1645183800,111
1645184700,165
1645185600,220
1645186500,166
1645187400,159
1645188300,206
1645189200,882
1645190100,415
1645191000,617
1645191900,441
1645192800,230
1645193700,321
1645194600,256
1645195500,195
1645196400,225
1645197300,348
1645198200,139
1645199100,131
1645200000,120
1645200900,172
1645201800,184
1645202700,177
1645203600,170
1645204500,204
1645205400,209
1645206300,217
1645207200,186
1645208100,211
1645209000,172
1645209900,184
1645210800,174
1645211700,459
1645212600,324
1645213500,206
1645214400,199
1645215300,213
1645216200,141
1645217100,120
1645218000,155
1645218900,117
1645219800,99
1645220700,101
1645221600,72
1645222500,36
1645223400,49
1645224300,44
1645225200,43
1645226100,37
1645227000,55
1645227900,53
1645228800,61
1645229700,49
1645230600,46
1645231500,37
1645232400,42
1645233300,51
1645234200,41
1645235100,41
1645236000,45
1645236900,50
1645237800,38
1645238700,44
1645239600,52
1645240500,44
1645241400,48
1645242300,83
1645243200,125
1645244100,154
1645245000,71
1645245900,78
1645246800,108
1645247700,305
1645248600,219
1645249500,140
1645250400,140
1645251300,211
1645252200,258
1645253100,120
1645254000,140
1645254900,92
1645255800,175
1645256700,108
1645257600,141
1645258500,69
1645259400,318
1645260300,105
1645261200,117
1645262100,165
1645263000,143
1645263900,153
1645264800,173
1645265700,119
1645266600,160
1645267500,204
1645268400,168
1645269300,384
1645270200,242
1645271100,185
1645272000,165
1645272900,265
1645273800,659
1645274700,1305
1645275600,723
1645276500,537
1645277400,450
1645278300,195
1645279200,189
1645280100,193
1645281000,784
1645281900,968
1645282800,824
1645283700,709
1645284600,492
1645285500,192
1645286400,277
1645287300,326
1645288200,264
1645289100,264
1645290000,170
1645290900,206
1645291800,559
1645292700,608
1645293600,627
1645294500,470
1645295400,395
1645296300,426
1645297200,304
1645298100,353
1645299000,428
1645299900,228
1645300800,222
1645301700,214
1645302600,192
1645303500,190
1645304400,88
1645305300,81
1645306200,61
1645307100,71
1645308000,55
1645308900,62
1645309800,63
1645310700,66
1645311600,54
1645312500,62
1645313400,66
1645314300,61
1645315200,63
1645316100,72
1645317000,88
1645317900,60
1645318800,62
1645319700,56
1645320600,72
1645321500,61
1645322400,63
1645323300,55
1645324200,70
1645325100,64
1645326000,63
1645326900,60
1645327800,60
1645328700,78
1645329600,60
1645330500,101
1645331400,90
1645332300,125
1645333200,74
1645334100,64
1645335000,331
1645335900,233
1645336800,229
1645337700,132
1645338600,151
1645339500,148
1645340400,150
1645341300,113
1645342200,115
1645343100,127
1645344000,105
1645344900,98
1645345800,90
1645346700,77
1645347600,111
1645348500,133
1645349400,139
1645350300,144
1645351200,140
1645352100,138
1645353000,145
1645353900,165
1645354800,186
1645355700,154
1645356600,174
1645357500,244
1645358400,246
1645359300,217
1645360200,306
1645361100,225
1645362000,217
1645362900,206
1645363800,234
1645364700,220
1645365600,254
1645366500,250
1645367400,269
1645368300,259
1645369200,239
1645370100,223
1645371000,241
1645371900,226
1645372800,233
1645373700,222
1645374600,245
1645375500,214
1645376400,275
1645377300,333
1645378200,292
1645379100,303
1645380000,233
1645380900,289
1645381800,265
1645382700,289
1645383600,257
1645384500,261
1645385400,236
1645386300,270
1645387200,254
1645388100,465
1645389000,415
1645389900,180
1645390800,216
1645391700,221
1645392600,199
1645393500,169
1645394400,198
1645395300,196
1645396200,198
1645397100,193
1645398000,212
1645398900,181
1645399800,197
1645400700,165
1645401600,150
1645402500,161
1645403400,151
1645404300,164
1645405200,120
1645406100,84
1645407000,86
1645407900,101
1645408800,89
1645409700,82
1645410600,75
1645411500,84
1645412400,85
1645413300,76
1645414200,79
1645415100,88
1645416000,99
1645416900,72
1645417800,81
1645418700,71
1645419600,92
1645420500,103
1645421400,90
1645422300,248
1645423200,321
1645424100,402
1645425000,194
1645425900,120
1645426800,131
1645427700,490
1645428600,214
1645429500,124
1645430400,348
1645431300,322
1645432200,129
1645433100,129
1645434000,123
1645434900,243
1645435800,554
1645436700,310
1645437600,563
1645438500,308
1645439400,151
1645440300,112
1645441200,116
1645442100,105
1645443000,177
1645443900,156
1645444800,169
1645445700,151
1645446600,155
1645447500,115
1645448400,203
1645449300,155
1645450200,178
1645451100,153
1645452000,142
1645452900,154
1645453800,243
1645454700,379
1645455600,157
1645456500,147
1645457400,368
1645458300,370
1645459200,234
1645460100,238
1645461000,283
1645461900,274
1645462800,365
1645463700,398
1645464600,339
1645465500,250
1645466400,229
1645467300,234
1645468200,233
1645469100,226
1645470000,228
1645470900,253
1645471800,285
1645472700,225
1645473600,256
1645474500,292
1645475400,212
1645476300,366
1645477200,238
1645478100,194
1645479000,162
1645479900,159
1645480800,154
1645481700,163
1645482600,113
1645483500,127
1645484400,106
1645485300,98
1645486200,90
1645487100,97
1645488000,92
1645488900,92
1645489800,102
1645490700,98
1645491600,95
1645492500,74
1645493400,77
1645494300,70
1645495200,70
1645496100,65
1645497000,73
1645497900,74
1645498800,78
1645499700,109
1645500600,88
1645501500,76
1645502400,61
1645503300,70
1645504200,72
1645505100,78
1645506000,64
1645506900,86
1645507800,311
1645508700,343
1645509600,357
1645510500,105
1645511400,101
1645512300,113
1645513200,132
1645514100,131
1645515000,131
1645515900,132
1645516800,127
1645517700,479
1645518600,439
1645519500,204
1645520400,73
1645521300,83
1645522200,493
1645523100,609
1645524000,115
1645524900,121
1645525800,212
1645526700,131
1645527600,216
1645528500,313
1645529400,213
1645530300,208
1645531200,212
1645532100,123
1645533000,138
1645533900,820
1645534800,1274
1645535700,1197
1645536600,1193
1645537500,1174
1645538400,657
1645539300,147
1645540200,126
1645541100,115
1645542000,151
1645542900,125
1645543800,147
1645544700,347
1645545600,754
1645546500,1113
1645547400,1063
1645548300,747
1645549200,696
1645550100,665
1645551000,281
1645551900,308
1645552800,266
1645553700,277
1645554600,1188
1645555500,2814
1645556400,2608
1645557300,2409
1645558200,1215
1645559100,1478
1645560000,1135
1645560900,1463
1645561800,1358
1645562700,1018
1645563600,1152
1645564500,1469
1645565400,378
1645566300,156
1645567200,134
1645568100,132
1645569000,95
1645569900,90
1645570800,80
1645571700,102
1645572600,84
1645573500,74
1645574400,74
1645575300,84
1645576200,82
1645577100,68
1645578000,84
1645578900,86
1645579800,93
1645580700,78
1645581600,84
1645582500,100
1645583400,63
1645584300,75
1645585200,66
1645586100,51
1645587000,68
1645587900,58
1645588800,69
1645589700,48
1645590600,55
1645591500,51
1645592400,65
1645593300,53
1645594200,86
1645595100,126
1645596000,297
1645596900,332
1645597800,247
1645598700,404
1645599600,342
1645600500,277
1645601400,55
1645602300,67
1645603200,69
1645604100,60
1645605000,47
1645605900,80
1645606800,80
1645607700,89
1645608600,76
1645609500,85
1645610400,74
1645611300,65
1645612200,73
1645613100,64
1645614000,74
1645614900,80
1645615800,162
1645616700,170
1645617600,175
1645618500,122
1645619400,103
1645620300,84
1645621200,93
1645622100,102
1645623000,136
1645623900,124
1645624800,120
1645625700,149
1645626600,251
1645627500,215
1645628400,296
1645629300,328
1645630200,151
1645631100,163
1645632000,197
1645632900,181
1645633800,189
1645634700,388
1645635600,451
1645636500,131
1645637400,152
1645638300,145
1645639200,169
1645640100,174
1645641000,183
1645641900,142
1645642800,181
1645643700,193
1645644600,191
1645645500,211
1645646400,219
1645647300,169
1645648200,135
1645649100,138
1645650000,81
1645650900,80
1645651800,59
1645652700,49
1645653600,88
1645654500,67
1645655400,67
1645656300,61
1645657200,73
1645658100,72
1645659000,76
1645659900,80
1645660800,64
1645661700,65
1645662600,43
1645663500,53
1645664400,45
1645665300,58
1645666200,50
1645667100,49
1645668000,61
1645668900,49
1645669800,58
1645670700,66
1645671600,76
1645672500,74
1645673400,94
1645674300,128
1645675200,93
1645676100,97
1645677000,79
1645677900,56
1645678800,45
1645679700,39
1645680600,47
1645681500,95
1645682400,281
1645683300,138
1645684200,127
1645685100,239
1645686000,130
1645686900,94
1645687800,126
1645688700,134
1645689600,109
1645690500,634
1645691400,365
1645692300,335
1645693200,354
1645694100,341
1645695000,433
1645695900,406
1645696800,689
1645697700,551
1645698600,220
1645699500,189
1645700400,133
1645701300,113
1645702200,79
1645703100,346
1645704000,98
1645704900,135
1645705800,142
1645706700,146
1645707600,267
1645708500,428
1645709400,133
1645710300,124
1645711200,125
1645712100,99
1645713000,108
1645713900,108
1645714800,112
1645715700,89
1645716600,109
1645717500,81
1645718400,101
1645719300,158
1645720200,166
1645721100,161
1645722000,180
1645722900,202
1645723800,200
1645724700,206
1645725600,273
1645726500,287
1645727400,544
1645728300,458
1645729200,281
1645730100,239
1645731000,200
1645731900,174
1645732800,302
1645733700,212
1645734600,179
1645735500,166
1645736400,173
1645737300,139
1645738200,117
1645739100,121
1645740000,103
1645740900,119
1645741800,114
1645742700,123
1645743600,78
1645744500,80
1645745400,69
1645746300,78
1645747200,61
1645748100,62
1645749000,64
1645749900,70
1645750800,62
1645751700,48
1645752600,59
1645753500,52
1645754400,56
1645755300,38
1645756200,53
1645757100,45
1645758000,70
1645758900,41
1645759800,50
1645760700,55
1645761600,62
1645762500,53
1645763400,43
1645764300,47
1645765200,56
1645766100,90
1645767000,65
1645767900,143
1645768800,401
1645769700,205
1645770600,491
1645771500,394
1645772400,249
1645773300,115
1645774200,95
1645775100,249
1645776000,105
1645776900,80
1645777800,76
1645778700,97
1645779600,67
1645780500,46
1645781400,43
1645782300,42
1645783200,68
1645784100,54
1645785000,74
1645785900,79
1645786800,87
1645787700,91
1645788600,73
1645789500,74
1645790400,76
1645791300,86
1645792200,166
1645793100,124
1645794000,116
1645794900,122
1645795800,141
1645796700,130
1645797600,97
1645798500,117
1645799400,88
1645800300,102
1645801200,85
1645802100,137
1645803000,119
1645803900,120
1645804800,109
1645805700,92
1645806600,86
1645807500,94
1645808400,90
1645809300,105
1645810200,86
1645811100,93
1645812000,91
1645812900,115
1645813800,102
1645814700,93
1645815600,89
1645816500,95
1645817400,101
1645818300,94
1645819200,87
1645820100,98
1645821000,161
1645821900,221
1645822800,200
1645823700,179
1645824600,145
1645825500,163
1645826400,148
1645827300,165
1645828200,159
1645829100,146
1645830000,95
1645830900,94
1645831800,88
1645832700,80
1645833600,96
1645834500,74
1645835400,56
1645836300,56
1645837200,56
1645838100,60
1645839000,59
1645839900,83
1645840800,91
1645841700,84
1645842600,87
1645843500,73
1645844400,72
1645845300,56
1645846200,109
1645847100,83
1645848000,99
1645848900,60
1645849800,82
1645850700,94
1645851600,187
1645852500,209
1645853400,339
1645854300,427
1645855200,295
1645856100,136
1645857000,105
1645857900,96
1645858800,103
1645859700,242
1645860600,109
1645861500,138
1645862400,92
1645863300,91
1645864200,73
1645865100,115
1645866000,60
1645866900,59
1645867800,66
1645868700,326
1645869600,124
1645870500,98
1645871400,164
1645872300,303
1645873200,156
1645874100,106
1645875000,114
1645875900,105
1645876800,125
1645877700,132
1645878600,113
1645879500,613
1645880400,311
1645881300,191
1645882200,166
1645883100,126
1645884000,111
1645884900,114
1645885800,201
1645886700,325
1645887600,147
1645888500,143
1645889400,152
1645890300,149
1645891200,144
1645892100,308
1645893000,186
1645893900,201
1645894800,247
1645895700,229
1645896600,225
1645897500,227
1645898400,248
1645899300,241
1645900200,312
1645901100,231
1645902000,247
1645902900,277
1645903800,237
1645904700,282
1645905600,288
1645906500,270
1645907400,244
1645908300,266
1645909200,228
1645910100,329
1645911000,158
1645911900,116
1645912800,109
1645913700,113
1645914600,95
1645915500,132
1645916400,99
1645917300,122
1645918200,107
1645919100,113
1645920000,98
1645920900,118
1645921800,101
1645922700,105
1645923600,98
1645924500,121
1645925400,106
1645926300,114
1645927200,103
1645928100,117
1645929000,98
1645929900,104
1645930800,98
1645931700,118
1645932600,96
1645933500,105
1645934400,107
1645935300,121
1645936200,102
1645937100,109
1645938000,118
1645938900,145
1645939800,212
1645940700,195
1645941600,150
1645942500,162
1645943400,160
1645944300,309
1645945200,117
1645946100,340
1645947000,120
1645947900,142
1645948800,360
1645949700,222
1645950600,240
1645951500,154
1645952400,137
1645953300,372
1645954200,300
1645955100,682
1645956000,678
1645956900,366
1645957800,429
1645958700,203
1645959600,183
1645960500,176
1645961400,171
1645962300,213
1645963200,129
1645964100,119
1645965000,157
1645965900,644
1645966800,745
1645967700,691
1645968600,672
1645969500,629
1645970400,139
1645971300,130
1645972200,106
1645973100,112
1645974000,102
1645974900,131
1645975800,270
1645976700,218
1645977600,238
1645978500,255
1645979400,418
1645980300,189
1645981200,294
1645982100,203
1645983000,447
1645983900,273
1645984800,262
1645985700,480
1645986600,409
1645987500,249
1645988400,271
1645989300,233
1645990200,198
1645991100,203
1645992000,186
1645992900,194
1645993800,208
1645994700,281
1645995600,176
1645996500,147
1645997400,126
1645998300,125
1645999200,108
1646000100,86
1646001000,52
1646001900,67
1646002800,66
1646003700,67
1646004600,49
1646005500,58
1646006400,50
1646007300,70
1646008200,49
1646009100,58
1646010000,59
1646010900,84
1646011800,54
1646012700,58
1646013600,51
1646014500,68
1646015400,52
1646016300,60
1646017200,49
1646018100,67
1646019000,77
1646019900,107
1646020800,94
1646021700,58
1646022600,64
1646023500,58
1646024400,104
1646025300,179
1646026200,297
1646027100,585
1646028000,1001
1646028900,1003
1646029800,687
1646030700,671
1646031600,206
1646032500,172
1646033400,148
1646034300,112
1646035200,573
1646036100,495
1646037000,527
1646037900,668
1646038800,710
1646039700,856
1646040600,910
1646041500,790
1646042400,695
1646043300,676
1646044200,350
1646045100,336
1646046000,236
1646046900,214
1646047800,376
1646048700,228
1646049600,151
1646050500,168
1646051400,528
1646052300,133
1646053200,186
1646054100,550
1646055000,916
1646055900,874
1646056800,730
1646057700,233
1646058600,206
1646059500,186
1646060400,181
1646061300,170
1646062200,184
1646063100,156
1646064000,196
1646064900,266
1646065800,266
1646066700,258
1646067600,259
1646068500,267
1646069400,254
1646070300,267
1646071200,251
1646072100,264
1646073000,276
1646073900,281
1646074800,277
1646075700,235
1646076600,250
1646077500,233
1646078400,229
1646079300,174
1646080200,200
1646081100,173
1646082000,205
1646082900,148
1646083800,138
1646084700,99
1646085600,79
1646086500,91
1646087400,93
1646088300,99
1646089200,94
1646090100,77
1646091000,83
1646091900,63
1646092800,65
1646093700,58
1646094600,67
1646095500,55
1646096400,67
1646097300,61
1646098200,61
1646099100,60
1646100000,56
1646100900,50
1646101800,57
1646102700,64
1646103600,56
1646104500,63
1646105400,70
1646106300,79
1646107200,90
1646108100,159
1646109000,168
1646109900,185
1646110800,134
1646111700,142
1646112600,567
1646113500,295
1646114400,580
1646115300,410
1646116200,133
1646117100,477
1646118000,98
1646118900,197
1646119800,158
1646120700,142
1646121600,122
1646122500,270
1646123400,610
1646124300,423
1646125200,168
1646126100,139
1646127000,151
1646127900,138
1646128800,106
1646129700,121
1646130600,200
1646131500,849
1646132400,775
1646133300,989
1646134200,760
1646135100,320
1646136000,296
1646136900,143
1646137800,458
1646138700,374
1646139600,189
1646140500,732
1646141400,360
1646142300,132
1646143200,109
1646144100,134
1646145000,160
1646145900,96
1646146800,107
1646147700,132
1646148600,116
1646149500,123
1646150400,132
1646151300,179
1646152200,174
1646153100,229
1646154000,216
1646154900,201
1646155800,146
1646156700,209
1646157600,177
1646158500,168
1646159400,174
1646160300,234
1646161200,271
1646162100,283
1646163000,261
1646163900,226
1646164800,186
1646165700,186
1646166600,181
1646167500,173
1646168400,139
1646169300,141
1646170200,99
1646171100,82
1646172000,92
1646172900,96
1646173800,78
1646174700,81
1646175600,97
1646176500,87
1646177400,75
1646178300,77
1646179200,148
1646180100,120
1646181000,93
1646181900,86
1646182800,66
1646183700,71
1646184600,69
1646185500,57
1646186400,54
1646187300,72
1646188200,56
1646189100,59
1646190000,59
1646190900,64
1646191800,68
1646192700,64
1646193600,57
1646194500,97
1646195400,111
1646196300,106
1646197200,74
1646198100,92
1646199000,131
1646199900,116
1646200800,191
1646201700,397
1646202600,133
1646203500,92
1646204400,81
1646205300,90
1646206200,86
1646207100,99
1646208000,63
1646208900,57
1646209800,67
1646210700,74
1646211600,64
1646212500,58
1646213400,369
1646214300,495
1646215200,350
1646216100,111
1646217000,116
1646217900,110
1646218800,109
1646219700,108
1646220600,105
1646221500,100
1646222400,104
1646223300,106
1646224200,82
1646225100,77
1646226000,84
1646226900,76
1646227800,87
1646228700,82
1646229600,81
1646230500,82
1646231400,71
1646232300,83
1646233200,68
1646234100,77
1646235000,109
1646235900,160
1646236800,142
1646237700,351
1646238600,161
1646239500,272
1646240400,152
1646241300,149
1646242200,197
1646243100,177
1646244000,185
1646244900,187
1646245800,184
1646246700,173
1646247600,221
1646248500,195
1646249400,183
1646250300,212
1646251200,146
1646252100,201
1646253000,210
1646253900,219
1646254800,144
1646255700,148
1646256600,65
1646257500,67
1646258400,51
1646259300,57
1646260200,53
1646261100,80
1646262000,67
1646262900,55
1646263800,57
1646264700,77
1646265600,64
1646266500,52
1646267400,59
1646268300,51
1646269200,78
1646270100,62
1646271000,66
1646271900,51
1646272800,66
1646273700,53
1646274600,107
1646275500,77
1646276400,60
1646277300,130
1646278200,121
1646279100,120
1646280000,107
1646280900,69
1646281800,67
1646282700,50
1646283600,58
1646284500,49
1646285400,188
1646286300,125
1646287200,99
1646288100,329
1646289000,99
1646289900,93
1646290800,99
1646291700,163
1646292600,234
1646293500,728
1646294400,321
1646295300,87
1646296200,101
1646297100,100
1646298000,102
1646298900,142
1646299800,130
1646300700,96
1646301600,88
1646302500,68
1646303400,111
1646304300,92
1646305200,106
1646306100,96
1646307000,99
1646307900,96
1646308800,93
1646309700,242
1646310600,204
1646311500,110
1646312400,134
1646313300,121
1646314200,136
1646315100,138
1646316000,138
1646316900,115
1646317800,121
1646318700,138
1646319600,169
1646320500,148
1646321400,165
1646322300,158
1646323200,172
1646324100,251
1646325000,171
1646325900,216
1646326800,244
1646327700,385
1646328600,399
1646329500,307
1646330400,399
1646331300,282
1646332200,168
1646333100,153
1646334000,213
1646334900,219
1646335800,229
1646336700,197
1646337600,185
1646338500,220
1646339400,237
1646340300,189
1646341200,172
1646342100,188
1646343000,164
1646343900,175
1646344800,174
1646345700,203
1646346600,192
1646347500,162
1646348400,167
1646349300,161
1646350200,106
1646351100,56
1646352000,54
1646352900,79
1646353800,57
1646354700,56
1646355600,51
1646356500,61
1646357400,57
1646358300,53
1646359200,52
1646360100,64
1646361000,79
1646361900,60
1646362800,61
1646363700,59
1646364600,107
1646365500,97
1646366400,93
1646367300,71
1646368200,69
1646369100,54
1646370000,112
1646370900,378
1646371800,199
1646372700,118
1646373600,78
1646374500,94
1646375400,88
1646376300,109
1646377200,121
1646378100,114
1646379000,107
1646379900,103
1646380800,90
1646381700,124
1646382600,115
1646383500,128
1646384400,132
1646385300,147
1646386200,143
1646387100,146
1646388000,141
1646388900,163
1646389800,150
1646390700,128
1646391600,122
1646392500,132
1646393400,165
1646394300,150
1646395200,160
1646396100,161
1646397000,162
1646397900,266
1646398800,190
1646399700,162
1646400600,169
1646401500,158
1646402400,189
1646403300,147
1646404200,134
1646405100,128
1646406000,140
1646406900,137
1646407800,128
1646408700,135
1646409600,176
1646410500,211
1646411400,182
1646412300,197
1646413200,202
1646414100,251
1646415000,225
1646415900,312
1646416800,306
1646417700,522
1646418600,323
1646419500,263
1646420400,282
1646421300,251
1646422200,236
1646423100,640
1646424000,224
1646424900,178
1646425800,185
1646426700,173
1646427600,177
1646428500,147
1646429400,142
1646430300,118
1646431200,125
1646432100,146
1646433000,102
1646433900,216
1646434800,80
1646435700,93
1646436600,93
1646437500,97
1646438400,75
1646439300,88
1646440200,84
1646441100,86
1646442000,67
1646442900,75
1646443800,69
1646444700,85
1646445600,73
1646446500,69
1646447400,84
1646448300,90
1646449200,84
1646450100,69
1646451000,76
1646451900,71
1646452800,98
1646453700,86
1646454600,82
1646455500,77
1646456400,124
1646457300,311
1646458200,124
1646459100,143
1646460000,166
1646460900,220
1646461800,101
1646462700,103
1646463600,89
1646464500,142
1646465400,149
1646466300,156
1646467200,121
1646468100,222
1646469000,199
1646469900,119
1646470800,123
1646471700,123
1646472600,144
1646473500,207
1646474400,124
1646475300,113
1646476200,155
1646477100,162
1646478000,173
1646478900,155
1646479800,150
1646480700,163
1646481600,150
1646482500,163
1646483400,178
1646484300,158
1646485200,147
1646486100,156
1646487000,137
1646487900,143
1646488800,168
1646489700,149
1646490600,166
1646491500,150
1646492400,150
1646493300,133
1646494200,160
1646495100,133
1646496000,135
1646496900,154
1646497800,152
1646498700,142
1646499600,134
1646500500,144
1646501400,134
1646502300,150
1646503200,139
1646504100,139
1646505000,146
1646505900,159
1646506800,140
1646507700,133
1646508600,160
1646509500,196
1646510400,268
1646511300,257
1646512200,232
1646513100,226
1646514000,265
1646514900,226
1646515800,213
1646516700,188
1646517600,190
1646518500,180
1646519400,176
1646520300,112
1646521200,119
1646522100,130
1646523000,100
1646523900,98
1646524800,96
1646525700,96
1646526600,96
1646527500,88
1646528400,102
1646529300,111
1646530200,102
1646531100,86
1646532000,95
1646532900,93
1646533800,100
1646534700,92
1646535600,88
1646536500,100
1646537400,133
1646538300,147
1646539200,120
1646540100,183
1646541000,148
1646541900,160
1646542800,120
1646543700,87
1646544600,102
1646545500,107
1646546400,115
1646547300,121
1646548200,423
1646549100,358
1646550000,150
1646550900,281
1646551800,267
1646552700,132
1646553600,114
1646554500,433
1646555400,550
1646556300,212
1646557200,596
1646558100,239
1646559000,178
1646559900,352
1646560800,251
1646561700,208
1646562600,209
1646563500,479
1646564400,385
1646565300,185
1646566200,202
1646567100,187
1646568000,619
1646568900,743
1646569800,704
1646570700,749
1646571600,279
1646572500,255
1646573400,263
1646574300,255
1646575200,244
1646576100,264
1646577000,260
1646577900,270
1646578800,245
1646579700,249
1646580600,257
1646581500,273
1646582400,237
1646583300,249
1646584200,195
1646585100,182
1646586000,212
1646586900,226
1646587800,549
1646588700,527
1646589600,298
1646590500,227
1646591400,236
1646592300,206
1646593200,212
1646594100,210
1646595000,185
1646595900,211
1646596800,190
1646597700,210
1646598600,180
1646599500,186
1646600400,203
1646601300,269
1646602200,227
1646603100,225
1646604000,190
1646604900,167
1646605800,132
1646606700,89
1646607600,103
1646608500,79
1646609400,91
1646610300,98
1646611200,92
1646612100,94
1646613000,106
1646613900,94
1646614800,86
1646615700,92
1646616600,83
1646617500,99
1646618400,87
1646619300,95
1646620200,97
1646621100,112
1646622000,85
1646622900,97
1646623800,93
1646624700,101
1646625600,136
1646626500,124
1646627400,132
1646628300,152
1646629200,142
1646630100,97
1646631000,93
1646631900,97
1646632800,84
1646633700,89
1646634600,84
1646635500,103
1646636400,86
1646637300,242
1646638200,129
1646639100,201
1646640000,134
1646640900,163
1646641800,154
1646642700,163
1646643600,187
1646644500,167
1646645400,361
1646646300,993
1646647200,375
1646648100,184
1646649000,185
1646649900,186
1646650800,153
1646651700,163
1646652600,139
1646653500,149
1646654400,149
1646655300,144
1646656200,132
1646657100,135
1646658000,148
1646658900,135
1646659800,172
1646660700,163
1646661600,143
1646662500,165
1646663400,306
1646664300,270
1646665200,276
1646666100,271
1646667000,256
1646667900,254
1646668800,246
1646669700,253
1646670600,512
1646671500,726
1646672400,665
1646673300,580
1646674200,244
1646675100,271
1646676000,272
1646676900,258
1646677800,245
1646678700,243
1646679600,283
1646680500,227
1646681400,221
1646682300,213
1646683200,175
1646684100,161
1646685000,180
1646685900,172
1646686800,155
1646687700,172
1646688600,174
1646689500,152
1646690400,116
1646691300,99
1646692200,70
1646693100,55
1646694000,83
1646694900,350
1646695800,773
1646696700,755
1646697600,695
1646698500,411
1646699400,84
1646700300,78
1646701200,79
1646702100,82
1646703000,67
1646703900,76
1646704800,79
1646705700,69
1646706600,56
1646707500,64
1646708400,70
1646709300,60
1646710200,98
1646711100,99
1646712000,103
1646712900,68
1646713800,76
1646714700,58
1646715600,75
1646716500,59
1646717400,72
1646718300,221
1646719200,75
1646720100,438
1646721000,359
1646721900,382
1646722800,627
1646723700,168
1646724600,129
1646725500,129
1646726400,108
1646727300,154
1646728200,329
1646729100,188
1646730000,149
1646730900,152
1646731800,1055
1646732700,1243
1646733600,898
1646734500,273
1646735400,183
1646736300,197
1646737200,225
1646738100,244
1646739000,205
1646739900,155
1646740800,151
1646741700,162
1646742600,191
1646743500,1268
1646744400,1164
1646745300,835
1646746200,778
1646747100,756
1646748000,975
1646748900,220
1646749800,202
1646750700,191
1646751600,236
1646752500,159
1646753400,270
1646754300,198
1646755200,362
1646756100,689
1646757000,688
1646757900,710
1646758800,210
1646759700,196
1646760600,221
1646761500,219
1646762400,242
1646763300,325
1646764200,711
1646765100,702
1646766000,425
1646766900,215
1646767800,226
1646768700,217
1646769600,225
1646770500,194
1646771400,194
1646772300,198
1646773200,179
1646774100,160
1646775000,118
1646775900,104
1646776800,208
1646777700,94
1646778600,72
1646779500,76
1646780400,79
1646781300,83
1646782200,69
1646783100,85
1646784000,98
1646784900,93
1646785800,74
1646786700,76
1646787600,87
1646788500,58
1646789400,58
1646790300,55
1646791200,97
1646792100,75
1646793000,77
1646793900,64
1646794800,120
1646795700,94
1646796600,70
1646797500,70
1646798400,78
1646799300,87
1646800200,79
1646801100,74
1646802000,75
1646802900,113
1646803800,110
1646804700,90
1646805600,477
1646806500,1061
1646807400,1087
1646808300,981
1646809200,630
1646810100,182
1646811000,82
1646811900,74
1646812800,82
1646813700,82
1646814600,99
1646815500,101
1646816400,93
1646817300,96
1646818200,98
1646819100,94
1646820000,86
1646820900,387
1646821800,517
1646822700,436
1646823600,449
1646824500,489
1646825400,170
1646826300,136
1646827200,141
1646828100,212
1646829000,169
1646829900,229
1646830800,219
1646831700,194
1646832600,179
1646833500,172
1646834400,191
1646835300,169
1646836200,164
1646837100,162
1646838000,180
1646838900,176
1646839800,148
1646840700,175
1646841600,174
1646842500,176
1646843400,154
1646844300,180
1646845200,188
1646846100,226
1646847000,237
1646847900,725
1646848800,689
1646849700,367
1646850600,318
1646851500,311
1646852400,303
1646853300,292
1646854200,316
1646855100,241
1646856000,226
1646856900,256
1646857800,246
1646858700,239
1646859600,222
1646860500,311
1646861400,227
1646862300,177
1646863200,167
1646864100,141
1646865000,144
1646865900,128
1646866800,119
1646867700,69
1646868600,76
1646869500,81
1646870400,78
1646871300,81
1646872200,89
1646873100,85
1646874000,67
1646874900,74
1646875800,86
1646876700,78
1646877600,71
1646878500,88
1646879400,96
1646880300,86
1646881200,77
1646882100,92
1646883000,106
1646883900,93
1646884800,107
1646885700,101
1646886600,122
1646887500,103
1646888400,90
1646889300,98
1646890200,151
1646891100,290
1646892000,91
1646892900,385
1646893800,353
1646894700,536
1646895600,357
1646896500,127
1646897400,135
1646898300,99
1646899200,348
1646900100,653
1646901000,217
1646901900,140
1646902800,164
1646903700,207
1646904600,161
1646905500,685
1646906400,628
1646907300,456
1646908200,375
1646909100,443
1646910000,169
1646910900,172
1646911800,159
1646912700,655
1646913600,281
1646914500,431
1646915400,299
1646916300,199
1646917200,197
1646918100,347
1646919000,871
1646919900,800
1646920800,613
1646921700,179
1646922600,161
1646923500,145
1646924400,147
1646925300,152
1646926200,156
1646927100,153
1646928000,738
1646928900,475
1646929800,190
1646930700,175
1646931600,193
1646932500,161
1646933400,177
1646934300,215
1646935200,743
1646936100,763
1646937000,754
1646937900,665
1646938800,743
1646939700,224
1646940600,241
1646941500,274
1646942400,273
1646943300,179
1646944200,200
1646945100,190
1646946000,181
1646946900,173
1646947800,113
1646948700,88
1646949600,89
1646950500,71
1646951400,66
1646952300,91
1646953200,71
1646954100,79
1646955000,81
1646955900,82
1646956800,87
1646957700,101
1646958600,74
1646959500,86
1646960400,96
1646961300,96
1646962200,97
1646963100,96
1646964000,115
1646964900,90
1646965800,96
1646966700,96
1646967600,86
1646968500,85
1646969400,103
1646970300,107
1646971200,96
1646972100,106
1646973000,98
1646973900,95
1646974800,101
1646975700,371
1646976600,158
1646977500,90
1646978400,79
1646979300,128
1646980200,111
1646981100,98
1646982000,105
1646982900,108
1646983800,102
1646984700,94
1646985600,183
1646986500,183
1646987400,171
1646988300,143
1646989200,270
1646990100,308
1646991000,123
1646991900,131
1646992800,125
1646993700,179
1646994600,480
1646995500,367
1646996400,202
1646997300,293
1646998200,220
1646999100,279
1647000000,230
1647000900,206
1647001800,172
1647002700,157
1647003600,168
1647004500,158
1647005400,210
1647006300,229
1647007200,230
1647008100,204
1647009000,194
1647009900,192
1647010800,177
1647011700,170
1647012600,166
1647013500,179
1647014400,177
1647015300,210
1647016200,184
1647017100,194
1647018000,179
1647018900,186
1647019800,201
1647020700,487
1647021600,662
1647022500,306
1647023400,297
1647024300,278
1647025200,289
1647026100,242
1647027000,221
1647027900,206
1647028800,218
1647029700,223
1647030600,195
1647031500,189
1647032400,125
1647033300,145
1647034200,108
1647035100,98
1647036000,109
1647036900,102
1647037800,96
1647038700,87
1647039600,104
1647040500,83
1647041400,81
1647042300,74
1647043200,103
1647044100,88
1647045000,77
1647045900,71
1647046800,69
1647047700,69
1647048600,61
1647049500,82
1647050400,76
1647051300,89
1647052200,91
1647053100,99
1647054000,91
1647054900,106
1647055800,115
1647056700,86
1647057600,84
1647058500,73
1647059400,97
1647060300,295
1647061200,127
1647062100,425
1647063000,235
1647063900,193
1647064800,153
1647065700,105
1647066600,112
1647067500,444
1647068400,272
1647069300,140
1647070200,274
1647071100,195
1647072000,186
1647072900,90
1647073800,204
1647074700,89
1647075600,111
1647076500,92
1647077400,219
1647078300,97
1647079200,93
1647080100,104
1647081000,147
1647081900,172
1647082800,159
1647083700,165
1647084600,210
1647085500,184
1647086400,146
1647087300,205
1647088200,161
1647089100,137
1647090000,137
1647090900,128
1647091800,127
1647092700,114
1647093600,121
1647094500,127
1647095400,118
1647096300,119
1647097200,121
1647098100,137
1647099000,108
1647099900,117
1647100800,110
1647101700,128
1647102600,108
1647103500,111
1647104400,128
1647105300,131
1647106200,119
1647107100,109
1647108000,121
1647108900,127
1647109800,116
1647110700,114
1647111600,129
1647112500,137
1647113400,117
1647114300,120
1647115200,113
1647116100,129
1647117000,198
1647117900,253
1647118800,217
1647119700,230
1647120600,140
1647121500,92
1647122400,88
1647123300,82
1647124200,101
1647125100,76
1647126000,79
1647126900,82
1647127800,120
1647128700,84
1647129600,92
1647130500,86
1647131400,92
1647132300,95
1647133200,86
1647134100,94
1647135000,99
1647135900,117
1647136800,83
1647137700,92
1647138600,87
1647139500,100
1647140400,98
1647141300,93
1647142200,96
1647143100,98
1647144000,111
1647144900,90
1647145800,96
1647146700,112
1647147600,110
1647148500,145
1647149400,127
1647150300,114
1647151200,125
1647152100,383
1647153000,394
1647153900,508
1647154800,122
1647155700,171
1647156600,468
1647157500,138
1647158400,119
1647159300,150
1647160200,152
1647161100,137
1647162000,225
1647162900,245
1647163800,515
1647164700,136
1647165600,148
1647166500,188
1647167400,259
1647168300,286
1647169200,599
1647170100,215
1647171000,206
1647171900,205
1647172800,222
1647173700,207
1647174600,199
1647175500,200
1647176400,348
1647177300,190
1647178200,173
1647179100,171
1647180000,327
1647180900,272
1647181800,253
1647182700,669
1647183600,377
1647184500,562
1647185400,656
1647186300,279
1647187200,266
1647188100,263
1647189000,263
1647189900,265
1647190800,286
1647191700,279
1647192600,258
1647193500,245
1647194400,244
1647195300,271
1647196200,244
1647197100,248
1647198000,277
1647198900,272
1647199800,249
1647200700,278
1647201600,207
1647202500,252
1647203400,194
1647204300,157
1647205200,174
1647206100,125
1647207000,101
1647207900,71
1647208800,93
1647209700,85
1647210600,90
1647211500,79
1647212400,83
1647213300,80
1647214200,81
1647215100,91
1647216000,82
1647216900,80
1647217800,82
1647218700,93
1647219600,83
1647220500,73
1647221400,83
1647222300,84
1647223200,110
1647224100,86
1647225000,100
1647225900,97
1647226800,116
1647227700,89
1647228600,88
1647229500,94
1647230400,98
1647231300,102
1647232200,84
1647233100,104
1647234000,127
1647234900,159
1647235800,162
1647236700,181
1647237600,155
1647238500,151
1647239400,112
1647240300,100
1647241200,156
1647242100,228
1647243000,318
1647243900,116
1647244800,125
1647245700,110
1647246600,104
1647247500,94
1647248400,88
1647249300,96
1647250200,77
1647251100,100
1647252000,75
1647252900,84
1647253800,108
1647254700,138
1647255600,146
1647256500,145
1647257400,147
1647258300,139
1647259200,164
1647260100,138
1647261000,139
1647261900,138
1647262800,213
1647263700,295
1647264600,295
1647265500,267
1647266400,193
1647267300,204
1647268200,343
1647269100,210
1647270000,208
1647270900,276
1647271800,267
1647272700,265
1647273600,265
1647274500,267
1647275400,249
1647276300,235
1647277200,249
1647278100,275
1647279000,283
1647279900,254
1647280800,251
1647281700,274
1647282600,262
1647283500,260
1647284400,254
1647285300,269
1647286200,221
1647287100,284
1647288000,230
1647288900,201
1647289800,215
1647290700,249
1647291600,187
1647292500,169
1647293400,157
1647294300,140
1647295200,132
1647296100,84
1647297000,122
1647297900,89
1647298800,100
1647299700,78
1647300600,87
1647301500,83
1647302400,107
1647303300,83
1647304200,71
1647305100,74
1647306000,81
1647306900,78
1647307800,68
1647308700,84
1647309600,105
1647310500,100
1647311400,88
1647312300,83
1647313200,97
1647314100,86
1647315000,110
1647315900,123
1647316800,127
1647317700,110
1647318600,103
1647319500,90
1647320400,89
1647321300,100
1647322200,86
1647323100,108
1647324000,323
1647324900,336
1647325800,381
1647326700,154
1647327600,346
1647328500,682
1647329400,352
1647330300,337
1647331200,160
1647332100,354
1647333000,477
1647333900,401
1647334800,124
1647335700,124
1647336600,324
1647337500,747
1647338400,558
1647339300,413
1647340200,756
1647341100,724
1647342000,245
1647342900,185
1647343800,165
1647344700,161
1647345600,185
1647346500,148
1647347400,114
1647348300,362
1647349200,909
1647350100,863
1647351000,1191
1647351900,1186
1647352800,803
1647353700,708
1647354600,268
1647355500,187
1647356400,345
1647357300,826
1647358200,870
1647359100,666
1647360000,196
1647360900,192
1647361800,451
1647362700,859
1647363600,580
1647364500,281
1647365400,282
1647366300,306
1647367200,229
1647368100,245
1647369000,773
1647369900,496
1647370800,443
1647371700,271
1647372600,256
1647373500,391
1647374400,573
1647375300,855
1647376200,569
1647377100,520
1647378000,618
1647378900,220
1647379800,114
1647380700,88
1647381600,90
1647382500,90
1647383400,90
1647384300,71
1647385200,72
1647386100,67
1647387000,53
1647387900,43
1647388800,52
1647389700,61
1647390600,59
1647391500,65
1647392400,70
1647393300,65
1647394200,54
1647395100,61
1647396000,51
1647396900,86
1647397800,65
1647398700,102
1647399600,106
1647400500,99
1647401400,68
1647402300,75
1647403200,67
1647404100,74
1647405000,80
1647405900,69
1647406800,75
1647407700,92
1647408600,107
1647409500,270
1647410400,95
1647411300,114
1647412200,299
1647413100,308
1647414000,176
1647414900,132
1647415800,493
1647416700,383
1647417600,654
1647418500,291
1647419400,93
1647420300,110
1647421200,161
1647422100,666
1647423000,450
1647423900,430
1647424800,465
1647425700,284
1647426600,137
1647427500,225
1647428400,234
1647429300,191
1647430200,314
1647431100,415
1647432000,215
1647432900,175
1647433800,168
1647434700,236
1647435600,161
1647436500,138
1647437400,141
1647438300,162
1647439200,161
1647440100,378
1647441000,428
1647441900,164
1647442800,321
1647443700,426
1647444600,139
1647445500,304
1647446400,365
1647447300,316
1647448200,208
1647449100,221
1647450000,180
1647450900,193
1647451800,195
1647452700,190
1647453600,230
1647454500,354
1647455400,406
1647456300,267
1647457200,294
1647458100,282
1647459000,267
1647459900,293
1647460800,240
1647461700,206
1647462600,179
1647463500,186
1647464400,190
1647465300,195
1647466200,113
1647467100,80
1647468000,75
1647468900,87
1647469800,73
1647470700,92
1647471600,82
1647472500,97
1647473400,86
1647474300,85
1647475200,68
1647476100,76
1647477000,80
1647477900,79
1647478800,84
1647479700,83
1647480600,75
1647481500,72
1647482400,71
1647483300,86
1647484200,79
1647485100,92
1647486000,79
1647486900,86
1647487800,84
1647488700,74
1647489600,70
1647490500,78
1647491400,78
1647492300,79
1647493200,85
1647494100,83
1647495000,74
1647495900,334
1647496800,157
1647497700,124
1647498600,234
1647499500,309
1647500400,157
1647501300,135
1647502200,91
1647503100,71
1647504000,85
1647504900,72
1647505800,69
1647506700,76
1647507600,86
1647508500,95
1647509400,77
1647510300,87
1647511200,78
1647512100,101
1647513000,112
1647513900,121
1647514800,126
1647515700,132
1647516600,240
1647517500,115
1647518400,120
1647519300,113
1647520200,173
1647521100,175
1647522000,201
1647522900,220
1647523800,211
1647524700,268
1647525600,288
1647526500,180
1647527400,177
1647528300,188
1647529200,173
1647530100,172
1647531000,251
1647531900,171
1647532800,177
1647533700,182
1647534600,183
1647535500,173
1647536400,208
1647537300,217
1647538200,239
1647539100,189
1647540000,291
1647540900,434
1647541800,286
1647542700,332
1647543600,274
1647544500,265
1647545400,346
1647546300,556
1647547200,183
1647548100,168
1647549000,190
1647549900,219
1647550800,198
1647551700,222
1647552600,102
1647553500,102
1647554400,84
1647555300,91
1647556200,88
1647557100,107
1647558000,99
1647558900,101
1647559800,82
1647560700,105
1647561600,77
1647562500,67
1647563400,58
1647564300,82
1647565200,86
1647566100,84
1647567000,70
1647567900,79
1647568800,79
1647569700,71
1647570600,77
1647571500,90
1647572400,134
1647573300,120
1647574200,110
1647575100,71
1647576000,75
1647576900,84
1647577800,74
1647578700,64
1647579600,274
1647580500,155
1647581400,248
1647582300,160
1647583200,76
1647584100,78
1647585000,70
1647585900,87
1647586800,76
1647587700,86
1647588600,69
1647589500,86
1647590400,90
1647591300,85
1647592200,77
1647593100,83
1647594000,85
1647594900,106
1647595800,91
1647596700,80
1647597600,117
1647598500,116
1647599400,172
1647600300,159
1647601200,229
1647602100,199
1647603000,197
1647603900,187
1647604800,163
1647605700,154
1647606600,158
1647607500,151
1647608400,165
1647609300,177
1647610200,165
1647611100,174
1647612000,198
1647612900,187
1647613800,177
1647614700,152
1647615600,142
1647616500,154
1647617400,145
1647618300,146
1647619200,412
1647620100,177
1647621000,155
1647621900,170
1647622800,172
1647623700,238
1647624600,245
1647625500,247
1647626400,254
1647627300,280
1647628200,264
1647629100,222
1647630000,257
1647630900,238
1647631800,260
1647632700,245
1647633600,216
1647634500,293
1647635400,178
1647636300,168
1647637200,195
1647638100,183
1647639000,147
1647639900,120
1647640800,83
1647641700,79
1647642600,93
1647643500,89
1647644400,73
1647645300,62
1647646200,67
1647647100,49
1647648000,73
1647648900,55
1647649800,56
1647650700,55
1647651600,57
1647652500,97
1647653400,75
1647654300,77
1647655200,65
1647656100,73
1647657000,74
1647657900,83
1647658800,68
1647659700,84
1647660600,76
1647661500,73
1647662400,85
1647663300,71
1647664200,73
1647665100,107
1647666000,311
1647666900,119
1647667800,226
1647668700,272
1647669600,181
1647670500,249
1647671400,178
1647672300,110
1647673200,85
1647674100,162
1647675000,173
1647675900,92
1647676800,82
1647677700,100
1647678600,113
1647679500,78
1647680400,88
1647681300,96
1647682200,135
1647683100,185
1647684000,154
1647684900,85
1647685800,108
1647686700,111
1647687600,132
1647688500,108
1647689400,116
1647690300,123
1647691200,161
1647692100,166
1647693000,263
1647693900,136
1647694800,140
1647695700,185
1647696600,401
1647697500,499
1647698400,179
1647699300,188
1647700200,164
1647701100,348
1647702000,437
1647702900,220
1647703800,190
1647704700,553
1647705600,250
1647706500,218
1647707400,453
1647708300,207
1647709200,193
1647710100,178
1647711000,178
1647711900,283
1647712800,528
1647713700,199
1647714600,207
1647715500,191
1647716400,193
1647717300,250
1647718200,222
1647719100,207
1647720000,193
1647720900,204
1647721800,193
1647722700,205
1647723600,139
1647724500,142
1647725400,103
1647726300,60
1647727200,101
1647728100,111
1647729000,70
1647729900,136
1647730800,115
1647731700,96
1647732600,63
1647733500,52
1647734400,59
1647735300,63
1647736200,75
1647737100,62
1647738000,74
1647738900,66
1647739800,70
1647740700,71
1647741600,83
1647742500,92
1647743400,124
1647744300,83
1647745200,64
1647746100,85
1647747000,72
1647747900,73
1647748800,65
1647749700,72
1647750600,89
1647751500,98
1647752400,86
1647753300,68
1647754200,74
1647755100,69
1647756000,233
1647756900,88
1647757800,399
1647758700,389
1647759600,129
1647760500,169
1647761400,335
1647762300,129
1647763200,102
1647764100,114
1647765000,98
1647765900,119
1647766800,511
1647767700,644
1647768600,631
1647769500,307
1647770400,105
1647771300,161
1647772200,145
1647773100,143
1647774000,152
1647774900,128
1647775800,157
1647776700,141
1647777600,145
1647778500,138
1647779400,136
1647780300,138
1647781200,213
1647782100,154
1647783000,261
1647783900,239
1647784800,228
1647785700,257
1647786600,274
1647787500,278
1647788400,276
1647789300,273
1647790200,254
1647791100,283
1647792000,259
1647792900,263
1647793800,253
1647794700,264
1647795600,297
1647796500,313
1647797400,287
1647798300,271
1647799200,262
1647800100,263
1647801000,271
1647801900,323
1647802800,282
1647803700,259
1647804600,215
1647805500,245
1647806400,258
1647807300,228
1647808200,222
1647809100,200
1647810000,206
1647810900,216
1647811800,142
1647812700,100
1647813600,89
1647814500,86
1647815400,77
1647816300,76
1647817200,94
1647818100,93
1647819000,90
1647819900,81
1647820800,93
1647821700,90
1647822600,90
1647823500,82
1647824400,100
1647825300,110
1647826200,93
1647827100,93
1647828000,84
1647828900,110
1647829800,103
1647830700,107
1647831600,108
1647832500,132
1647833400,166
1647834300,146
1647835200,124
1647836100,110
1647837000,112
1647837900,105
1647838800,111
1647839700,110
1647840600,118
1647841500,105
1647842400,106
1647843300,99
1647844200,104
1647845100,104
1647846000,138
1647846900,307
1647847800,129
1647848700,408
1647849600,568
1647850500,459
1647851400,853
1647852300,705
1647853200,449
1647854100,460
1647855000,421
1647855900,343
1647856800,166
1647857700,182
1647858600,387
1647859500,562
1647860400,318
1647861300,197
1647862200,336
1647863100,227
1647864000,175
1647864900,167
1647865800,184
1647866700,249
1647867600,656
1647868500,209
1647869400,201
1647870300,205
1647871200,186
1647872100,270
1647873000,204
1647873900,230
1647874800,202
1647875700,252
1647876600,418
1647877500,264
1647878400,539
1647879300,923
1647880200,909
1647881100,479
1647882000,314
1647882900,313
1647883800,312
1647884700,299
1647885600,318
1647886500,389
1647887400,379
1647888300,308
1647889200,320
1647890100,277
1647891000,296
1647891900,252
1647892800,229
1647893700,211
1647894600,200
1647895500,238
1647896400,182
1647897300,137
1647898200,126
1647899100,114
1647900000,104
1647900900,112
1647901800,85
1647902700,74
1647903600,54
1647904500,61
1647905400,54
1647906300,74
1647907200,55
1647908100,75
1647909000,139
1647909900,83
1647910800,65
1647911700,73
1647912600,65
1647913500,86
1647914400,83
1647915300,92
1647916200,104
1647917100,105
1647918000,97
1647918900,85
1647919800,120
1647920700,121
1647921600,98
1647922500,78
1647923400,97
1647924300,89
1647925200,128
1647926100,95
1647927000,275
1647927900,151
1647928800,444
1647929700,105
1647930600,89
1647931500,96
1647932400,81
1647933300,96
1647934200,75
1647935100,79
1647936000,76
1647936900,92
1647937800,76
1647938700,90
1647939600,90
1647940500,80
1647941400,94
1647942300,74
1647943200,80
1647944100,73
1647945000,124
1647945900,111
1647946800,129
1647947700,126
1647948600,205
1647949500,328
1647950400,339
1647951300,253
1647952200,147
1647953100,176
1647954000,799
1647954900,324
1647955800,770
1647956700,842
1647957600,827
1647958500,742
1647959400,514
1647960300,199
1647961200,190
1647962100,226
1647963000,205
1647963900,167
1647964800,388
1647965700,1254
1647966600,1219
1647967500,787
1647968400,399
1647969300,221
1647970200,242
1647971100,235
1647972000,227
1647972900,222
1647973800,246
1647974700,255
1647975600,253
1647976500,229
1647977400,255
1647978300,277
1647979200,245
1647980100,228
1647981000,226
1647981900,197
1647982800,193
1647983700,152
1647984600,120
1647985500,108
1647986400,103
1647987300,111
1647988200,85
1647989100,77
1647990000,70
1647990900,82
1647991800,60
1647992700,62
1647993600,61
1647994500,75
1647995400,83
1647996300,72
1647997200,63
1647998100,59
1647999000,81
1647999900,78
1648000800,81
1648001700,73
1648002600,98
1648003500,96
1648004400,81
1648005300,72
1648006200,79
1648007100,83
1648008000,89
1648008900,72
1648009800,108
1648010700,126
1648011600,134
1648012500,73
1648013400,245
1648014300,285
1648015200,87
1648016100,131
1648017000,573
1648017900,113
1648018800,284
1648019700,366
1648020600,126
1648021500,384
1648022400,192
1648023300,99
1648024200,162
1648025100,223
1648026000,169
1648026900,124
1648027800,127
1648028700,137
1648029600,128
1648030500,495
1648031400,392
1648032300,254
1648033200,446
1648034100,492
1648035000,259
1648035900,190
1648036800,176
1648037700,198
1648038600,341
1648039500,480
1648040400,317
1648041300,284
1648042200,718
1648043100,582
1648044000,259
1648044900,309
1648045800,170
1648046700,164
1648047600,146
1648048500,137
1648049400,137
1648050300,145
1648051200,159
1648052100,126
1648053000,141
1648053900,128
1648054800,157
1648055700,154
1648056600,228
1648057500,195
1648058400,188
1648059300,208
1648060200,270
1648061100,236
1648062000,214
1648062900,205
1648063800,252
1648064700,284
1648065600,182
1648066500,233
1648067400,197
1648068300,175
1648069200,181
1648070100,181
1648071000,129
1648071900,101
1648072800,91
1648073700,95
1648074600,89
1648075500,116
1648076400,91
1648077300,91
1648078200,77
1648079100,95
1648080000,84
1648080900,79
1648081800,83
1648082700,87
1648083600,130
1648084500,128
1648085400,127
1648086300,117
1648087200,160
1648088100,93
1648089000,100
1648089900,97
1648090800,103
1648091700,110
1648092600,96
1648093500,115
1648094400,107
1648095300,111
1648096200,101
1648097100,112
1648098000,262
1648098900,188
1648099800,460
1648100700,121
1648101600,115
1648102500,114
1648103400,134
1648104300,169
1648105200,145
1648106100,134
1648107000,138
1648107900,124
1648108800,134
1648109700,162
1648110600,146
1648111500,152
1648112400,165
1648113300,137
1648114200,125
1648115100,119
1648116000,224
1648116900,191
1648117800,168
1648118700,163
1648119600,178
1648120500,190
1648121400,196
1648122300,164
1648123200,234
1648124100,198
1648125000,273
1648125900,182
1648126800,303
1648127700,262
1648128600,144
1648129500,205
1648130400,183
1648131300,554
1648132200,704
1648133100,277
1648134000,139
1648134900,147
1648135800,117
1648136700,108
1648137600,111
1648138500,116
1648139400,105
1648140300,118
1648141200,115
1648142100,144
1648143000,202
1648143900,204
1648144800,218
1648145700,206
1648146600,260
1648147500,237
1648148400,197
1648149300,201
1648150200,202
1648151100,183
1648152000,188
1648152900,209
1648153800,166
1648154700,170
1648155600,144
1648156500,183
1648157400,129
1648158300,114
1648159200,100
1648160100,103
1648161000,74
1648161900,80
1648162800,72
1648163700,79
1648164600,87
1648165500,80
1648166400,72
1648167300,79
1648168200,73
1648169100,92
1648170000,94
1648170900,83
1648171800,81
1648172700,75
1648173600,94
1648174500,74
1648175400,80
1648176300,75
1648177200,85
1648178100,84
1648179000,97
1648179900,81
1648180800,88
1648181700,87
1648182600,97
1648183500,87
1648184400,260
1648185300,226
1648186200,371
1648187100,109
1648188000,111
1648188900,91
1648189800,104
1648190700,130
1648191600,127
1648192500,121
1648193400,146
1648194300,127
1648195200,172
1648196100,128
1648197000,119
1648197900,130
1648198800,175
1648199700,141
1648200600,186
1648201500,108
1648202400,153
1648203300,225
1648204200,149
1648205100,291
1648206000,163
1648206900,158
1648207800,139
1648208700,158
1648209600,136
1648210500,139
1648211400,129
1648212300,152
1648213200,160
1648214100,274
1648215000,208
1648215900,354
1648216800,128
1648217700,122
1648218600,124
1648219500,113
1648220400,115
1648221300,115
1648222200,539
1648223100,189
1648224000,154
1648224900,141
1648225800,153
1648226700,154
1648227600,142
1648228500,126
1648229400,143
1648230300,141
1648231200,207
1648232100,199
1648233000,204
1648233900,207
1648234800,196
1648235700,202
1648236600,189
1648237500,197
1648238400,230
1648239300,221
1648240200,207
1648241100,230
1648242000,218
1648242900,242
1648243800,202
1648244700,145
1648245600,104
1648246500,104
1648247400,95
1648248300,107
1648249200,100
1648250100,119
1648251000,128
1648251900,113
1648252800,113
1648253700,114
1648254600,133
1648255500,105
1648256400,120
1648257300,105
1648258200,119
1648259100,134
1648260000,128
1648260900,115
1648261800,122
1648262700,103
1648263600,118
1648264500,105
1648265400,98
1648266300,107
1648267200,101
1648268100,123
1648269000,107
1648269900,138
1648270800,198
1648271700,235
1648272600,119
1648273500,112
1648274400,98
1648275300,111
1648276200,219
1648277100,276
1648278000,241
1648278900,157
1648279800,133
1648280700,148
1648281600,182
1648282500,165
1648283400,458
1648284300,262
1648285200,196
1648286100,129
1648287000,217
1648287900,175
1648288800,473
1648289700,270
1648290600,180
1648291500,183
1648292400,163
1648293300,153
1648294200,133
1648295100,136
1648296000,365
1648296900,203
1648297800,265
1648298700,163
1648299600,320
1648300500,176
1648301400,122
1648302300,135
1648303200,123
1648304100,138
1648305000,174
1648305900,160
1648306800,177
1648307700,164
1648308600,199
1648309500,198
1648310400,159
1648311300,195
1648312200,169
1648313100,165
1648314000,152
1648314900,157
1648315800,150
1648316700,167
1648317600,179
1648318500,197
1648319400,442
1648320300,342
1648321200,271
1648322100,282
1648323000,238
1648323900,494
1648324800,322
1648325700,206
1648326600,185
1648327500,190
1648328400,155
1648329300,200
1648330200,162
1648331100,109
1648332000,75
1648332900,89
1648333800,78
1648334700,80
1648335600,79
1648336500,80
1648337400,92
1648338300,75
1648339200,113
1648340100,105
1648341000,122
1648341900,68
1648342800,72
1648343700,64
1648344600,71
1648345500,77
1648346400,73
1648347300,63
1648348200,88
1648349100,101
1648350000,96
1648350900,89
1648351800,127
1648352700,85
1648353600,93
1648354500,82
1648355400,81
1648356300,82
1648357200,87
1648358100,99
1648359000,87
1648359900,109
1648360800,93
1648361700,266
1648362600,107
1648363500,392
1648364400,174
1648365300,110
1648366200,128
1648367100,117
1648368000,129
1648368900,121
1648369800,115
1648370700,130
1648371600,118
1648372500,119
1648373400,141
1648374300,127
1648375200,137
1648376100,153
1648377000,193
1648377900,184
1648378800,172
1648379700,168
1648380600,155
1648381500,198
1648382400,192
1648383300,184
1648384200,167
1648385100,181
1648386000,192
1648386900,238
1648387800,225
1648388700,296
1648389600,204
1648390500,201
1648391400,238
1648392300,236
1648393200,248
1648394100,248
1648395000,248
1648395900,275
1648396800,264
1648397700,251
1648398600,273
1648399500,284
1648400400,316
1648401300,313
1648402200,314
1648403100,262
1648404000,255
1648404900,285
1648405800,426
1648406700,407
1648407600,402
1648408500,304
1648409400,241
1648410300,262
1648411200,249
1648412100,267
1648413000,325
1648413900,253
1648414800,194
1648415700,128
1648416600,103
1648417500,88
1648418400,57
1648419300,64
1648420200,58
1648421100,77
1648422000,57
1648422900,63
1648423800,56
1648424700,91
1648425600,69
1648426500,73
1648427400,57
1648428300,78
1648429200,57
1648430100,70
1648431000,63
1648431900,87
1648432800,67
1648433700,137
1648434600,165
1648435500,178
1648436400,134
1648437300,128
1648438200,127
1648439100,131
1648440000,97
1648440900,84
1648441800,78
1648442700,85
1648443600,92
1648444500,103
1648445400,129
1648446300,128
1648447200,141
1648448100,146
1648449000,229
1648449900,72
1648450800,89
1648451700,114
1648452600,451
1648453500,354
1648454400,326
1648455300,293
1648456200,340
1648457100,309
1648458000,222
1648458900,296
1648459800,205
1648460700,203
1648461600,214
1648462500,340
1648463400,392
1648464300,248
1648465200,196
1648466100,203
1648467000,180
1648467900,464
1648468800,344
1648469700,240
1648470600,171
1648471500,201
1648472400,167
1648473300,182
1648474200,163
1648475100,317
1648476000,174
1648476900,161
1648477800,167
1648478700,165
1648479600,154
1648480500,152
1648481400,164
1648482300,159
1648483200,153
1648484100,144
1648485000,145
1648485900,145
1648486800,170
1648487700,221
1648488600,249
1648489500,272
1648490400,282
1648491300,270
1648492200,242
1648493100,222
1648494000,256
1648494900,232
1648495800,218
1648496700,237
1648497600,213
1648498500,162
1648499400,153
1648500300,142
1648501200,119
1648502100,100
1648503000,124
1648503900,87
1648504800,87
1648505700,76
1648506600,87
1648507500,83
1648508400,81
1648509300,81
1648510200,90
1648511100,91
1648512000,91
1648512900,78
1648513800,71
1648514700,84
1648515600,74
1648516500,80
1648517400,69
1648518300,82
1648519200,69
1648520100,81
1648521000,79
1648521900,98
1648522800,88
1648523700,89
1648524600,117
1648525500,122
1648526400,131
1648527300,86
1648528200,84
1648529100,114
1648530000,470
1648530900,237
1648531800,122
1648532700,91
1648533600,88
1648534500,96
1648535400,119
1648536300,696
1648537200,652
1648538100,312
1648539000,116
1648539900,119
1648540800,114
1648541700,139
1648542600,162
1648543500,109
1648544400,99
1648545300,117
1648546200,136
1648547100,137
1648548000,134
1648548900,141
1648549800,139
1648550700,142
1648551600,148
1648552500,161
1648553400,156
1648554300,153
1648555200,171
1648556100,162
1648557000,142
1648557900,138
1648558800,142
1648559700,142
1648560600,152
1648561500,158
1648562400,190
1648563300,249
1648564200,151
1648565100,150
1648566000,152
1648566900,145
1648567800,129
1648568700,165
1648569600,609
1648570500,951
1648571400,827
1648572300,1119
1648573200,815
1648574100,1099
1648575000,494
1648575900,332
1648576800,875
1648577700,1231
1648578600,790
1648579500,672
1648580400,274
1648581300,273
1648582200,237
1648583100,234
1648584000,203
1648584900,126
1648585800,122
1648586700,130
1648587600,129
1648588500,104
1648589400,101
1648590300,94
1648591200,103
1648592100,108
1648593000,105
1648593900,97
1648594800,101
1648595700,100
1648596600,133
1648597500,101
1648598400,106
1648599300,93
1648600200,102
1648601100,118
1648602000,126
1648602900,108
1648603800,117
1648604700,115
1648605600,131
1648606500,129
1648607400,113
1648608300,137
1648609200,121
1648610100,126
1648611000,138
1648611900,100
1648612800,78
1648613700,82
1648614600,99
1648615500,1054
1648616400,738
1648617300,690
1648618200,954
1648619100,199
1648620000,203
1648620900,468
1648621800,92
1648622700,523
1648623600,129
1648624500,380
1648625400,827
1648626300,516
1648627200,792
1648628100,168
1648629000,399
1648629900,970
1648630800,625
1648631700,170
1648632600,161
1648633500,176
1648634400,348
1648635300,268
1648636200,271
1648637100,152
1648638000,406
1648638900,217
1648639800,184
1648640700,417
1648641600,323
1648642500,133
1648643400,254
1648644300,180
1648645200,163
1648646100,119
1648647000,156
1648647900,172
1648648800,169
1648649700,175
1648650600,175
1648651500,161
1648652400,162
1648653300,181
1648654200,175
1648655100,183
1648656000,173
1648656900,193
1648657800,595
1648658700,494
1648659600,606
1648660500,495
1648661400,502
1648662300,307
1648663200,303
1648664100,345
1648665000,326
1648665900,306
1648666800,314
1648667700,325
1648668600,294
1648669500,246
1648670400,215
1648671300,195
1648672200,191
1648673100,215
1648674000,199
1648674900,202
1648675800,101
1648676700,109
1648677600,97
1648678500,99
1648679400,115
1648680300,103
1648681200,122
1648682100,100
1648683000,109
1648683900,98
1648684800,109
1648685700,114
1648686600,103
1648687500,106
1648688400,117
1648689300,112
1648690200,119
1648691100,98
1648692000,109
1648692900,103
1648693800,154
1648694700,155
1648695600,148
1648696500,117
1648697400,101
1648698300,113
1648699200,104
1648700100,108
1648701000,98
1648701900,271
1648702800,379
1648703700,349
1648704600,121
1648705500,526
1648706400,118
1648707300,349
1648708200,306
1648709100,140
1648710000,122
1648710900,394
1648711800,366
1648712700,162
1648713600,154
1648714500,152
1648715400,166
1648716300,124
1648717200,267
1648718100,228
1648719000,183
1648719900,202
1648720800,214
1648721700,450
1648722600,182
1648723500,172
1648724400,184
1648725300,182
1648726200,302
1648727100,824
1648728000,198
1648728900,206
1648729800,445
1648730700,326
1648731600,504
1648732500,555
1648733400,458
1648734300,215
1648735200,202
1648736100,203
1648737000,179
1648737900,219
1648738800,229
1648739700,281
1648740600,216
1648741500,208
1648742400,205
1648743300,182
1648744200,152
1648745100,187
1648746000,221
1648746900,759
1648747800,603
1648748700,631
1648749600,738
1648750500,282
1648751400,256
1648752300,284
1648753200,294
1648754100,284
1648755000,346
1648755900,220
1648756800,197
1648757700,168
1648758600,203
1648759500,173
1648760400,138
1648761300,134
1648762200,145
1648763100,163
1648764000,116
1648764900,118
1648765800,109
1648766700,107
1648767600,112
1648768500,107
1648769400,95
1648770300,104
1648771200,108
1648772100,136
1648773000,124
1648773900,118
1648774800,112
1648775700,116
1648776600,126
1648777500,111
1648778400,114
1648779300,119
1648780200,120
1648781100,125
1648782000,111
1648782900,96
1648783800,114
1648784700,109
1648785600,305
1648786500,348
1648787400,185
1648788300,506
1648789200,855
1648790100,823
1648791000,801
1648791900,743
1648792800,1001
1648793700,231
1648794600,166
1648795500,158
1648796400,127
1648797300,281
1648798200,385
1648799100,115
1648800000,137
1648800900,171
1648801800,183
1648802700,182
1648803600,166
1648804500,219
1648805400,212
1648806300,251
1648807200,220
1648808100,230
1648809000,234
1648809900,220
1648810800,236
1648811700,174
1648812600,167
1648813500,169
1648814400,175
1648815300,177
1648816200,186
1648817100,171
1648818000,191
1648818900,176
1648819800,170
1648820700,190
1648821600,237
1648822500,215
1648823400,192
1648824300,187
1648825200,173
1648826100,185
1648827000,186
1648827900,187
1648828800,188
1648829700,195
1648830600,204
1648831500,224
1648832400,190
1648833300,193
1648834200,189
1648835100,197
1648836000,216
1648836900,226
1648837800,205
1648838700,208
1648839600,195
1648840500,203
1648841400,181
1648842300,191
1648843200,136
1648844100,137
1648845000,118
1648845900,101
1648846800,92
1648847700,89
1648848600,109
1648849500,86
1648850400,93
1648851300,92
1648852200,117
1648853100,105
1648854000,101
1648854900,92
1648855800,103
1648856700,97
1648857600,95
1648858500,85
1648859400,117
1648860300,106
1648861200,118
1648862100,140
1648863000,106
1648863900,99
1648864800,122
1648865700,129
1648866600,123
1648867500,123
1648868400,112
1648869300,104
1648870200,137
1648871100,145
1648872000,152
1648872900,297
1648873800,139
1648874700,193
1648875600,287
1648876500,123
1648877400,99
1648878300,104
1648879200,112
1648880100,136
1648881000,302
1648881900,306
1648882800,276
1648883700,317
1648884600,182
1648885500,284
1648886400,536
1648887300,234
1648888200,508
1648889100,743
1648890000,376
1648890900,247
1648891800,260
1648892700,257
1648893600,212
1648894500,196
1648895400,204
1648896300,205
1648897200,277
1648898100,214
1648899000,184
1648899900,190
1648900800,233
1648901700,222
1648902600,245
1648903500,232
1648904400,222
1648905300,217
1648906200,234
1648907100,222
1648908000,223
1648908900,274
1648909800,290
1648910700,276
1648911600,314
1648912500,463
1648913400,325
1648914300,373
1648915200,978
1648916100,833
1648917000,718
1648917900,1063
1648918800,290
1648919700,220
1648920600,215
1648921500,206
1648922400,199
1648923300,197
1648924200,182
1648925100,165
1648926000,179
1648926900,152
1648927800,158
1648928700,136
1648929600,141
1648930500,107
1648931400,144
1648932300,159
1648933200,128
1648934100,132
1648935000,136
1648935900,165
1648936800,107
1648937700,110
1648938600,88
1648939500,110
1648940400,97
1648941300,103
1648942200,96
1648943100,117
1648944000,134
1648944900,121
1648945800,102
1648946700,113
1648947600,107
1648948500,117
1648949400,118
1648950300,120
1648951200,115
1648952100,103
1648953000,130
1648953900,125
1648954800,127
1648955700,94
1648956600,97
1648957500,110
1648958400,113
1648959300,86
1648960200,96
1648961100,89
1648962000,96
1648962900,107
1648963800,254
1648964700,680
1648965600,1065
1648966500,295
1648967400,169
1648968300,181
1648969200,125
1648970100,148
1648971000,178
1648971900,192
1648972800,133
1648973700,115
1648974600,100
1648975500,108
1648976400,119
1648977300,123
1648978200,136
1648979100,152
1648980000,153
1648980900,145
1648981800,155
1648982700,138
1648983600,145
1648984500,140
1648985400,153
1648986300,165
1648987200,160
1648988100,136
1648989000,1103
1648989900,798
1648990800,796
1648991700,1159
1648992600,1124
1648993500,761
1648994400,1055
1648995300,724
1648996200,574
1648997100,313
1648998000,287
1648998900,248
1648999800,188
1649000700,199
1649001600,186
1649002500,192
1649003400,198
1649004300,276
1649005200,266
1649006100,261
1649007000,245
1649007900,265
1649008800,279
1649009700,269
1649010600,231
1649011500,263
1649012400,267
1649013300,260
1649014200,293
1649015100,258
1649016000,221
1649016900,346
1649017800,211
1649018700,166
1649019600,133
1649020500,89
1649021400,89
1649022300,72
1649023200,88
1649024100,83
1649025000,98
1649025900,78
1649026800,81
1649027700,73
1649028600,85
1649029500,94
1649030400,93
1649031300,87
1649032200,80
1649033100,78
1649034000,96
1649034900,77
1649035800,94
1649036700,107
1649037600,106
1649038500,112
1649039400,90
1649040300,143
1649041200,119
1649042100,109
1649043000,128
1649043900,114
1649044800,102
1649045700,100
1649046600,99
1649047500,104
1649048400,92
1649049300,96
1649050200,197
1649051100,128
1649052000,135
1649052900,134
1649053800,282
1649054700,256
1649055600,253
1649056500,112
1649057400,122
1649058300,111
1649059200,105
1649060100,400
1649061000,261
1649061900,117
1649062800,153
1649063700,163
1649064600,140
1649065500,153
1649066400,159
1649067300,156
1649068200,131
1649069100,145
1649070000,138
1649070900,155
1649071800,158
1649072700,168
1649073600,150
1649074500,151
1649075400,141
1649076300,135
1649077200,131
1649078100,144
1649079000,147
1649079900,159
1649080800,148
1649081700,139
1649082600,130
1649083500,134
1649084400,133
1649085300,133
1649086200,173
1649087100,177
1649088000,145
1649088900,133
1649089800,130
1649090700,121
1649091600,127
1649092500,133
1649093400,140
1649094300,120
1649095200,129
1649096100,143
1649097000,239
1649097900,295
1649098800,290
1649099700,278
1649100600,274
1649101500,233
1649102400,233
1649103300,197
1649104200,198
1649105100,175
1649106000,109
1649106900,97
1649107800,107
1649108700,73
1649109600,73
1649110500,76
1649111400,75
1649112300,75
1649113200,82
1649114100,108
1649115000,103
1649115900,103
1649116800,180
1649117700,128
1649118600,125
1649119500,112
1649120400,103
1649121300,126
1649122200,125
1649123100,113
1649124000,105
1649124900,97
1649125800,88
1649126700,96
1649127600,84
1649128500,103
1649129400,99
1649130300,97
1649131200,95
1649132100,119
1649133000,124
1649133900,162
1649134800,247
1649135700,297
1649136600,125
1649137500,519
1649138400,286
1649139300,224
1649140200,250
1649141100,173
1649142000,836
1649142900,643
1649143800,764
1649144700,830
1649145600,851
1649146500,569
1649147400,504
1649148300,712
1649149200,503
1649150100,718
1649151000,341
1649151900,427
1649152800,311
1649153700,298
1649154600,230
1649155500,235
1649156400,247
1649157300,235
1649158200,402
1649159100,229
1649160000,229
1649160900,239
1649161800,271
1649162700,304
1649163600,607
1649164500,214
1649165400,216
1649166300,177
1649167200,181
1649168100,194
1649169000,201
1649169900,328
1649170800,181
1649171700,191
1649172600,222
1649173500,183
1649174400,174
1649175300,472
1649176200,192
1649177100,186
1649178000,170
1649178900,186
1649179800,195
1649180700,218
1649181600,221
1649182500,223
1649183400,210
1649184300,203
1649185200,203
1649186100,211
1649187000,215
1649187900,227
1649188800,173
1649189700,151
1649190600,158
1649191500,133
1649192400,125
1649193300,109
1649194200,134
1649195100,142
1649196000,136
1649196900,188
1649197800,140
1649198700,125
1649199600,123
1649200500,130
1649201400,119
1649202300,151
1649203200,143
1649204100,107
1649205000,97
1649205900,98
1649206800,112
1649207700,104
1649208600,115
1649209500,130
1649210400,168
1649211300,154
1649212200,131
1649213100,95
1649214000,95
1649214900,97
1649215800,90
1649216700,96
1649217600,96
1649218500,129
1649219400,148
1649220300,355
1649221200,164
1649222100,164
1649223000,500
1649223900,241
1649224800,487
1649225700,274
1649226600,167
1649227500,383
1649228400,160
1649229300,146
1649230200,825
1649231100,427
1649232000,234
1649232900,402
1649233800,1019
1649234700,746
1649235600,723
1649236500,548
1649237400,330
1649238300,324
1649239200,238
1649240100,327
1649241000,217
1649241900,419
1649242800,190
1649243700,176
1649244600,214
1649245500,245
1649246400,458
1649247300,448
1649248200,243
1649249100,390
1649250000,164
1649250900,167
1649251800,308
1649252700,862
1649253600,1131
1649254500,834
1649255400,748
1649256300,1017
1649257200,182
1649258100,214
1649259000,181
1649259900,199
1649260800,193
1649261700,201
1649262600,229
1649263500,232
1649264400,205
1649265300,203
1649266200,205
1649267100,229
1649268000,206
1649268900,200
1649269800,195
1649270700,456
1649271600,557
1649272500,183
1649273400,218
1649274300,179
1649275200,421
1649276100,327
1649277000,173
1649277900,172
1649278800,156
1649279700,154
1649280600,178
1649281500,144
1649282400,124
1649283300,100
1649284200,88
1649285100,114
1649286000,119
1649286900,113
1649287800,94
1649288700,88
1649289600,90
1649290500,80
1649291400,90
1649292300,98
1649293200,96
1649294100,114
1649295000,102
1649295900,101
1649296800,87
1649297700,86
1649298600,86
1649299500,93
1649300400,88
1649301300,99
1649302200,122
1649303100,108
1649304000,104
1649304900,110
1649305800,114
1649306700,189
1649307600,252
1649308500,248
1649309400,289
1649310300,174
1649311200,394
1649312100,198
1649313000,163
1649313900,166
1649314800,131
1649315700,100
1649316600,105
1649317500,118
1649318400,133
1649319300,110
1649320200,95
1649321100,106
1649322000,113
1649322900,136
1649323800,139
1649324700,145
1649325600,161
1649326500,164
1649327400,154
1649328300,138
1649329200,149
1649330100,130
1649331000,137
1649331900,158
1649332800,167
1649333700,247
1649334600,181
1649335500,183
1649336400,155
1649337300,170
1649338200,435
1649339100,444
1649340000,498
1649340900,402
1649341800,205
1649342700,416
1649343600,201
1649344500,337
1649345400,440
1649346300,225
1649347200,188
1649348100,181
1649349000,359
1649349900,672
1649350800,842
1649351700,675
1649352600,669
1649353500,743
1649354400,706
1649355300,641
1649356200,611
1649357100,667
1649358000,318
1649358900,230
1649359800,257
1649360700,273
1649361600,462
1649362500,202
1649363400,202
1649364300,206
1649365200,186
1649366100,184
1649367000,572
1649367900,206
1649368800,110
1649369700,99
1649370600,96
1649371500,104
1649372400,105
1649373300,89
1649374200,115
1649375100,122
1649376000,130
1649376900,91
1649377800,102
1649378700,93
1649379600,108
1649380500,97
1649381400,127
1649382300,136
1649383200,139
1649384100,147
1649385000,125
1649385900,114
1649386800,87
1649387700,110
1649388600,99
1649389500,111
1649390400,122
1649391300,250
1649392200,253
1649393100,147
1649394000,102
1649394900,111
1649395800,147
1649396700,139
1649397600,111
1649398500,119
1649399400,100
1649400300,165
1649401200,154
1649402100,136
1649403000,120
1649403900,137
1649404800,131
1649405700,120
1649406600,134
1649407500,107
1649408400,141
1649409300,141
1649410200,158
1649411100,151
1649412000,149
1649412900,282
1649413800,181
1649414700,207
1649415600,244
1649416500,447
1649417400,269
1649418300,210
1649419200,158
1649420100,172
1649421000,161
1649421900,576
1649422800,194
1649423700,146
1649424600,170
1649425500,189
1649426400,195
1649427300,201
1649428200,205
1649429100,257
1649430000,206
1649430900,193
1649431800,168
1649432700,160
1649433600,146
1649434500,171
1649435400,157
1649436300,170
1649437200,191
1649438100,191
1649439000,183
1649439900,167
1649440800,178
1649441700,171
1649442600,185
1649443500,173
1649444400,211
1649445300,192
1649446200,180
1649447100,177
1649448000,190
1649448900,140
1649449800,134
1649450700,127
1649451600,122
1649452500,109
1649453400,96
1649454300,110
1649455200,93
1649456100,113
1649457000,120
1649457900,147
1649458800,126
1649459700,96
1649460600,99
1649461500,101
1649462400,89
1649463300,95
1649464200,87
1649465100,108
1649466000,107
1649466900,99
1649467800,92
1649468700,89
1649469600,104
1649470500,93
1649471400,101
1649472300,97
1649473200,104
1649474100,112
1649475000,104
1649475900,87
1649476800,206
1649477700,165
1649478600,195
1649479500,139
1649480400,247
1649481300,204
1649482200,176
1649483100,145
1649484000,141
1649484900,125
1649485800,149
1649486700,155
1649487600,165
1649488500,498
1649489400,348
1649490300,147
1649491200,152
1649492100,270
1649493000,266
1649493900,608
1649494800,158
1649495700,178
1649496600,196
1649497500,168
1649498400,174
1649499300,157
1649500200,150
1649501100,170
1649502000,163
1649502900,231
1649503800,177
1649504700,193
1649505600,159
1649506500,171
1649507400,157
1649508300,161
1649509200,155
1649510100,160
1649511000,156
1649511900,152
1649512800,144
1649513700,146
1649514600,132
1649515500,139
1649516400,132
1649517300,149
1649518200,149
1649519100,164
1649520000,174
1649520900,170
1649521800,186
1649522700,173
1649523600,209
1649524500,347
1649525400,235
1649526300,202
1649527200,271
1649528100,317
1649529000,292
1649529900,260
1649530800,273
1649531700,234
1649532600,196
1649533500,262
1649534400,268
1649535300,220
1649536200,212
1649537100,187
1649538000,172
1649538900,157
1649539800,86
1649540700,81
1649541600,70
1649542500,87
1649543400,97
1649544300,93
1649545200,98
1649546100,107
1649547000,91
1649547900,103
1649548800,85
1649549700,95
1649550600,89
1649551500,107
1649552400,96
1649553300,106
1649554200,94
1649555100,93
1649556000,103
1649556900,97
1649557800,107
1649558700,117
1649559600,100
1649560500,166
1649561400,148
1649562300,126
1649563200,127
1649564100,100
1649565000,100
1649565900,93
1649566800,92
1649567700,100
1649568600,112
1649569500,156
1649570400,206
1649571300,308
1649572200,269
1649573100,114
1649574000,219
1649574900,284
1649575800,151
1649576700,170
1649577600,597
1649578500,251
1649579400,438
1649580300,288
1649581200,725
1649582100,288
1649583000,184
1649583900,190
1649584800,252
1649585700,760
1649586600,765
1649587500,473
1649588400,282
1649589300,215
1649590200,244
1649591100,217
1649592000,318
1649592900,555
1649593800,345
1649594700,211
1649595600,198
1649596500,292
1649597400,244
1649598300,251
1649599200,197
1649600100,710
1649601000,981
1649601900,846
1649602800,772
1649603700,753
1649604600,718
1649605500,309
1649606400,169
1649607300,165
1649608200,201
1649609100,279
1649610000,270
1649610900,340
1649611800,262
1649612700,348
1649613600,266
1649614500,256
1649615400,270
1649616300,283
1649617200,261
1649618100,221
1649619000,193
1649619900,216
1649620800,194
1649621700,168
1649622600,165
1649623500,150
1649624400,98
1649625300,95
1649626200,97
1649627100,116
1649628000,88
1649628900,95
1649629800,108
1649630700,109
1649631600,97
1649632500,96
1649633400,106
1649634300,101
1649635200,114
1649636100,118
1649637000,105
1649637900,77
1649638800,77
1649639700,68
1649640600,79
1649641500,62
1649642400,69
1649643300,57
1649644200,87
1649645100,61
1649646000,83
1649646900,76
1649647800,145
1649648700,79
1649649600,83
1649650500,93
1649651400,133
1649652300,117
1649653200,94
1649654100,105
1649655000,112
1649655900,204
1649656800,95
1649657700,93
1649658600,129
1649659500,180
1649660400,116
1649661300,181
1649662200,154
1649663100,156
1649664000,677
1649664900,461
1649665800,398
1649666700,353
1649667600,298
1649668500,236
1649669400,188
1649670300,193
1649671200,191
1649672100,540
1649673000,525
1649673900,250
1649674800,230
1649675700,204
1649676600,184
1649677500,197
1649678400,177
1649679300,333
1649680200,273
1649681100,239
1649682000,211
1649682900,226
1649683800,212
1649684700,604
1649685600,326
1649686500,287
1649687400,283
1649688300,226
1649689200,197
1649690100,239
1649691000,271
1649691900,306
1649692800,286
1649693700,261
1649694600,257
1649695500,237
1649696400,225
1649697300,237
1649698200,244
1649699100,398
1649700000,199
1649700900,171
1649701800,146
1649702700,192
1649703600,159
1649704500,199
1649705400,190
1649706300,170
1649707200,155
1649708100,140
1649709000,134
1649709900,137
1649710800,115
1649711700,116
1649712600,70
1649713500,75
1649714400,64
1649715300,63
1649716200,55
1649717100,72
1649718000,59
1649718900,68
1649719800,70
1649720700,139
1649721600,63
1649722500,70
1649723400,63
1649724300,81
1649725200,66
1649726100,86
1649727000,91
1649727900,101
1649728800,70
1649729700,72
1649730600,89
1649731500,88
1649732400,84
1649733300,75
1649734200,96
1649735100,103
1649736000,87
1649736900,79
1649737800,83
1649738700,89
1649739600,105
1649740500,312
1649741400,259
1649742300,353
1649743200,115
1649744100,104
1649745000,111
1649745900,111
1649746800,101
1649747700,98
1649748600,105
1649749500,102
1649750400,226
1649751300,756
1649752200,672
1649753100,259
1649754000,87
1649754900,112
1649755800,115
1649756700,129
1649757600,123
1649758500,191
1649759400,571
1649760300,279
1649761200,217
1649762100,209
1649763000,206
1649763900,195
1649764800,430
1649765700,216
1649766600,166
1649767500,191
1649768400,543
1649769300,986
1649770200,1093
1649771100,700
1649772000,419
1649772900,211
1649773800,221
1649774700,176
1649775600,191
1649776500,207
1649777400,204
1649778300,190
1649779200,179
1649780100,182
1649781000,853
1649781900,796
1649782800,801
1649783700,526
1649784600,251
1649785500,282
1649786400,273
1649787300,228
1649788200,225
1649789100,209
1649790000,220
1649790900,251
1649791800,252
1649792700,202
1649793600,182
1649794500,176
1649795400,131
1649796300,133
1649797200,119
1649798100,122
1649799000,92
1649799900,97
1649800800,90
1649801700,106
1649802600,82
1649803500,87
1649804400,92
1649805300,101
1649806200,64
1649807100,67
1649808000,64
1649808900,78
1649809800,66
1649810700,75
1649811600,83
1649812500,99
1649813400,109
1649814300,87
1649815200,89
1649816100,87
1649817000,83
1649817900,78
1649818800,91
1649819700,98
1649820600,144
1649821500,123
1649822400,116
1649823300,87
1649824200,212
1649825100,152
1649826000,96
1649826900,102
1649827800,104
1649828700,90
1649829600,75
1649830500,80
1649831400,86
1649832300,143
1649833200,267
1649834100,224
1649835000,122
1649835900,116
1649836800,408
1649837700,874
1649838600,533
1649839500,323
1649840400,436
1649841300,157
1649842200,150
1649843100,175
1649844000,232
1649844900,205
1649845800,574
1649846700,158
1649847600,167
1649848500,135
1649849400,128
1649850300,112
1649851200,154
1649852100,160
1649853000,173
1649853900,155
1649854800,266
1649855700,157
1649856600,317
1649857500,175
1649858400,154
1649859300,184
1649860200,166
1649861100,200
1649862000,190
1649862900,202
1649863800,199
1649864700,219
1649865600,185
1649866500,182
1649867400,225
1649868300,1548
1649869200,2082
1649870100,1724
1649871000,1019
1649871900,1091
1649872800,619
1649873700,2193
1649874600,2199
1649875500,1181
1649876400,1343
1649877300,1110
1649878200,1266
1649879100,915
1649880000,193
1649880900,185
1649881800,196
1649882700,162
1649883600,141
1649884500,98
1649885400,111
1649886300,102
1649887200,95
1649888100,109
1649889000,129
1649889900,102
1649890800,63
1649891700,72
1649892600,69
1649893500,78
1649894400,61
1649895300,77
1649896200,87
1649897100,109
1649898000,83
1649898900,84
1649899800,100
1649900700,146
1649901600,119
1649902500,115
1649903400,114
1649904300,94
1649905200,103
1649906100,98
1649907000,95
1649907900,83
1649908800,86
1649909700,74
1649910600,83
1649911500,116
1649912400,403
1649913300,297
1649914200,289
1649915100,316
1649916000,267
1649916900,399
1649917800,130
1649918700,101
1649919600,130
1649920500,133
1649921400,134
1649922300,543
1649923200,120
1649924100,146
1649925000,120
1649925900,95
1649926800,91
1649927700,138
1649928600,128
1649929500,130
1649930400,127
1649931300,127
1649932200,140
1649933100,123
1649934000,130
1649934900,129
1649935800,154
1649936700,130
1649937600,149
1649938500,178
1649939400,198
1649940300,190
1649941200,185
1649942100,188
1649943000,185
1649943900,172
1649944800,188
1649945700,564
1649946600,416
1649947500,435
1649948400,459
1649949300,235
1649950200,171
1649951100,149
1649952000,164
1649952900,162
1649953800,201
1649954700,243
1649955600,235
1649956500,205
1649957400,215
1649958300,230
1649959200,294
1649960100,335
1649961000,305
1649961900,262
1649962800,230
1649963700,220
1649964600,220
1649965500,203
1649966400,199
1649967300,185
1649968200,178
1649969100,175
1649970000,136
1649970900,148
1649971800,111
1649972700,110
1649973600,100
1649974500,119
1649975400,116
1649976300,95
1649977200,88
1649978100,106
1649979000,113
1649979900,112
1649980800,95
1649981700,119
1649982600,107
1649983500,99
1649984400,92
1649985300,90
1649986200,81
1649987100,81
1649988000,96
1649988900,78
1649989800,99
1649990700,97
1649991600,138
1649992500,113
1649993400,104
1649994300,85
1649995200,124
1649996100,161
1649997000,437
1649997900,392
1649998800,237
1649999700,148
1650000600,110
1650001500,326
1650002400,130
1650003300,125
1650004200,137
1650005100,147
1650006000,134
1650006900,502
1650007800,107
1650008700,117
1650009600,108
1650010500,118
1650011400,181
1650012300,213
1650013200,216
1650014100,186
1650015000,152
1650015900,198
1650016800,230
1650017700,264
1650018600,189
1650019500,202
1650020400,228
1650021300,184
1650022200,171
1650023100,156
1650024000,171
1650024900,145
1650025800,230
1650026700,222
1650027600,223
1650028500,173
1650029400,163
1650030300,158
1650031200,171
1650032100,168
1650033000,204
1650033900,179
1650034800,193
1650035700,180
1650036600,196
1650037500,212
1650038400,189
1650039300,207
1650040200,208
1650041100,231
1650042000,220
1650042900,226
1650043800,269
1650044700,455
1650045600,489
1650046500,303
1650047400,313
1650048300,368
1650049200,325
1650050100,369
1650051000,225
1650051900,203
1650052800,119
1650053700,381
1650054600,205
1650055500,84
1650056400,59
1650057300,67
1650058200,76
1650059100,70
1650060000,77
1650060900,82
1650061800,82
1650062700,65
1650063600,70
1650064500,70
1650065400,85
1650066300,65
1650067200,88
1650068100,84
1650069000,120
1650069900,92
1650070800,74
1650071700,77
1650072600,96
1650073500,84
1650074400,93
1650075300,101
1650076200,101
1650077100,106
1650078000,114
1650078900,130
1650079800,114
1650080700,85
1650081600,273
1650082500,127
1650083400,120
1650084300,93
1650085200,97
1650086100,114
1650087000,293
1650087900,182
1650088800,147
1650089700,103
1650090600,140
1650091500,110
1650092400,150
1650093300,241
1650094200,97
1650095100,110
1650096000,93
1650096900,134
1650097800,100
1650098700,239
1650099600,153
1650100500,119
1650101400,127
1650102300,145
1650103200,142
1650104100,212
1650105000,176
1650105900,159
1650106800,183
1650107700,247
1650108600,177
1650109500,167
1650110400,187
1650111300,177
1650112200,297
1650113100,286
1650114000,189
1650114900,513
1650115800,470
1650116700,193
1650117600,220
1650118500,262
1650119400,262
1650120300,511
1650121200,208
1650122100,299
1650123000,227
1650123900,232
1650124800,209
1650125700,206
1650126600,224
1650127500,217
1650128400,279
1650129300,209
1650130200,192
1650131100,353
1650132000,758
1650132900,669
1650133800,315
1650134700,249
1650135600,271
1650136500,194
1650137400,212
1650138300,303
1650139200,212
1650140100,161
1650141000,163
1650141900,154
1650142800,85
1650143700,65
1650144600,60
1650145500,73
1650146400,75
1650147300,67
1650148200,63
1650149100,84
1650150000,85
1650150900,73
1650151800,62
1650152700,73
1650153600,73
1650154500,73
1650155400,77
1650156300,88
1650157200,104
1650158100,87
1650159000,111
1650159900,140
1650160800,135
1650161700,142
1650162600,125
1650163500,105
1650164400,126
1650165300,328
1650166200,173
1650167100,165
1650168000,100
1650168900,86
1650169800,89
1650170700,96
1650171600,91
1650172500,90
1650173400,91
1650174300,92
1650175200,104
1650176100,137
1650177000,159
1650177900,140
1650178800,271
1650179700,237
1650180600,133
1650181500,134
1650182400,148
1650183300,122
1650184200,397
1650185100,438
1650186000,318
1650186900,209
1650187800,122
1650188700,124
1650189600,150
1650190500,134
1650191400,132
1650192300,164
1650193200,142
1650194100,159
1650195000,130
1650195900,147
1650196800,143
1650197700,198
1650198600,375
1650199500,142
1650200400,177
1650201300,353
1650202200,1399
1650203100,1258
1650204000,1212
1650204900,1097
1650205800,585
1650206700,582
1650207600,601
1650208500,630
1650209400,341
1650210300,244
1650211200,257
1650212100,241
1650213000,251
1650213900,225
1650214800,241
1650215700,240
1650216600,254
1650217500,223
1650218400,233
1650219300,228
1650220200,231
1650221100,186
1650222000,222
1650222900,368
1650223800,302
1650224700,221
1650225600,159
1650226500,148
1650227400,134
1650228300,101
1650229200,75
1650230100,85
1650231000,74
1650231900,60
1650232800,63
1650233700,74
1650234600,61
1650235500,65
1650236400,63
1650237300,92
1650238200,70
1650239100,70
1650240000,60
1650240900,82
1650241800,58
1650242700,70
1650243600,63
1650244500,101
1650245400,95
1650246300,124
1650247200,102
1650248100,126
1650249000,112
1650249900,102
1650250800,99
1650251700,98
1650252600,2703
1650253500,2732
1650254400,2688
1650255300,1566
1650256200,1617
1650257100,1439
1650258000,1090
1650258900,956
1650259800,533
1650260700,561
1650261600,715
1650262500,491
1650263400,542
1650264300,495
1650265200,549
1650266100,536
1650267000,409
1650267900,145
1650268800,222
1650269700,176
1650270600,376
1650271500,344
1650272400,195
1650273300,307
1650274200,174
1650275100,425
1650276000,191
1650276900,240
1650277800,191
1650278700,195
1650279600,254
1650280500,561
1650281400,176
1650282300,171
1650283200,179
1650284100,176
1650285000,173
1650285900,173
1650286800,179
1650287700,173
1650288600,165
1650289500,164
1650290400,162
1650291300,148
1650292200,134
1650293100,143
1650294000,140
1650294900,142
1650295800,114
1650296700,124
1650297600,116
1650298500,167
1650299400,177
1650300300,184
1650301200,557
1650302100,674
1650303000,625
1650303900,610
1650304800,559
1650305700,529
1650306600,177
1650307500,157
1650308400,121
1650309300,153
1650310200,144
1650311100,137
1650312000,143
1650312900,137
1650313800,132
1650314700,134
1650315600,121
1650316500,105
1650317400,72
1650318300,60
1650319200,72
1650320100,75
1650321000,67
1650321900,132
1650322800,81
1650323700,78
1650324600,80
1650325500,81
1650326400,83
1650327300,98
1650328200,74
1650329100,99
1650330000,93
1650330900,95
1650331800,75
1650332700,80
1650333600,85
1650334500,90
1650335400,85
1650336300,85
1650337200,94
1650338100,105
1650339000,85
1650339900,77
1650340800,86
1650341700,122
1650342600,125
1650343500,241
1650344400,566
1650345300,382
1650346200,404
1650347100,660
1650348000,137
1650348900,146
1650349800,131
1650350700,142
1650351600,137
1650352500,148
1650353400,194
1650354300,146
1650355200,136
1650356100,156
1650357000,163
1650357900,143
1650358800,136
1650359700,147
1650360600,170
1650361500,164
1650362400,168
1650363300,176
1650364200,599
1650365100,742
1650366000,751
1650366900,570
1650367800,207
1650368700,232
1650369600,213
1650370500,209
1650371400,178
1650372300,160
1650373200,164
1650374100,165
1650375000,212
1650375900,182
1650376800,188
1650377700,186
1650378600,165
1650379500,151
1650380400,163
1650381300,175
1650382200,308
1650383100,604
1650384000,832
1650384900,901
1650385800,1099
1650386700,777
1650387600,470
1650388500,247
1650389400,246
1650390300,255
1650391200,240
1650392100,380
1650393000,313
1650393900,306
1650394800,298
1650395700,321
1650396600,534
1650397500,344
1650398400,263
1650399300,243
1650400200,661
1650401100,211
1650402000,138
1650402900,108
1650403800,103
1650404700,107
1650405600,90
1650406500,97
1650407400,99
1650408300,114
1650409200,101
1650410100,98
1650411000,100
1650411900,103
1650412800,90
1650413700,97
1650414600,103
1650415500,116
1650416400,105
1650417300,123
1650418200,141
1650419100,142
1650420000,130
1650420900,125
1650421800,145
1650422700,146
1650423600,135
1650424500,110
1650425400,104
1650426300,96
1650427200,93
1650428100,148
1650429000,218
1650429900,198
1650430800,274
1650431700,101
1650432600,182
1650433500,546
1650434400,126
1650435300,105
1650436200,136
1650437100,154
1650438000,130
1650438900,123
1650439800,223
1650440700,344
1650441600,350
1650442500,170
1650443400,128
1650444300,130
1650445200,128
1650446100,230
1650447000,141
1650447900,150
1650448800,181
1650449700,164
1650450600,168
1650451500,376
1650452400,314
1650453300,168
1650454200,185
1650455100,185
1650456000,203
1650456900,547
1650457800,319
1650458700,201
1650459600,204
1650460500,181
1650461400,187
1650462300,183
1650463200,187
1650464100,191
1650465000,172
1650465900,251
1650466800,183
1650467700,213
1650468600,193
1650469500,185
1650470400,179
1650471300,208
1650472200,185
1650473100,208
1650474000,176
1650474900,434
1650475800,542
1650476700,280
1650477600,267
1650478500,284
1650479400,336
1650480300,291
1650481200,290
1650482100,315
1650483000,295
1650483900,330
1650484800,308
1650485700,268
1650486600,261
1650487500,353
1650488400,216
1650489300,129
1650490200,121
1650491100,82
1650492000,101
1650492900,74
1650493800,81
1650494700,86
1650495600,82
1650496500,74
1650497400,85
1650498300,80
1650499200,92
1650500100,86
1650501000,91
1650501900,77
1650502800,81
1650503700,86
1650504600,110
1650505500,87
1650506400,94
1650507300,105
1650508200,112
1650509100,121
1650510000,116
1650510900,106
1650511800,93
1650512700,98
1650513600,92
1650514500,115
1650515400,101
1650516300,335
1650517200,409
1650518100,206
1650519000,238
1650519900,124
1650520800,136
1650521700,632
1650522600,687
1650523500,598
1650524400,175
1650525300,237
1650526200,380
1650527100,224
1650528000,845
1650528900,805
1650529800,262
1650530700,340
1650531600,927
1650532500,1061
1650533400,844
1650534300,877
1650535200,383
1650536100,252
1650537000,428
1650537900,440
1650538800,397
1650539700,329
1650540600,641
1650541500,825
1650542400,627
1650543300,603
1650544200,798
1650545100,567
1650546000,735
1650546900,485
1650547800,503
1650548700,512
1650549600,461
1650550500,629
1650551400,541
1650552300,575
1650553200,455
1650554100,936
1650555000,1112
1650555900,1010
1650556800,408
1650557700,335
1650558600,282
1650559500,321
1650560400,293
1650561300,294
1650562200,309
1650563100,350
1650564000,576
1650564900,368
1650565800,322
1650566700,343
1650567600,310
1650568500,273
1650569400,585
1650570300,248
1650571200,236
1650572100,206
1650573000,213
1650573900,193
1650574800,176
1650575700,169
1650576600,173
1650577500,123
1650578400,116
1650579300,96
1650580200,100
1650581100,87
1650582000,82
1650582900,82
1650583800,92
1650584700,90
1650585600,86
1650586500,92
1650587400,76
1650588300,95
1650589200,101
1650590100,96
1650591000,91
1650591900,120
1650592800,97
1650593700,97
1650594600,93
1650595500,102
1650596400,87
1650597300,95
1650598200,108
1650599100,103
1650600000,147
1650600900,337
1650601800,174
1650602700,140
1650603600,366
1650604500,140
1650605400,178
1650606300,196
1650607200,198
1650608100,205
1650609000,161
1650609900,159
1650610800,180
1650611700,176
1650612600,156
1650613500,229
1650614400,173
1650615300,157
1650616200,196
1650617100,233
1650618000,207
1650618900,252
1650619800,219
1650620700,326
1650621600,329
1650622500,446
1650623400,428
1650624300,197
1650625200,312
1650626100,209
1650627000,215
1650627900,237
1650628800,349
1650629700,773
1650630600,517
1650631500,483
1650632400,294
1650633300,284
1650634200,245
1650635100,323
1650636000,213
1650636900,207
1650637800,292
1650638700,319
1650639600,289
1650640500,172
1650641400,176
1650642300,154
1650643200,148
1650644100,139
1650645000,146
1650645900,139
1650646800,326
1650647700,170
1650648600,168
1650649500,231
1650650400,183
1650651300,222
1650652200,205
1650653100,265
1650654000,201
1650654900,218
1650655800,176
1650656700,178
1650657600,204
1650658500,197
1650659400,188
1650660300,180
1650661200,225
1650662100,109
1650663000,116
1650663900,109
1650664800,121
1650665700,112
1650666600,105
1650667500,95
1650668400,96
1650669300,98
1650670200,97
1650671100,96
1650672000,100
1650672900,111
1650673800,101
1650674700,103
1650675600,96
1650676500,118
1650677400,96
1650678300,113
1650679200,109
1650680100,118
1650681000,110
1650681900,103
1650682800,96
1650683700,116
1650684600,100
1650685500,130
1650686400,151
1650687300,314
1650688200,231
1650689100,125
1650690000,275
1650690900,203
1650691800,156
1650692700,155
1650693600,122
1650694500,124
1650695400,140
1650696300,132
1650697200,385
1650698100,157
1650699000,104
1650699900,95
1650700800,118
1650701700,281
1650702600,104
1650703500,110
1650704400,154
1650705300,368
1650706200,425
1650707100,238
1650708000,134
1650708900,153
1650709800,666
1650710700,164
1650711600,428
1650712500,204
1650713400,711
1650714300,453
1650715200,750
1650716100,285
1650717000,243
1650717900,399
1650718800,257
1650719700,371
1650720600,196
1650721500,157
1650722400,195
1650723300,182
1650724200,180
1650725100,196
1650726000,143
1650726900,137
1650727800,172
1650728700,193
1650729600,202
1650730500,411
1650731400,529
1650732300,282
1650733200,200
1650734100,235
1650735000,185
1650735900,612
1650736800,930
1650737700,531
1650738600,199
1650739500,223
1650740400,252
1650741300,1283
1650742200,2776
1650743100,2683
1650744000,1924
1650744900,1297
1650745800,1246
1650746700,1267
1650747600,548
1650748500,136
1650749400,123
1650750300,98
1650751200,71
1650752100,74
1650753000,78
1650753900,73
1650754800,65
1650755700,81
1650756600,86
1650757500,83
1650758400,65
1650759300,86
1650760200,78
1650761100,92
1650762000,83
1650762900,130
1650763800,108
1650764700,100
1650765600,95
1650766500,91
1650767400,90
1650768300,83
1650769200,103
1650770100,82
1650771000,124
1650771900,135
1650772800,153
1650773700,120
1650774600,88
1650775500,83
1650776400,268
1650777300,273
1650778200,268
1650779100,104
1650780000,111
1650780900,112
1650781800,174
1650782700,95
1650783600,212
1650784500,335
1650785400,149
1650786300,161
1650787200,146
1650788100,135
1650789000,126
1650789900,142
1650790800,126
1650791700,132
1650792600,121
1650793500,160
1650794400,152
1650795300,158
1650796200,145
1650797100,161
1650798000,178
1650798900,193
1650799800,168
1650800700,184
1650801600,181
1650802500,180
1650803400,131
1650804300,135
1650805200,150
1650806100,159
1650807000,303
1650807900,204
1650808800,210
1650809700,230
1650810600,613
1650811500,336
1650812400,290
1650813300,308
1650814200,223
1650815100,132
1650816000,142
1650816900,121
1650817800,107
1650818700,105
1650819600,111
1650820500,97
1650821400,107
1650822300,104
1650823200,123
1650824100,111
1650825000,101
1650825900,106
1650826800,106
1650827700,106
1650828600,97
1650829500,114
1650830400,111
1650831300,117
1650832200,102
1650833100,114
1650834000,88
1650834900,87
1650835800,78
1650836700,95
1650837600,91
1650838500,99
1650839400,81
1650840300,89
1650841200,83
1650842100,82
1650843000,82
1650843900,97
1650844800,104
1650845700,185
1650846600,129
1650847500,99
1650848400,104
1650849300,86
1650850200,93
1650851100,89
1650852000,99
1650852900,92
1650853800,102
1650854700,87
1650855600,97
1650856500,84
1650857400,84
1650858300,84
1650859200,96
1650860100,95
1650861000,97
1650861900,100
1650862800,177
1650863700,86
1650864600,82
1650865500,94
1650866400,107
1650867300,110
1650868200,242
1650869100,302
1650870000,138
1650870900,126
1650871800,128
1650872700,129
1650873600,471
1650874500,320
1650875400,167
1650876300,215
1650877200,238
1650878100,195
1650879000,158
1650879900,215
1650880800,175
1650881700,148
1650882600,143
1650883500,140
1650884400,140
1650885300,140
1650886200,129
1650887100,137
1650888000,339
1650888900,655
1650889800,242
1650890700,146
1650891600,138
1650892500,144
1650893400,123
1650894300,117
1650895200,110
1650896100,134
1650897000,114
1650897900,107
1650898800,93
1650899700,110
1650900600,90
1650901500,94
1650902400,98
1650903300,128
1650904200,111
1650905100,107
1650906000,127
1650906900,425
1650907800,746
1650908700,571
1650909600,888
1650910500,850
1650911400,765
1650912300,169
1650913200,149
1650914100,134
1650915000,120
1650915900,126
1650916800,225
1650917700,122
1650918600,121
1650919500,115
1650920400,117
1650921300,94
1650922200,109
1650923100,107
1650924000,120
1650924900,84
1650925800,92
1650926700,81
1650927600,97
1650928500,78
1650929400,104
1650930300,90
1650931200,103
1650932100,77
1650933000,82
1650933900,82
1650934800,89
1650935700,80
1650936600,76
1650937500,101
1650938400,96
1650939300,85
1650940200,91
1650941100,95
1650942000,103
1650942900,82
1650943800,76
1650944700,94
1650945600,94
1650946500,93
1650947400,76
1650948300,237
1650949200,97
1650950100,231
1650951000,126
1650951900,131
1650952800,154
1650953700,207
1650954600,90
1650955500,112
1650956400,249
1650957300,149
1650958200,102
1650959100,440
1650960000,105
1650960900,111
1650961800,376
1650962700,225
1650963600,306
1650964500,126
1650965400,100
1650966300,141
1650967200,133
1650968100,122
1650969000,115
1650969900,132
1650970800,130
1650971700,665
1650972600,656
1650973500,200
1650974400,186
1650975300,194
1650976200,192
1650977100,207
1650978000,203
1650978900,149
1650979800,118
1650980700,124
1650981600,129
1650982500,185
1650983400,132
1650984300,216
1650985200,172
1650986100,512
1650987000,791
1650987900,890
1650988800,684
1650989700,433
1650990600,164
1650991500,137
1650992400,173
1650993300,171
1650994200,150
1650995100,144
1650996000,187
1650996900,511
1650997800,209
1650998700,264
1650999600,275
1651000500,284
1651001400,267
1651002300,665
1651003200,233
1651004100,219
1651005000,187
1651005900,194
1651006800,186
1651007700,158
1651008600,115
1651009500,99
1651010400,104
1651011300,101
1651012200,82
1651013100,90
1651014000,71
1651014900,76
1651015800,62
1651016700,74
1651017600,83
1651018500,92
1651019400,73
1651020300,84
1651021200,79
1651022100,94
1651023000,77
1651023900,84
1651024800,85
1651025700,105
1651026600,80
1651027500,84
1651028400,77
1651029300,98
1651030200,73
1651031100,121
1651032000,118
1651032900,594
1651033800,328
1651034700,429
1651035600,694
1651036500,694
1651037400,270
1651038300,475
1651039200,147
1651040100,676
1651041000,665
1651041900,529
1651042800,678
1651043700,118
1651044600,91
1651045500,96
1651046400,91
1651047300,154
1651048200,114
1651049100,102
1651050000,313
1651050900,244
1651051800,275
1651052700,165
1651053600,186
1651054500,147
1651055400,140
1651056300,127
1651057200,154
1651058100,122
1651059000,258
1651059900,284
1651060800,127
1651061700,129
1651062600,138
1651063500,123
1651064400,389
1651065300,297
1651066200,141
1651067100,134
1651068000,111
1651068900,114
1651069800,691
1651070700,311
1651071600,201
1651072500,196
1651073400,199
1651074300,185
1651075200,867
1651076100,637
1651077000,714
1651077900,717
1651078800,510
1651079700,336
1651080600,594
1651081500,1060
1651082400,498
1651083300,688
1651084200,908
1651085100,848
1651086000,1038
1651086900,985
1651087800,965
1651088700,852
1651089600,382
1651090500,340
1651091400,331
1651092300,155
1651093200,175
1651094100,177
1651095000,151
1651095900,116
1651096800,106
1651097700,107
1651098600,107
1651099500,106
1651100400,107
1651101300,112
1651102200,87
1651103100,79
1651104000,77
1651104900,94
1651105800,79
1651106700,81
1651107600,85
1651108500,100
1651109400,90
1651110300,82
1651111200,92
1651112100,81
1651113000,77
1651113900,83
1651114800,87
1651115700,84
1651116600,101
1651117500,125
1651118400,87
1651119300,75
1651120200,253
1651121100,288
1651122000,85
1651122900,86
1651123800,101
1651124700,104
1651125600,117
1651126500,180
1651127400,275
1651128300,365
1651129200,379
1651130100,381
1651131000,130
1651131900,109
1651132800,116
1651133700,92
1651134600,113
1651135500,410
1651136400,558
1651137300,349
1651138200,123
1651139100,110
1651140000,130
1651140900,352
1651141800,206
1651142700,129
1651143600,146
1651144500,184
1651145400,142
1651146300,528
1651147200,224
1651148100,119
1651149000,178
1651149900,368
1651150800,325
1651151700,483
1651152600,433
1651153500,114
1651154400,144
1651155300,138
1651156200,180
1651157100,204
1651158000,234
1651158900,186
1651159800,174
1651160700,185
1651161600,180
1651162500,199
1651163400,180
1651164300,173
1651165200,414
1651166100,474
1651167000,442
1651167900,652
1651168800,552
1651169700,490
1651170600,485
1651171500,459
1651172400,459
1651173300,423
1651174200,393
1651175100,378
1651176000,464
1651176900,423
1651177800,436
1651178700,386
1651179600,235
1651180500,126
1651181400,105
1651182300,105
1651183200,108
1651184100,125
1651185000,113
1651185900,121
1651186800,106
1651187700,99
1651188600,101
1651189500,119
1651190400,114
1651191300,124
1651192200,121
1651193100,135
1651194000,121
1651194900,104
1651195800,111
1651196700,108
1651197600,110
1651198500,103
1651199400,115
1651200300,86
1651201200,100
1651202100,84
1651203000,115
1651203900,117
1651204800,122
1651205700,262
1651206600,148
1651207500,213
1651208400,117
1651209300,114
1651210200,93
1651211100,85
1651212000,88
1651212900,85
1651213800,74
1651214700,83
1651215600,89
1651216500,95
1651217400,90
1651218300,110
1651219200,105
1651220100,110
1651221000,90
1651221900,107
1651222800,90
1651223700,103
1651224600,114
1651225500,142
1651226400,267
1651227300,297
1651228200,166
1651229100,159
1651230000,178
1651230900,115
1651231800,388
1651232700,251
1651233600,122
1651234500,117
1651235400,137
1651236300,121
1651237200,119
1651238100,498
1651239000,433
1651239900,149
1651240800,147
1651241700,119
1651242600,137
1651243500,116
1651244400,102
1651245300,101
1651246200,103
1651247100,88
1651248000,81
1651248900,119
1651249800,123
1651250700,123
1651251600,138
1651252500,169
1651253400,144
1651254300,144
1651255200,230
1651256100,155
1651257000,144
1651257900,145
1651258800,103
1651259700,176
1651260600,180
1651261500,196
1651262400,168
1651263300,184
1651264200,187
1651265100,177
1651266000,154
1651266900,127
1651267800,107
1651268700,111
1651269600,107
1651270500,118
1651271400,111
1651272300,119
1651273200,123
1651274100,116
1651275000,104
1651275900,115
1651276800,127
1651277700,124
1651278600,120
1651279500,119
1651280400,137
1651281300,135
1651282200,136
1651283100,125
1651284000,138
1651284900,124
1651285800,125
1651286700,129
1651287600,155
1651288500,101
1651289400,87
1651290300,94
1651291200,230
1651292100,111
1651293000,84
1651293900,90
1651294800,98
1651295700,151
1651296600,217
1651297500,213
1651298400,138
1651299300,115
1651300200,108
1651301100,123
1651302000,199
1651302900,140
1651303800,99
1651304700,130
1651305600,219
1651306500,333
1651307400,195
1651308300,132
1651309200,102
1651310100,106
1651311000,139
1651311900,224
1651312800,143
1651313700,144
1651314600,127
1651315500,196
1651316400,148
1651317300,136
1651318200,123
1651319100,150
1651320000,132
1651320900,136
1651321800,121
1651322700,397
1651323600,143
1651324500,144
1651325400,151
1651326300,358
1651327200,263
1651328100,465
1651329000,441
1651329900,484
1651330800,174
1651331700,162
1651332600,206
1651333500,515
1651334400,133
1651335300,127
1651336200,128
1651337100,132
1651338000,107
1651338900,126
1651339800,140
1651340700,149
1651341600,277
1651342500,180
1651343400,225
1651344300,243
1651345200,277
1651346100,218
1651347000,222
1651347900,168
1651348800,148
1651349700,159
1651350600,153
1651351500,144
1651352400,124
1651353300,124
1651354200,111
1651355100,107
1651356000,993
1651356900,1218
1651357800,967
1651358700,952
1651359600,910
1651360500,81
1651361400,88
1651362300,93
1651363200,69
1651364100,58
1651365000,42
1651365900,105
1651366800,72
1651367700,87
1651368600,78
1651369500,85
1651370400,85
1651371300,92
1651372200,85
1651373100,95
1651374000,92
1651374900,67
1651375800,58
1651376700,74
1651377600,203
1651378500,64
1651379400,56
1651380300,84
1651381200,461
1651382100,365
1651383000,140
1651383900,160
1651384800,94
1651385700,145
1651386600,146
1651387500,190
1651388400,125
1651389300,80
1651390200,82
1651391100,103
1651392000,292
1651392900,128
1651393800,458
1651394700,706
1651395600,930
1651396500,655
1651397400,161
1651398300,134
1651399200,129
1651400100,132
1651401000,168
1651401900,786
1651402800,354
1651403700,608
1651404600,124
1651405500,423
1651406400,149
1651407300,117
1651408200,89
1651409100,188
1651410000,644
1651410900,652
1651411800,227
1651412700,109
1651413600,106
1651414500,99
1651415400,104
1651416300,387
1651417200,1302
1651418100,1349
1651419000,1247
1651419900,679
1651420800,115
1651421700,91
1651422600,118
1651423500,143
1651424400,119
1651425300,111
1651426200,100
1651427100,108
1651428000,117
1651428900,96
1651429800,77
1651430700,68
1651431600,106
1651432500,79
1651433400,73
1651434300,66
1651435200,64
1651436100,64
1651437000,40
1651437900,46
1651438800,48
1651439700,171
1651440600,66
1651441500,40
1651442400,47
1651443300,57
1651444200,43
1651445100,47
1651446000,40
1651446900,59
1651447800,72
1651448700,56
1651449600,47
1651450500,55
1651451400,138
1651452300,68
1651453200,98
1651454100,86
1651455000,92
1651455900,100
1651456800,79
1651457700,65
1651458600,46
1651459500,68
1651460400,46
1651461300,50
1651462200,52
1651463100,63
1651464000,81
1651464900,84
1651465800,77
1651466700,218
1651467600,150
1651468500,658
1651469400,126
1651470300,102
1651471200,99
1651472100,112
1651473000,98
1651473900,128
1651474800,124
1651475700,145
1651476600,140
1651477500,150
1651478400,143
1651479300,127
1651480200,286
1651481100,141
1651482000,96
1651482900,117
1651483800,150
1651484700,136
1651485600,133
1651486500,122
1651487400,135
1651488300,138
1651489200,189
1651490100,227
1651491000,132
1651491900,153
1651492800,136
1651493700,166
1651494600,200
1651495500,211
1651496400,1322
1651497300,1124
1651498200,1040
1651499100,654
1651500000,263
1651500900,237
1651501800,252
1651502700,390
1651503600,712
1651504500,250
1651505400,203
1651506300,218
1651507200,203
1651508100,218
1651509000,157
1651509900,160
1651510800,179
1651511700,149
1651512600,152
1651513500,171
1651514400,196
1651515300,739
1651516200,319
1651517100,447
1651518000,217
1651518900,261
1651519800,200
1651520700,220
1651521600,195
1651522500,200
1651523400,184
1651524300,151
1651525200,128
1651526100,83
1651527000,100
1651527900,93
1651528800,95
1651529700,69
1651530600,82
1651531500,74
1651532400,76
1651533300,72
1651534200,82
1651535100,68
1651536000,76
1651536900,78
1651537800,76
1651538700,67
1651539600,90
1651540500,85
1651541400,129
1651542300,125
1651543200,125
1651544100,110
1651545000,115
1651545900,93
1651546800,77
1651547700,71
1651548600,83
1651549500,72
1651550400,68
1651551300,79
1651552200,78
1651553100,100
1651554000,91
1651554900,126
1651555800,104
1651556700,96
1651557600,187
1651558500,81
1651559400,65
1651560300,205
1651561200,297
1651562100,585
1651563000,794
1651563900,1119
1651564800,805
1651565700,447
1651566600,542
1651567500,616
1651568400,737
1651569300,189
1651570200,181
1651571100,267
1651572000,481
1651572900,176
1651573800,192
1651574700,213
1651575600,328
1651576500,248
1651577400,191
1651578300,186
1651579200,177
1651580100,168
1651581000,167
1651581900,203
1651582800,205
1651583700,210
1651584600,226
1651585500,175
1651586400,132
1651587300,131
1651588200,166
1651589100,583
1651590000,1001
1651590900,544
1651591800,230
1651592700,262
1651593600,915
1651594500,312
1651595400,559
1651596300,178
1651597200,147
1651598100,158
1651599000,180
1651599900,157
1651600800,151
1651601700,150
1651602600,171
1651603500,165
1651604400,156
1651605300,161
1651606200,192
1651607100,161
1651608000,123
1651608900,94
1651609800,95
1651610700,90
1651611600,88
1651612500,88
1651613400,84
1651614300,82
1651615200,75
1651616100,98
1651617000,104
1651617900,98
1651618800,75
1651619700,85
1651620600,83
1651621500,80
1651622400,73
1651623300,81
1651624200,76
1651625100,61
1651626000,53
1651626900,61
1651627800,67
1651628700,62
1651629600,63
1651630500,85
1651631400,98
1651632300,114
1651633200,99
1651634100,70
1651635000,67
1651635900,60
1651636800,53
1651637700,60
1651638600,64
1651639500,214
1651640400,80
1651641300,95
1651642200,520
1651643100,576
1651644000,477
1651644900,266
1651645800,108
1651646700,174
1651647600,241
1651648500,115
1651649400,94
1651650300,124
1651651200,163
1651652100,311
1651653000,159
1651653900,155
1651654800,152
1651655700,116
1651656600,113
1651657500,127
1651658400,236
1651659300,421
1651660200,367
1651661100,218
1651662000,225
1651662900,703
1651663800,264
1651664700,318
1651665600,122
1651666500,126
1651667400,125
1651668300,158
1651669200,174
1651670100,153
1651671000,170
1651671900,156
1651672800,167
1651673700,225
1651674600,185
1651675500,171
1651676400,212
1651677300,202
1651678200,294
1651679100,169
1651680000,159
1651680900,188
1651681800,182
1651682700,140
1651683600,153
1651684500,158
1651685400,162
1651686300,173
1651687200,180
1651688100,190
1651689000,189
1651689900,224
1651690800,213
1651691700,206
1651692600,210
1651693500,194
1651694400,183
1651695300,160
1651696200,251
1651697100,153
1651698000,156
1651698900,140
1651699800,166
1651700700,142
1651701600,148
1651702500,131
1651703400,107
1651704300,98
1651705200,90
1651706100,79
1651707000,79
1651707900,100
1651708800,95
1651709700,102
1651710600,92
1651711500,117
1651712400,90
1651713300,78
1651714200,72
1651715100,88
1651716000,77
1651716900,78
1651717800,71
1651718700,102
1651719600,111
1651720500,129
1651721400,128
1651722300,85
1651723200,88
1651724100,74
1651725000,78
1651725900,65
1651726800,242
1651727700,89
1651728600,89
1651729500,78
1651730400,87
1651731300,110
1651732200,103
1651733100,138
1651734000,68
1651734900,83
1651735800,87
1651736700,111
1651737600,636
1651738500,268
1651739400,653
1651740300,372
1651741200,142
1651742100,191
1651743000,222
1651743900,189
1651744800,262
1651745700,158
1651746600,195
1651747500,130
1651748400,113
1651749300,109
1651750200,111
1651751100,118
1651752000,98
1651752900,90
1651753800,77
1651754700,85
1651755600,82
1651756500,89
1651757400,92
1651758300,93
1651759200,89
1651760100,78
1651761000,151
1651761900,170
1651762800,122
1651763700,123
1651764600,112
1651765500,138
1651766400,137
1651767300,187
1651768200,174
1651769100,169
1651770000,144
1651770900,162
1651771800,162
1651772700,215
1651773600,659
1651774500,292
1651775400,510
1651776300,245
1651777200,223
1651778100,247
1651779000,211
1651779900,124
1651780800,85
1651781700,75
1651782600,72
1651783500,96
1651784400,65
1651785300,72
1651786200,78
1651787100,86
1651788000,81
1651788900,88
1651789800,87
1651790700,101
1651791600,86
1651792500,78
1651793400,69
1651794300,89
1651795200,95
1651796100,96
1651797000,90
1651797900,101
1651798800,91
1651799700,113
1651800600,91
1651801500,99
1651802400,62
1651803300,68
1651804200,67
1651805100,62
1651806000,57
1651806900,85
1651807800,92
1651808700,85
1651809600,81
1651810500,255
1651811400,105
1651812300,113
1651813200,258
1651814100,56
1651815000,41
1651815900,47
1651816800,56
1651817700,102
1651818600,65
1651819500,82
1651820400,84
1651821300,68
1651822200,61
1651823100,64
1651824000,57
1651824900,307
1651825800,370
1651826700,580
1651827600,233
1651828500,63
1651829400,118
1651830300,63
1651831200,74
1651832100,84
1651833000,112
1651833900,104
1651834800,168
1651835700,92
1651836600,101
1651837500,140
1651838400,123
1651839300,212
1651840200,143
1651841100,131
1651842000,145
1651842900,124
1651843800,132
1651844700,125
1651845600,142
1651846500,134
1651847400,130
1651848300,126
1651849200,142
1651850100,272
1651851000,172
1651851900,369
1651852800,566
1651853700,423
1651854600,418
1651855500,173
1651856400,172
1651857300,181
1651858200,157
1651859100,185
1651860000,188
1651860900,181
1651861800,170
1651862700,242
1651863600,150
1651864500,145
1651865400,199
1651866300,156
1651867200,111
1651868100,98
1651869000,91
1651869900,75
1651870800,66
1651871700,96
1651872600,95
1651873500,98
1651874400,83
1651875300,86
1651876200,94
1651877100,88
1651878000,54
1651878900,57
1651879800,49
1651880700,70
1651881600,49
1651882500,80
1651883400,89
1651884300,94
1651885200,91
1651886100,78
1651887000,71
1651887900,77
1651888800,49
1651889700,68
1651890600,48
1651891500,56
1651892400,63
1651893300,82
1651894200,80
1651895100,79
1651896000,144
1651896900,215
1651897800,80
1651898700,91
1651899600,67
1651900500,47
1651901400,35
1651902300,49
1651903200,41
1651904100,51
1651905000,62
1651905900,78
1651906800,106
1651907700,147
1651908600,128
1651909500,135
1651910400,146
1651911300,133
1651912200,175
1651913100,96
1651914000,107
1651914900,142
1651915800,149
1651916700,172
1651917600,137
1651918500,206
1651919400,171
1651920300,194
1651921200,179
1651922100,150
1651923000,217
1651923900,307
1651924800,132
1651925700,134
1651926600,150
1651927500,166
1651928400,133
1651929300,140
1651930200,124
1651931100,350
1651932000,121
1651932900,129
1651933800,560
1651934700,484
1651935600,121
1651936500,129
1651937400,124
1651938300,128
1651939200,130
1651940100,136
1651941000,127
1651941900,128
1651942800,148
1651943700,189
1651944600,215
1651945500,151
1651946400,145
1651947300,294
1651948200,405
1651949100,449
1651950000,264
1651950900,211
1651951800,189
1651952700,124
1651953600,57
1651954500,38
1651955400,40
1651956300,51
1651957200,42
1651958100,39
1651959000,41
1651959900,38
1651960800,53
1651961700,40
1651962600,99
1651963500,77
1651964400,81
1651965300,98
1651966200,83
1651967100,71
1651968000,53
1651968900,38
1651969800,56
1651970700,38
1651971600,40
1651972500,38
1651973400,55
1651974300,75
1651975200,62
1651976100,59
1651977000,62
1651977900,59
1651978800,78
1651979700,43
1651980600,42
1651981500,40
1651982400,58
1651983300,197
1651984200,63
1651985100,80
1651986000,62
1651986900,90
1651987800,200
1651988700,54
1651989600,61
1651990500,57
1651991400,48
1651992300,49
1651993200,40
1651994100,67
1651995000,186
1651995900,35
1651996800,86
1651997700,77
1651998600,151
1651999500,77
1652000400,72
1652001300,93
1652002200,124
1652003100,66
1652004000,83
1652004900,131
1652005800,103
1652006700,136
1652007600,221
1652008500,185
1652009400,82
1652010300,422
1652011200,538
1652012100,149
1652013000,171
1652013900,374
1652014800,166
1652015700,136
1652016600,128
1652017500,114
1652018400,150
1652019300,173
1652020200,159
1652021100,153
1652022000,161
1652022900,349
1652023800,227
1652024700,246
1652025600,148
1652026500,199
1652027400,688
1652028300,741
1652029200,192
1652030100,167
1652031000,156
1652031900,165
1652032800,173
1652033700,176
1652034600,138
1652035500,154
1652036400,209
1652037300,197
1652038200,161
1652039100,394
1652040000,696
1652040900,265
1652041800,483
1652042700,104
1652043600,128
1652044500,112
1652045400,152
1652046300,152
1652047200,92
1652048100,85
1652049000,56
1652049900,44
1652050800,58
1652051700,64
1652052600,55
1652053500,64
1652054400,55
1652055300,88
1652056200,114
1652057100,61
1652058000,50
1652058900,51
1652059800,58
1652060700,70
1652061600,66
1652062500,79
1652063400,64
1652064300,85
1652065200,67
1652066100,62
1652067000,44
1652067900,46
1652068800,55
1652069700,50
1652070600,51
1652071500,60
1652072400,65
1652073300,81
1652074200,222
1652075100,81
1652076000,98
1652076900,98
1652077800,469
1652078700,235
1652079600,154
1652080500,279
1652081400,137
1652082300,108
1652083200,153
1652084100,273
1652085000,175
1652085900,285
1652086800,852
1652087700,324
1652088600,149
1652089500,164
1652090400,211
1652091300,692
1652092200,697
1652093100,644
1652094000,410
1652094900,133
1652095800,125
1652096700,140
1652097600,139
1652098500,385
1652099400,388
1652100300,368
1652101200,243
1652102100,116
1652103000,354
1652103900,822
1652104800,840
1652105700,746
1652106600,487
1652107500,226
1652108400,257
1652109300,903
1652110200,817
1652111100,709
1652112000,377
1652112900,152
1652113800,138
1652114700,163
1652115600,151
1652116500,521
1652117400,405
1652118300,377
1652119200,180
1652120100,182
1652121000,174
1652121900,254
1652122800,155
1652123700,292
1652124600,191
1652125500,193
1652126400,168
1652127300,109
1652128200,56
1652129100,55
1652130000,64
1652130900,50
1652131800,44
1652132700,38
1652133600,39
1652134500,60
1652135400,49
1652136300,45
1652137200,35
1652138100,42
1652139000,32
1652139900,30
1652140800,29
1652141700,43
1652142600,31
1652143500,29
1652144400,45
1652145300,91
1652146200,79
1652147100,63
1652148000,58
1652148900,76
1652149800,59
1652150700,58
1652151600,54
1652152500,66
1652153400,41
1652154300,38
1652155200,38
1652156100,48
1652157000,41
1652157900,56
1652158800,58
1652159700,67
1652160600,90
1652161500,149
1652162400,201
1652163300,86
1652164200,176
1652165100,170
1652166000,80
1652166900,61
1652167800,74
1652168700,39
1652169600,61
1652170500,73
1652171400,76
1652172300,67
1652173200,63
1652174100,83
1652175000,72
1652175900,70
1652176800,63
1652177700,67
1652178600,69
1652179500,77
1652180400,62
1652181300,83
1652182200,79
1652183100,100
1652184000,63
1652184900,70
1652185800,61
1652186700,85
1652187600,63
1652188500,69
1652189400,62
1652190300,78
1652191200,68
1652192100,70
1652193000,61
1652193900,63
1652194800,62
1652195700,58
1652196600,66
1652197500,74
1652198400,78
1652199300,59
1652200200,48
1652201100,58
1652202000,57
1652202900,62
1652203800,48
1652204700,59
1652205600,53
1652206500,177
1652207400,183
1652208300,230
1652209200,213
1652210100,207
1652211000,185
1652211900,261
1652212800,177
1652213700,110
1652214600,84
1652215500,74
1652216400,70
1652217300,57
1652218200,77
1652219100,50
1652220000,53
1652220900,33
1652221800,54
1652222700,37
1652223600,42
1652224500,34
1652225400,46
1652226300,45
1652227200,42
1652228100,43
1652229000,56
1652229900,71
1652230800,45
1652231700,43
1652232600,34
1652233500,51
1652234400,41
1652235300,43
1652236200,33
1652237100,52
1652238000,69
1652238900,65
1652239800,63
1652240700,59
1652241600,67
1652242500,39
1652243400,46
1652244300,51
1652245200,57
1652246100,184
1652247000,88
1652247900,66
1652248800,416
1652249700,436
1652250600,158
1652251500,485
1652252400,483
1652253300,259
1652254200,299
1652255100,267
1652256000,222
1652256900,489
1652257800,509
1652258700,516
1652259600,541
1652260500,174
1652261400,394
1652262300,735
1652263200,366
1652264100,210
1652265000,143
1652265900,144
1652266800,138
1652267700,122
1652268600,145
1652269500,408
1652270400,259
1652271300,178
1652272200,194
1652273100,188
1652274000,174
1652274900,265
1652275800,251
1652276700,168
1652277600,271
1652278500,153
1652279400,550
1652280300,283
1652281200,148
1652282100,175
1652283000,147
1652283900,144
1652284800,132
1652285700,162
1652286600,154
1652287500,249
1652288400,235
1652289300,255
1652290200,282
1652291100,240
1652292000,266
1652292900,248
1652293800,264
1652294700,256
1652295600,251
1652296500,167
1652297400,213
1652298300,186
1652299200,161
1652300100,138
1652301000,123
1652301900,154
1652302800,224
1652303700,165
1652304600,108
1652305500,121
1652306400,78
1652307300,83
1652308200,88
1652309100,80
1652310000,76
1652310900,45
1652311800,43
1652312700,34
1652313600,56
1652314500,34
1652315400,47
1652316300,140
1652317200,85
1652318100,41
1652319000,45
1652319900,37
1652320800,46
1652321700,49
1652322600,57
1652323500,61
1652324400,81
1652325300,74
1652326200,67
1652327100,58
1652328000,62
1652328900,40
1652329800,54
1652330700,251
1652331600,243
1652332500,424
1652333400,176
1652334300,91
1652335200,107
1652336100,443
1652337000,244
1652337900,121
1652338800,101
1652339700,89
1652340600,87
1652341500,96
1652342400,86
1652343300,90
1652344200,97
1652345100,95
1652346000,105
1652346900,228
1652347800,189
1652348700,137
1652349600,141
1652350500,233
1652351400,173
1652352300,205
1652353200,346
1652354100,571
1652355000,280
1652355900,157
1652356800,227
1652357700,176
1652358600,146
1652359500,133
1652360400,142
1652361300,138
1652362200,134
1652363100,128
1652364000,146
1652364900,153
1652365800,148
1652366700,125
1652367600,133
1652368500,140
1652369400,137
1652370300,130
1652371200,132
1652372100,139
1652373000,141
1652373900,139
1652374800,146
1652375700,164
1652376600,151
1652377500,224
1652378400,239
1652379300,272
1652380200,239
1652381100,234
1652382000,232
1652382900,197
1652383800,200
1652384700,136
1652385600,119
1652386500,161
1652387400,88
1652388300,77
1652389200,93
1652390100,70
1652391000,76
1652391900,77
1652392800,81
1652393700,82
1652394600,92
1652395500,94
1652396400,74
1652397300,65
1652398200,78
1652399100,73
1652400000,73
1652400900,66
1652401800,84
1652402700,66
1652403600,73
1652404500,65
1652405400,85
1652406300,66
1652407200,72
1652408100,85
1652409000,99
1652409900,74
1652410800,57
1652411700,59
1652412600,61
1652413500,49
1652414400,104
1652415300,142
1652416200,56
1652417100,47
1652418000,55
1652418900,58
1652419800,68
1652420700,60
1652421600,69
1652422500,54
1652423400,52
1652424300,240
1652425200,581
1652426100,326
1652427000,278
1652427900,438
1652428800,703
1652429700,683
1652430600,511
1652431500,177
1652432400,131
1652433300,400
1652434200,455
1652435100,264
1652436000,279
1652436900,263
1652437800,230
1652438700,801
1652439600,289
1652440500,478
1652441400,125
1652442300,91
1652443200,106
1652444100,87
1652445000,95
1652445900,79
1652446800,86
1652447700,178
1652448600,67
1652449500,64
1652450400,77
1652451300,58
1652452200,65
1652453100,96
1652454000,132
1652454900,192
1652455800,153
1652456700,152
1652457600,240
1652458500,135
1652459400,108
1652460300,101
1652461200,109
1652462100,92
1652463000,100
1652463900,113
1652464800,128
1652465700,126
1652466600,196
1652467500,206
1652468400,165
1652469300,225
1652470200,192
1652471100,135
1652472000,83
1652472900,36
1652473800,41
1652474700,35
1652475600,53
1652476500,34
1652477400,40
1652478300,36
1652479200,52
1652480100,36
1652481000,39
1652481900,37
1652482800,69
1652483700,51
1652484600,56
1652485500,38
1652486400,51
1652487300,39
1652488200,38
1652489100,39
1652490000,51
1652490900,40
1652491800,37
1652492700,40
1652493600,50
1652494500,42
1652495400,34
1652496300,58
1652497200,63
1652498100,59
1652499000,35
1652499900,46
1652500800,106
1652501700,222
1652502600,59
1652503500,81
1652504400,73
1652505300,64
1652506200,53
1652507100,70
1652508000,63
1652508900,75
1652509800,45
1652510700,52
1652511600,45
1652512500,67
1652513400,61
1652514300,74
1652515200,65
1652516100,86
1652517000,68
1652517900,58
1652518800,48
1652519700,100
1652520600,75
1652521500,124
1652522400,112
1652523300,217
1652524200,176
1652525100,137
1652526000,101
1652526900,95
1652527800,176
1652528700,135
1652529600,76
1652530500,76
1652531400,80
1652532300,67
1652533200,55
1652534100,71
1652535000,161
1652535900,158
1652536800,634
1652537700,466
1652538600,452
1652539500,245
1652540400,147
1652541300,143
1652542200,131
1652543100,140
1652544000,120
1652544900,131
1652545800,123
1652546700,150
1652547600,142
1652548500,146
1652549400,146
1652550300,171
1652551200,180
1652552100,182
1652553000,159
1652553900,159
1652554800,162
1652555700,185
1652556600,217
1652557500,204
1652558400,218
1652559300,144
1652560200,135
1652561100,131
1652562000,133
1652562900,150
1652563800,145
1652564700,143
1652565600,148
1652566500,105
1652567400,56
1652568300,44
1652569200,47
1652570100,50
1652571000,55
1652571900,44
1652572800,47
1652573700,40
1652574600,62
1652575500,42
1652576400,46
1652577300,42
1652578200,55
1652579100,45
1652580000,61
1652580900,56
1652581800,80
1652582700,77
1652583600,68
1652584500,59
1652585400,71
1652586300,51
1652587200,304
1652588100,80
1652589000,51
1652589900,43
1652590800,85
1652591700,68
1652592600,219
1652593500,142
1652594400,178
1652595300,200
1652596200,122
1652597100,117
1652598000,212
1652598900,132
1652599800,73
1652600700,61
1652601600,92
1652602500,74
1652603400,99
1652604300,77
1652605200,86
1652606100,98
1652607000,94
1652607900,96
1652608800,387
1652609700,164
1652610600,366
1652611500,273
1652612400,145
1652613300,137
1652614200,130
1652615100,535
1652616000,696
1652616900,647
1652617800,594
1652618700,160
1652619600,110
1652620500,358
1652621400,885
1652622300,810
1652623200,645
1652624100,244
1652625000,130
1652625900,520
1652626800,194
1652627700,183
1652628600,175
1652629500,311
1652630400,648
1652631300,755
1652632200,348
1652633100,302
1652634000,317
1652634900,318
1652635800,332
1652636700,340
1652637600,309
1652638500,300
1652639400,286
1652640300,326
1652641200,312
1652642100,263
1652643000,272
1652643900,240
1652644800,197
1652645700,141
1652646600,74
1652647500,65
1652648400,63
1652649300,45
1652650200,59
1652651100,50
1652652000,49
1652652900,53
1652653800,55
1652654700,55
1652655600,72
1652656500,63
1652657400,54
1652658300,47
1652659200,57
1652660100,44
1652661000,51
1652661900,56
1652662800,50
1652663700,159
1652664600,75
1652665500,58
1652666400,60
1652667300,51
1652668200,64
1652669100,57
1652670000,63
1652670900,57
1652671800,76
1652672700,79
1652673600,76
1652674500,64
1652675400,63
1652676300,77
1652677200,200
1652678100,346
1652679000,80
1652679900,108
1652680800,143
1652681700,114
1652682600,107
1652683500,133
1652684400,145
1652685300,162
1652686200,122
1652687100,117
1652688000,123
1652688900,118
1652689800,139
1652690700,99
1652691600,175
1652692500,244
1652693400,784
1652694300,370
1652695200,532
1652696100,180
1652697000,157
1652697900,167
1652698800,185
1652699700,229
1652700600,886
1652701500,838
1652702400,771
1652703300,582
1652704200,186
1652705100,258
1652706000,183
1652706900,231
1652707800,222
1652708700,207
1652709600,213
1652710500,223
1652711400,243
1652712300,230
1652713200,249
1652714100,211
1652715000,180
1652715900,170
1652716800,215
1652717700,188
1652718600,1976
1652719500,2326
1652720400,2333
1652721300,1266
1652722200,1204
1652723100,1269
1652724000,1566
1652724900,1209
1652725800,1186
1652726700,1138
1652727600,977
1652728500,1248
1652729400,374
1652730300,200
1652731200,152
1652732100,141
1652733000,128
1652733900,107
1652734800,118
1652735700,135
1652736600,48
1652737500,40
1652738400,52
1652739300,47
1652740200,63
1652741100,55
1652742000,72
1652742900,40
1652743800,48
1652744700,40
1652745600,60
1652746500,60
1652747400,106
1652748300,60
1652749200,77
1652750100,59
1652751000,68
1652751900,66
1652752800,71
1652753700,57
1652754600,62
1652755500,54
1652756400,52
1652757300,41
1652758200,47
1652759100,53
1652760000,47
1652760900,43
1652761800,59
1652762700,76
1652763600,67
1652764500,67
1652765400,66
1652766300,268
1652767200,501
1652768100,435
1652769000,66
1652769900,79
1652770800,59
1652771700,54
1652772600,48
1652773500,77
1652774400,70
1652775300,76
1652776200,71
1652777100,86
1652778000,50
1652778900,72
1652779800,74
1652780700,99
1652781600,84
1652782500,79
1652783400,70
1652784300,82
1652785200,69
1652786100,79
1652787000,78
1652787900,87
1652788800,77
1652789700,75
1652790600,76
1652791500,105
1652792400,277
1652793300,101
1652794200,282
1652795100,309
1652796000,92
1652796900,79
1652797800,560
1652798700,632
1652799600,110
1652800500,123
1652801400,126
1652802300,138
1652803200,129
1652804100,148
1652805000,113
1652805900,146
1652806800,129
1652807700,129
1652808600,126
1652809500,144
1652810400,112
1652811300,101
1652812200,104
1652813100,122
1652814000,96
1652814900,57
1652815800,68
1652816700,93
1652817600,182
1652818500,84
1652819400,77
1652820300,77
1652821200,79
1652822100,68
1652823000,72
1652823900,77
1652824800,80
1652825700,69
1652826600,72
1652827500,69
1652828400,73
1652829300,76
1652830200,69
1652831100,61
1652832000,52
1652832900,41
1652833800,40
1652834700,40
1652835600,53
1652836500,41
1652837400,39
1652838300,41
1652839200,50
1652840100,46
1652841000,39
1652841900,56
1652842800,52
1652843700,67
1652844600,53
1652845500,51
1652846400,40
1652847300,61
1652848200,154
1652849100,219
1652850000,234
1652850900,319
1652851800,416
1652852700,451
1652853600,276
1652854500,501
1652855400,410
1652856300,923
1652857200,743
1652858100,702
1652859000,513
1652859900,437
1652860800,264
1652861700,224
1652862600,197
1652863500,153
1652864400,90
1652865300,110
1652866200,144
1652867100,455
1652868000,715
1652868900,449
1652869800,200
1652870700,544
1652871600,359
1652872500,292
1652873400,159
1652874300,80
1652875200,71
1652876100,67
1652877000,68
1652877900,69
1652878800,59
1652879700,75
1652880600,61
1652881500,92
1652882400,74
1652883300,81
1652884200,63
1652885100,88
1652886000,58
1652886900,64
1652887800,55
1652888700,101
1652889600,105
1652890500,101
1652891400,107
1652892300,147
1652893200,171
1652894100,168
1652895000,168
1652895900,160
1652896800,168
1652897700,152
1652898600,162
1652899500,154
1652900400,216
1652901300,203
1652902200,232
1652903100,126
1652904000,113
1652904900,91
1652905800,90
1652906700,104
1652907600,110
1652908500,84
1652909400,69
1652910300,59
1652911200,74
1652912100,64
1652913000,67
1652913900,62
1652914800,66
1652915700,77
1652916600,41
1652917500,47
1652918400,35
1652919300,66
1652920200,58
1652921100,56
1652922000,52
1652922900,50
1652923800,41
1652924700,33
1652925600,43
1652926500,46
1652927400,44
1652928300,42
1652929200,33
1652930100,47
1652931000,44
1652931900,42
1652932800,181
1652933700,54
1652934600,83
1652935500,50
1652936400,73
1652937300,66
1652938200,77
1652939100,60
1652940000,63
1652940900,56
1652941800,44
1652942700,59
1652943600,45
1652944500,99
1652945400,553
1652946300,713
1652947200,373
1652948100,633
1652949000,548
1652949900,303
1652950800,275
1652951700,120
1652952600,125
1652953500,104
1652954400,130
1652955300,111
1652956200,103
1652957100,105
1652958000,125
1652958900,110
1652959800,104
1652960700,107
1652961600,102
1652962500,92
1652963400,75
1652964300,74
1652965200,80
1652966100,74
1652967000,67
1652967900,73
1652968800,75
1652969700,78
1652970600,67
1652971500,71
1652972400,71
1652973300,69
1652974200,76
1652975100,71
1652976000,77
1652976900,68
1652977800,102
1652978700,104
1652979600,110
1652980500,308
1652981400,113
1652982300,91
1652983200,96
1652984100,100
1652985000,111
1652985900,170
1652986800,150
1652987700,203
1652988600,178
1652989500,133
1652990400,92
1652991300,75
1652992200,80
1652993100,73
1652994000,66
1652994900,74
1652995800,72
1652996700,78
1652997600,48
1652998500,52
1652999400,49
1653000300,65
1653001200,42
1653002100,42
1653003000,36
1653003900,57
1653004800,35
1653005700,43
1653006600,35
1653007500,59
1653008400,55
1653009300,60
1653010200,52
1653011100,47
1653012000,45
1653012900,41
1653013800,39
1653014700,39
1653015600,54
1653016500,40
1653017400,41
1653018300,38
1653019200,73
1653020100,143
1653021000,69
1653021900,106
1653022800,70
1653023700,54
1653024600,58
1653025500,35
1653026400,69
1653027300,68
1653028200,66
1653029100,58
1653030000,54
1653030900,59
1653031800,54
1653032700,44
1653033600,54
1653034500,64
1653035400,85
1653036300,72
1653037200,173
1653038100,135
1653039000,120
1653039900,179
1653040800,186
1653041700,158
1653042600,169
1653043500,136
1653044400,164
1653045300,138
1653046200,193
1653047100,171
1653048000,129
1653048900,125
1653049800,144
1653050700,128
1653051600,123
1653052500,117
1653053400,123
1653054300,118
1653055200,109
1653056100,112
1653057000,174
1653057900,228
1653058800,118
1653059700,77
1653060600,62
1653061500,125
1653062400,116
1653063300,156
1653064200,268
1653065100,150
1653066000,232
1653066900,537
1653067800,148
1653068700,160
1653069600,247
1653070500,183
1653071400,168
1653072300,172
1653073200,208
1653074100,711
1653075000,285
1653075900,422
1653076800,142
1653077700,126
1653078600,115
1653079500,113
1653080400,104
1653081300,127
1653082200,130
1653083100,124
1653084000,68
1653084900,42
1653085800,45
1653086700,46
1653087600,36
1653088500,42
1653089400,41
1653090300,48
1653091200,34
1653092100,40
1653093000,39
1653093900,51
1653094800,33
1653095700,48
1653096600,54
1653097500,68
1653098400,46
1653099300,39
1653100200,35
1653101100,64
1653102000,42
1653102900,43
1653103800,38
1653104700,51
1653105600,38
1653106500,39
1653107400,332
1653108300,103
1653109200,63
1653110100,333
1653111000,604
1653111900,595
1653112800,253
1653113700,62
1653114600,91
1653115500,504
1653116400,243
1653117300,199
1653118200,176
1653119100,262
1653120000,197
1653120900,1120
1653121800,1023
1653122700,780
1653123600,600
1653124500,218
1653125400,205
1653126300,110
1653127200,83
1653128100,74
1653129000,66
1653129900,74
1653130800,65
1653131700,75
1653132600,65
1653133500,76
1653134400,65
1653135300,75
1653136200,66
1653137100,73
1653138000,63
1653138900,65
1653139800,55
1653140700,70
1653141600,65
1653142500,80
1653143400,91
1653144300,87
1653145200,79
1653146100,102
1653147000,72
1653147900,55
1653148800,60
1653149700,55
1653150600,60
1653151500,54
1653152400,61
1653153300,53
1653154200,91
1653155100,110
1653156000,113
1653156900,109
1653157800,155
1653158700,149
1653159600,152
1653160500,142
1653161400,131
1653162300,114
1653163200,121
1653164100,70
1653165000,111
1653165900,72
1653166800,78
1653167700,70
1653168600,79
1653169500,71
1653170400,75
1653171300,59
1653172200,65
1653173100,59
1653174000,69
1653174900,56
1653175800,63
1653176700,66
1653177600,80
1653178500,72
1653179400,79
1653180300,55
1653181200,67
1653182100,56
1653183000,64
1653183900,55
1653184800,63
1653185700,55
1653186600,62
1653187500,54
1653188400,63
1653189300,55
1653190200,56
1653191100,43
1653192000,54
1653192900,225
1653193800,102
1653194700,93
1653195600,72
1653196500,45
1653197400,172
1653198300,74
1653199200,89
1653200100,46
1653201000,130
1653201900,88
1653202800,63
1653203700,46
1653204600,429
1653205500,304
1653206400,154
1653207300,91
1653208200,181
1653209100,247
1653210000,67
1653210900,207
1653211800,91
1653212700,162
1653213600,697
1653214500,186
1653215400,364
1653216300,107
1653217200,86
1653218100,91
1653219000,205
1653219900,274
1653220800,154
1653221700,184
1653222600,344
1653223500,129
1653224400,136
1653225300,162
1653226200,104
1653227100,270
1653228000,264
1653228900,175
1653229800,118
1653230700,82
1653231600,63
1653232500,80
1653233400,71
1653234300,78
1653235200,51
1653236100,52
1653237000,46
1653237900,51
1653238800,45
1653239700,52
1653240600,45
1653241500,53
1653242400,44
1653243300,53
1653244200,45
1653245100,53
1653246000,59
1653246900,67
1653247800,60
1653248700,54
1653249600,44
1653250500,36
1653251400,26
1653252300,34
1653253200,25
1653254100,34
1653255000,27
1653255900,35
1653256800,26
1653257700,34
1653258600,29
1653259500,51
1653260400,42
1653261300,45
1653262200,26
1653263100,36
1653264000,25
1653264900,35
1653265800,26
1653266700,36
1653267600,99
1653268500,103
1653269400,63
1653270300,70
1653271200,45
1653272100,54
1653273000,48
1653273900,53
1653274800,44
1653275700,51
1653276600,43
1653277500,51
1653278400,43
1653279300,51
1653280200,42
1653281100,51
1653282000,55
1653282900,66
1653283800,65
1653284700,55
1653285600,43
1653286500,53
1653287400,153
1653288300,260
1653289200,87
1653290100,76
1653291000,357
1653291900,210
1653292800,83
1653293700,89
1653294600,94
1653295500,95
1653296400,71
1653297300,81
1653298200,72
1653299100,81
1653300000,75
1653300900,82
1653301800,133
1653302700,113
1653303600,170
1653304500,111
1653305400,103
1653306300,151
1653307200,100
1653308100,112
1653309000,99
1653309900,291
1653310800,265
1653311700,189
1653312600,188
1653313500,169
1653314400,170
1653315300,175
1653316200,201
1653317100,200
1653318000,205
1653318900,216
1653319800,635
1653320700,645
1653321600,281
1653322500,423
1653323400,421
1653324300,698
1653325200,575
1653326100,268
1653327000,127
1653327900,103
1653328800,134
1653329700,155
1653330600,171
1653331500,159
1653332400,168
1653333300,173
1653334200,181
1653335100,182
1653336000,185
1653336900,149
1653337800,270
1653338700,158
1653339600,103
1653340500,51
1653341400,43
1653342300,50
1653343200,59
1653344100,52
1653345000,48
1653345900,35
1653346800,43
1653347700,34
1653348600,44
1653349500,34
1653350400,43
1653351300,35
1653352200,44
1653353100,35
1653354000,99
1653354900,59
1653355800,78
1653356700,69
1653357600,69
1653358500,37
1653359400,43
1653360300,35
1653361200,44
1653362100,34
1653363000,43
1653363900,35
1653364800,40
1653365700,35
1653366600,43
1653367500,44
1653368400,67
1653369300,55
1653370200,90
1653371100,48
1653372000,202
1653372900,66
1653373800,219
1653374700,69
1653375600,84
1653376500,69
1653377400,71
1653378300,52
1653379200,54
1653380100,49
1653381000,54
1653381900,61
1653382800,140
1653383700,766
1653384600,264
1653385500,137
1653386400,429
1653387300,511
1653388200,341
1653389100,277
1653390000,114
1653390900,117
1653391800,110
1653392700,117
1653393600,86
1653394500,78
1653395400,66
1653396300,74
1653397200,66
1653398100,84
1653399000,81
1653399900,91
1653400800,82
1653401700,82
1653402600,65
1653403500,73
1653404400,65
1653405300,90
1653406200,124
1653407100,126
1653408000,126
1653408900,146
1653409800,144
1653410700,155
1653411600,113
1653412500,96
1653413400,96
1653414300,93
1653415200,111
1653416100,149
1653417000,148
1653417900,147
1653418800,149
1653419700,148
1653420600,223
1653421500,189
1653422400,141
1653423300,67
1653424200,75
1653425100,69
1653426000,77
1653426900,68
1653427800,75
1653428700,66
1653429600,65
1653430500,54
1653431400,65
1653432300,58
1653433200,68
1653434100,66
1653435000,79
1653435900,69
1653436800,65
1653437700,53
1653438600,63
1653439500,54
1653440400,62
1653441300,55
1653442200,61
1653443100,57
1653444000,60
1653444900,57
1653445800,58
1653446700,56
1653447600,62
1653448500,67
1653449400,56
1653450300,61
1653451200,61
1653452100,50
1653453000,42
1653453900,48
1653454800,125
1653455700,159
1653456600,174
1653457500,344
1653458400,529
1653459300,471
1653460200,468
1653461100,262
1653462000,275
1653462900,90
1653463800,82
1653464700,334
1653465600,204
1653466500,211
1653467400,686
1653468300,506
1653469200,509
1653470100,451
1653471000,181
1653471900,137
1653472800,534
1653473700,518
1653474600,378
1653475500,225
1653476400,134
1653477300,124
1653478200,151
1653479100,199
1653480000,152
1653480900,136
1653481800,218
1653482700,98
1653483600,118
1653484500,158
1653485400,166
1653486300,154
1653487200,163
1653488100,158
1653489000,193
1653489900,403
1653490800,127
1653491700,132
1653492600,132
1653493500,528
1653494400,646
1653495300,349
1653496200,153
1653497100,162
1653498000,191
1653498900,182
1653499800,190
1653500700,155
1653501600,140
1653502500,157
1653503400,162
1653504300,185
1653505200,181
1653506100,181
1653507000,161
1653507900,179
1653508800,177
1653509700,150
1653510600,96
1653511500,90
1653512400,79
1653513300,79
1653514200,68
1653515100,76
1653516000,74
1653516900,88
1653517800,74
1653518700,65
1653519600,63
1653520500,64
1653521400,60
1653522300,57
1653523200,60
1653524100,57
1653525000,62
1653525900,55
1653526800,62
1653527700,56
1653528600,81
1653529500,71
1653530400,69
1653531300,54
1653532200,56
1653533100,46
1653534000,57
1653534900,56
1653535800,59
1653536700,41
1653537600,51
1653538500,41
1653539400,97
1653540300,683
1653541200,742
1653542100,697
1653543000,618
1653543900,670
1653544800,74
1653545700,60
1653546600,145
1653547500,119
1653548400,140
1653549300,111
1653550200,128
1653551100,181
1653552000,146
1653552900,397
1653553800,210
1653554700,143
1653555600,170
1653556500,174
1653557400,842
1653558300,217
1653559200,467
1653560100,159
1653561000,158
1653561900,157
1653562800,115
1653563700,270
1653564600,369
1653565500,213
1653566400,176
1653567300,344
1653568200,433
1653569100,392
1653570000,496
1653570900,120
1653571800,117
1653572700,122
1653573600,136
1653574500,154
1653575400,134
1653576300,141
1653577200,167
1653578100,154
1653579000,139
1653579900,132
1653580800,133
1653581700,143
1653582600,133
1653583500,144
1653584400,136
1653585300,145
1653586200,145
1653587100,131
1653588000,125
1653588900,165
1653589800,133
1653590700,103
1653591600,139
1653592500,226
1653593400,99
1653594300,95
1653595200,42
1653596100,34
1653597000,24
1653597900,33
1653598800,24
1653599700,31
1653600600,69
1653601500,83
1653602400,60
1653603300,52
1653604200,53
1653605100,42
1653606000,49
1653606900,44
1653607800,50
1653608700,54
1653609600,65
1653610500,53
1653611400,47
1653612300,42
1653613200,45
1653614100,45
1653615000,41
1653615900,48
1653616800,39
1653617700,48
1653618600,38
1653619500,42
1653620400,31
1653621300,41
1653622200,47
1653623100,56
1653624000,205
1653624900,54
1653625800,48
1653626700,48
1653627600,47
1653628500,46
1653629400,43
1653630300,45
1653631200,56
1653632100,60
1653633000,67
1653633900,41
1653634800,52
1653635700,35
1653636600,236
1653637500,618
1653638400,669
1653639300,758
1653640200,507
1653641100,362
1653642000,133
1653642900,70
1653643800,101
1653644700,96
1653645600,99
1653646500,208
1653647400,173
1653648300,147
1653649200,123
1653650100,266
1653651000,97
1653651900,270
1653652800,263
1653653700,110
1653654600,98
1653655500,101
1653656400,73
1653657300,82
1653658200,86
1653659100,430
1653660000,516
1653660900,158
1653661800,113
1653662700,116
1653663600,137
1653664500,148
1653665400,143
1653666300,143
1653667200,147
1653668100,152
1653669000,134
1653669900,145
1653670800,155
1653671700,151
1653672600,155
1653673500,145
1653674400,157
1653675300,178
1653676200,191
1653677100,154
1653678000,134
1653678900,302
1653679800,166
1653680700,105
1653681600,72
1653682500,46
1653683400,52
1653684300,41
1653685200,57
1653686100,70
1653687000,84
1653687900,120
1653688800,77
1653689700,71
1653690600,57
1653691500,58
1653692400,63
1653693300,53
1653694200,62
1653695100,54
1653696000,64
1653696900,61
1653697800,58
1653698700,78
1653699600,67
1653700500,67
1653701400,51
1653702300,59
1653703200,57
1653704100,55
1653705000,60
1653705900,51
1653706800,61
1653707700,50
1653708600,61
1653709500,55
1653710400,72
1653711300,236
1653712200,148
1653713100,86
1653714000,383
1653714900,321
1653715800,417
1653716700,111
1653717600,40
1653718500,35
1653719400,42
1653720300,34
1653721200,42
1653722100,33
1653723000,41
1653723900,53
1653724800,78
1653725700,159
1653726600,80
1653727500,95
1653728400,100
1653729300,139
1653730200,138
1653731100,143
1653732000,135
1653732900,274
1653733800,212
1653734700,172
1653735600,188
1653736500,189
1653737400,180
1653738300,170
1653739200,180
1653740100,145
1653741000,142
1653741900,181
1653742800,124
1653743700,115
1653744600,110
1653745500,137
1653746400,131
1653747300,233
1653748200,706
1653749100,183
1653750000,156
1653750900,156
1653751800,141
1653752700,215
1653753600,233
1653754500,225
1653755400,254
1653756300,230
1653757200,238
1653758100,238
1653759000,232
1653759900,228
1653760800,233
1653761700,191
1653762600,152
1653763500,114
1653764400,105
1653765300,116
1653766200,159
1653767100,114
1653768000,71
1653768900,84
1653769800,66
1653770700,70
1653771600,72
1653772500,84
1653773400,87
1653774300,70
1653775200,75
1653776100,65
1653777000,68
1653777900,52
1653778800,54
1653779700,48
1653780600,55
1653781500,47
1653782400,56
1653783300,48
1653784200,67
1653785100,69
1653786000,57
1653786900,54
1653787800,46
1653788700,56
1653789600,47
1653790500,54
1653791400,41
1653792300,42
1653793200,35
1653794100,40
1653795000,35
1653795900,52
1653796800,174
1653797700,54
1653798600,35
1653799500,41
1653800400,40
1653801300,106
1653802200,131
1653803100,38
1653804000,100
1653804900,232
1653805800,373
1653806700,246
1653807600,268
1653808500,45
1653809400,51
1653810300,43
1653811200,101
1653812100,180
1653813000,163
1653813900,130
1653814800,116
1653815700,112
1653816600,120
1653817500,140
1653818400,93
1653819300,90
1653820200,152
1653821100,93
1653822000,90
1653822900,172
1653823800,120
1653824700,193
1653825600,225
1653826500,279
1653827400,137
1653828300,139
1653829200,118
1653830100,124
1653831000,110
1653831900,118
1653832800,119
1653833700,122
1653834600,124
1653835500,139
1653836400,141
1653837300,117
1653838200,117
1653839100,109
1653840000,113
1653840900,150
1653841800,151
1653842700,112
1653843600,154
1653844500,167
1653845400,277
1653846300,167
1653847200,172
1653848100,176
1653849000,163
1653849900,245
1653850800,167
1653851700,178
1653852600,180
1653853500,176
1653854400,149
1653855300,139
1653856200,130
1653857100,123
1653858000,142
1653858900,76
1653859800,61
1653860700,59
1653861600,36
1653862500,40
1653863400,45
1653864300,33
1653865200,44
1653866100,44
1653867000,33
1653867900,44
1653868800,43
1653869700,35
1653870600,44
1653871500,52
1653872400,56
1653873300,51
1653874200,36
1653875100,42
1653876000,44
1653876900,35
1653877800,44
1653878700,41
1653879600,40
1653880500,44
1653881400,37
1653882300,44
1653883200,46
1653884100,50
1653885000,78
1653885900,208
1653886800,177
1653887700,181
1653888600,137
1653889500,286
1653890400,274
1653891300,661
1653892200,616
1653893100,259
1653894000,114
1653894900,115
1653895800,86
1653896700,110
1653897600,111
1653898500,106
1653899400,139
1653900300,476
1653901200,643
1653902100,124
1653903000,98
1653903900,109
1653904800,104
1653905700,129
1653906600,524
1653907500,736
1653908400,743
1653909300,1388
1653910200,424
1653911100,421
1653912000,178
1653912900,288
1653913800,406
1653914700,175
1653915600,148
1653916500,138
1653917400,139
1653918300,152
1653919200,150
1653920100,152
1653921000,131
1653921900,134
1653922800,136
1653923700,141
1653924600,145
1653925500,138
1653926400,147
1653927300,142
1653928200,136
1653929100,162
1653930000,136
1653930900,147
1653931800,154
1653932700,236
1653933600,160
1653934500,174
1653935400,138
1653936300,138
1653937200,202
1653938100,199
1653939000,185
1653939900,201
1653940800,145
1653941700,54
1653942600,56
1653943500,37
1653944400,45
1653945300,40
1653946200,38
1653947100,45
1653948000,34
1653948900,45
1653949800,39
1653950700,40
1653951600,54
1653952500,53
1653953400,54
1653954300,37
1653955200,43
1653956100,43
1653957000,36
1653957900,45
1653958800,37
1653959700,44
1653960600,42
1653961500,44
1653962400,113
1653963300,56
1653964200,63
1653965100,59
1653966000,68
1653966900,64
1653967800,44
1653968700,45
1653969600,51
1653970500,70
1653971400,66
1653972300,64
1653973200,51
1653974100,38
1653975000,173
1653975900,53
1653976800,256
1653977700,716
1653978600,352
1653979500,64
1653980400,135
1653981300,57
1653982200,51
1653983100,56
1653984000,71
1653984900,73
1653985800,89
1653986700,412
1653987600,548
1653988500,131
1653989400,236
1653990300,437
1653991200,523
1653992100,607
1653993000,683
1653993900,323
1653994800,452
1653995700,160
1653996600,161
1653997500,100
1653998400,140
1653999300,95
1654000200,98
1654001100,84
1654002000,100
1654002900,84
1654003800,96
1654004700,111
1654005600,117
1654006500,115
1654007400,115
1654008300,100
1654009200,106
1654010100,96
1654011000,112
1654011900,117
1654012800,117
1654013700,113
1654014600,96
1654015500,105
1654016400,94
1654017300,102
1654018200,98
1654019100,362
1654020000,438
1654020900,160
1654021800,243
1654022700,163
1654023600,172
1654024500,179
1654025400,177
1654026300,165
1654027200,104
1654028100,74
1654029000,67
1654029900,52
1654030800,56
1654031700,60
1654032600,65
1654033500,59
1654034400,82
1654035300,72
1654036200,72
1654037100,59
1654038000,61
1654038900,64
1654039800,58
1654040700,65
1654041600,56
1654042500,67
1654043400,53
1654044300,52
1654045200,56
1654046100,38
1654047000,48
1654047900,55
1654048800,64
1654049700,46
1654050600,1590
1654051500,2488
1654052400,2255
1654053300,1483
1654054200,1218
1654055100,1180
1654056000,943
1654056900,942
1654057800,1180
1654058700,181
1654059600,94
1654060500,64
1654061400,94
1654062300,84
1654063200,248
1654064100,67
1654065000,238
1654065900,586
1654066800,361
1654067700,385
1654068600,714
1654069500,733
1654070400,477
1654071300,598
1654072200,387
1654073100,371
1654074000,518
1654074900,1020
1654075800,498
1654076700,433
1654077600,169
1654078500,184
1654079400,163
1654080300,154
1654081200,150
1654082100,149
1654083000,146
1654083900,143
1654084800,135
1654085700,150
1654086600,147
1654087500,227
1654088400,225
1654089300,173
1654090200,189
1654091100,407
1654092000,524
1654092900,250
1654093800,368
1654094700,126
1654095600,152
1654096500,270
1654097400,806
1654098300,823
1654099200,704
1654100100,767
1654101000,200
1654101900,138
1654102800,127
1654103700,125
1654104600,83
1654105500,85
1654106400,79
1654107300,70
1654108200,83
1654109100,83
1654110000,74
1654110900,78
1654111800,77
1654112700,84
1654113600,70
1654114500,62
1654115400,63
1654116300,59
1654117200,36
1654118100,43
1654119000,54
1654119900,90
1654120800,71
1654121700,53
1654122600,73
1654123500,46
1654124400,50
1654125300,42
1654126200,62
1654127100,48
1654128000,52
1654128900,56
1654129800,73
1654130700,65
1654131600,62
1654132500,65
1654133400,63
1654134300,65
1654135200,40
1654136100,48
1654137000,40
1654137900,65
1654138800,40
1654139700,48
1654140600,40
1654141500,61
1654142400,43
1654143300,63
1654144200,55
1654145100,69
1654146000,216
1654146900,356
1654147800,112
1654148700,212
1654149600,366
1654150500,144
1654151400,129
1654152300,363
1654153200,104
1654154100,153
1654155000,313
1654155900,97
1654156800,229
1654157700,817
1654158600,760
1654159500,141
1654160400,237
1654161300,330
1654162200,229
1654163100,183
1654164000,279
1654164900,130
1654165800,174
1654166700,829
1654167600,234
1654168500,516
1654169400,404
1654170300,818
1654171200,838
1654172100,702
1654173000,617
1654173900,150
1654174800,120
1654175700,112
1654176600,187
1654177500,496
1654178400,428
1654179300,465
1654180200,444
1654181100,298
1654182000,275
1654182900,155
1654183800,146
1654184700,155
1654185600,128
1654186500,136
1654187400,125
1654188300,139
1654189200,141
1654190100,134
1654191000,132
1654191900,128
1654192800,234
1654193700,155
1654194600,146
1654195500,139
1654196400,147
1654197300,163
1654198200,155
1654199100,150
1654200000,171
1654200900,178
1654201800,155
1654202700,133
1654203600,103
1654204500,117
1654205400,110
1654206300,109
1654207200,104
1654208100,104
1654209000,91
1654209900,56
1654210800,66
1654211700,44
1654212600,63
1654213500,50
1654214400,49
1654215300,63
1654216200,65
1654217100,72
1654218000,38
1654218900,47
1654219800,39
1654220700,60
1654221600,41
1654222500,48
1654223400,41
1654224300,47
1654225200,58
1654226100,39
1654227000,55
1654227900,44
1654228800,65
1654229700,75
1654230600,236
1654231500,142
1654232400,137
1654233300,103
1654234200,100
1654235100,99
1654236000,78
1654236900,100
1654237800,83
1654238700,96
1654239600,124
1654240500,144
1654241400,116
1654242300,156
1654243200,267
1654244100,179
1654245000,164
1654245900,121
1654246800,171
1654247700,762
1654248600,481
1654249500,127
1654250400,137
1654251300,473
1654252200,284
1654253100,166
1654254000,188
1654254900,737
1654255800,309
1654256700,363
1654257600,441
1654258500,338
1654259400,126
1654260300,156
1654261200,266
1654262100,398
1654263000,130
1654263900,124
1654264800,272
1654265700,365
1654266600,274
1654267500,316
1654268400,199
1654269300,127
1654270200,246
1654271100,569
1654272000,290
1654272900,666
1654273800,695
1654274700,237
1654275600,192
1654276500,202
1654277400,198
1654278300,192
1654279200,190
1654280100,185
1654281000,178
1654281900,173
1654282800,224
1654283700,156
1654284600,152
1654285500,136
1654286400,124
1654287300,91
1654288200,88
1654289100,93
1654290000,81
1654290900,69
1654291800,70
1654292700,69
1654293600,58
1654294500,63
1654295400,60
1654296300,75
1654297200,58
1654298100,64
1654299000,55
1654299900,76
1654300800,60
1654301700,77
1654302600,74
1654303500,68
1654304400,66
1654305300,58
1654306200,60
1654307100,57
1654308000,77
1654308900,60
1654309800,85
1654310700,70
1654311600,91
1654312500,59
1654313400,63
1654314300,62
1654315200,235
1654316100,201
1654317000,177
1654317900,77
1654318800,105
1654319700,78
1654320600,59
1654321500,39
1654322400,47
1654323300,53
1654324200,49
1654325100,101
1654326000,106
1654326900,182
1654327800,110
1654328700,101
1654329600,108
1654330500,123
1654331400,102
1654332300,71
1654333200,64
1654334100,75
1654335000,78
1654335900,79
1654336800,71
1654337700,149
1654338600,193
1654339500,192
1654340400,181
1654341300,154
1654342200,99
1654343100,142
1654344000,90
1654344900,179
1654345800,132
1654346700,135
1654347600,99
1654348500,100
1654349400,89
1654350300,266
1654351200,119
1654352100,120
1654353000,130
1654353900,137
1654354800,138
1654355700,128
1654356600,102
1654357500,171
1654358400,172
1654359300,126
1654360200,225
1654361100,144
1654362000,474
1654362900,571
1654363800,299
1654364700,323
1654365600,125
1654366500,159
1654367400,114
1654368300,125
1654369200,121
1654370100,113
1654371000,117
1654371900,114
1654372800,114
1654373700,96
1654374600,94
1654375500,136
1654376400,90
1654377300,89
1654378200,84
1654379100,87
1654380000,80
1654380900,65
1654381800,70
1654382700,77
1654383600,68
1654384500,63
1654385400,68
1654386300,75
1654387200,81
1654388100,82
1654389000,67
1654389900,69
1654390800,70
1654391700,68
1654392600,65
1654393500,106
1654394400,99
1654395300,72
1654396200,68
1654397100,1350
1654398000,2178
1654398900,2185
1654399800,1406
1654400700,1509
1654401600,1238
1654402500,1210
1654403400,926
1654404300,1058
1654405200,282
1654406100,206
1654407000,154
1654407900,131
1654408800,105
1654409700,108
1654410600,122
1654411500,168
1654412400,175
1654413300,133
1654414200,123
1654415100,198
1654416000,117
1654416900,314
1654417800,204
1654418700,152
1654419600,144
1654420500,180
1654421400,706
1654422300,289
1654423200,380
1654424100,126
1654425000,128
1654425900,122
1654426800,272
1654427700,708
1654428600,612
1654429500,652
1654430400,410
1654431300,116
1654432200,113
1654433100,123
1654434000,135
1654434900,82
1654435800,80
1654436700,91
1654437600,269
1654438500,997
1654439400,781
1654440300,695
1654441200,960
1654442100,1118
1654443000,413
1654443900,203
1654444800,183
1654445700,189
1654446600,174
1654447500,188
1654448400,567
1654449300,1215
1654450200,780
1654451100,716
1654452000,293
1654452900,195
1654453800,97
1654454700,98
1654455600,91
1654456500,96
1654457400,104
1654458300,99
1654459200,114
1654460100,103
1654461000,103
1654461900,84
1654462800,69
1654463700,78
1654464600,81
1654465500,80
1654466400,76
1654467300,66
1654468200,74
1654469100,73
1654470000,67
1654470900,68
1654471800,56
1654472700,89
1654473600,78
1654474500,84
1654475400,67
1654476300,76
1654477200,75
1654478100,57
1654479000,80
1654479900,89
1654480800,97
1654481700,92
1654482600,80
1654483500,65
1654484400,80
1654485300,80
1654486200,75
1654487100,71
1654488000,95
1654488900,73
1654489800,72
1654490700,77
1654491600,100
1654492500,244
1654493400,103
1654494300,349
1654495200,466
1654496100,112
1654497000,94
1654497900,93
1654498800,231
1654499700,179
1654500600,188
1654501500,156
1654502400,143
1654503300,185
1654504200,220
1654505100,573
1654506000,679
1654506900,255
1654507800,232
1654508700,539
1654509600,395
1654510500,461
1654511400,310
1654512300,544
1654513200,330
1654514100,231
1654515000,115
1654515900,114
1654516800,183
1654517700,186
1654518600,230
1654519500,287
1654520400,187
1654521300,193
1654522200,175
1654523100,165
1654524000,179
1654524900,155
1654525800,156
1654526700,163
1654527600,152
1654528500,151
1654529400,158
1654530300,168
1654531200,156
1654532100,156
1654533000,173
1654533900,174
1654534800,200
1654535700,199
1654536600,189
1654537500,175
1654538400,167
1654539300,151
1654540200,164
1654541100,166
1654542000,157
1654542900,298
1654543800,131
1654544700,117
1654545600,90
1654546500,116
1654547400,69
1654548300,57
1654549200,64
1654550100,62
1654551000,46
1654551900,38
1654552800,60
1654553700,38
1654554600,46
1654555500,53
1654556400,80
1654557300,66
1654558200,84
1654559100,91
1654560000,74
1654560900,46
1654561800,38
1654562700,58
1654563600,40
1654564500,47
1654565400,38
1654566300,58
1654567200,54
1654568100,72
1654569000,63
1654569900,80
1654570800,72
1654571700,48
1654572600,48
1654573500,53
1654574400,67
1654575300,56
1654576200,51
1654577100,47
1654578000,65
1654578900,62
1654579800,73
1654580700,65
1654581600,263
1654582500,755
1654583400,656
1654584300,722
1654585200,810
1654586100,239
1654587000,60
1654587900,61
1654588800,54
1654589700,63
1654590600,575
1654591500,1012
1654592400,672
1654593300,590
1654594200,146
1654595100,182
1654596000,202
1654596900,203
1654597800,169
1654598700,167
1654599600,113
1654600500,168
1654601400,204
1654602300,254
1654603200,208
1654604100,154
1654605000,118
1654605900,130
1654606800,194
1654607700,223
1654608600,151
1654609500,104
1654610400,73
1654611300,83
1654612200,111
1654613100,107
1654614000,116
1654614900,149
1654615800,178
1654616700,193
1654617600,207
1654618500,184
1654619400,177
1654620300,175
1654621200,171
1654622100,168
1654623000,181
1654623900,193
1654624800,186
1654625700,167
1654626600,133
1654627500,130
1654628400,124
1654629300,125
1654630200,108
1654631100,112
1654632000,111
1654632900,110
1654633800,88
1654634700,79
1654635600,71
1654636500,93
1654637400,71
1654638300,52
1654639200,36
1654640100,57
1654641000,37
1654641900,42
1654642800,41
1654643700,54
1654644600,39
1654645500,40
1654646400,45
1654647300,54
1654648200,62
1654649100,52
1654650000,53
1654650900,48
1654651800,46
1654652700,36
1654653600,45
1654654500,50
1654655400,45
1654656300,37
1654657200,44
1654658100,76
1654659000,84
1654659900,73
1654660800,67
1654661700,76
1654662600,56
1654663500,52
1654664400,60
1654665300,218
1654666200,266
1654667100,310
1654668000,460
1654668900,403
1654669800,371
1654670700,178
1654671600,275
1654672500,324
1654673400,117
1654674300,247
1654675200,203
1654676100,627
1654677000,419
1654677900,866
1654678800,1159
1654679700,724
1654680600,289
1654681500,173
1654682400,174
1654683300,154
1654684200,160
1654685100,88
1654686000,98
1654686900,468
1654687800,1315
1654688700,781
1654689600,689
1654690500,679
1654691400,353
1654692300,153
1654693200,106
1654694100,115
1654695000,107
1654695900,106
1654696800,102
1654697700,139
1654698600,150
1654699500,159
1654700400,538
1654701300,715
1654702200,324
1654703100,129
1654704000,118
1654704900,143
1654705800,119
1654706700,121
1654707600,122
1654708500,124
1654709400,116
1654710300,197
1654711200,212
1654712100,127
1654713000,126
1654713900,146
1654714800,168
1654715700,149
1654716600,112
1654717500,124
1654718400,126
1654719300,129
1654720200,129
1654721100,127
1654722000,108
1654722900,105
1654723800,97
1654724700,121
1654725600,100
1654726500,108
1654727400,91
1654728300,84
1654729200,60
1654730100,50
1654731000,49
1654731900,47
1654732800,45
1654733700,35
1654734600,47
1654735500,48
1654736400,45
1654737300,38
1654738200,44
1654739100,55
1654740000,38
1654740900,45
1654741800,57
1654742700,91
1654743600,75
1654744500,87
1654745400,47
1654746300,59
1654747200,41
1654748100,50
1654749000,57
1654749900,84
1654750800,263
1654751700,56
1654752600,60
1654753500,102
1654754400,118
1654755300,114
1654756200,138
1654757100,128
1654758000,102
1654758900,72
1654759800,80
1654760700,212
1654761600,270
1654762500,474
1654763400,266
1654764300,680
1654765200,475
1654766100,152
1654767000,141
1654767900,156
1654768800,142
1654769700,140
1654770600,129
1654771500,176
1654772400,697
1654773300,222
1654774200,291
1654775100,120
1654776000,121
1654776900,116
1654777800,166
1654778700,134
1654779600,127
1654780500,126
1654781400,112
1654782300,111
1654783200,195
1654784100,120
1654785000,124
1654785900,127
1654786800,138
1654787700,117
1654788600,106
1654789500,242
1654790400,144
1654791300,123
1654792200,105
1654793100,94
1654794000,117
1654794900,144
1654795800,144
1654796700,147
1654797600,145
1654798500,116
1654799400,129
1654800300,116
1654801200,115
1654802100,107
1654803000,127
1654803900,78
1654804800,70
1654805700,50
1654806600,59
1654807500,48
1654808400,41
1654809300,41
1654810200,75
1654811100,74
1654812000,80
1654812900,70
1654813800,56
1654814700,54
1654815600,51
1654816500,55
1654817400,46
1654818300,41
1654819200,48
1654820100,54
1654821000,45
1654821900,45
1654822800,65
1654823700,71
1654824600,52
1654825500,46
1654826400,46
1654827300,56
1654828200,44
1654829100,62
1654830000,62
1654830900,73
1654831800,44
1654832700,46
1654833600,61
1654834500,332
1654835400,88
1654836300,155
1654837200,134
1654838100,141
1654839000,110
1654839900,120
1654840800,141
1654841700,105
1654842600,73
1654843500,111
1654844400,124
1654845300,102
1654846200,84
1654847100,86
1654848000,82
1654848900,88
1654849800,178
1654850700,163
1654851600,204
1654852500,256
1654853400,197
1654854300,138
1654855200,92
1654856100,154
1654857000,205
1654857900,162
1654858800,163
1654859700,165
1654860600,112
1654861500,221
1654862400,93
1654863300,116
1654864200,178
1654865100,189
1654866000,149
1654866900,222
1654867800,86
1654868700,114
1654869600,132
1654870500,237
1654871400,159
1654872300,199
1654873200,119
1654874100,120
1654875000,130
1654875900,139
1654876800,126
1654877700,127
1654878600,111
1654879500,159
1654880400,142
1654881300,108
1654882200,100
1654883100,120
1654884000,110
1654884900,123
1654885800,129
1654886700,137
1654887600,144
1654888500,139
1654889400,115
1654890300,103
1654891200,99
1654892100,69
1654893000,127
1654893900,656
1654894800,98
1654895700,72
1654896600,76
1654897500,71
1654898400,93
1654899300,72
1654900200,94
1654901100,85
1654902000,105
1654902900,72
1654903800,79
1654904700,68
1654905600,80
1654906500,59
1654907400,65
1654908300,58
1654909200,78
1654910100,63
1654911000,65
1654911900,55
1654912800,72
1654913700,64
1654914600,73
1654915500,73
1654916400,86
1654917300,71
1654918200,95
1654919100,477
1654920000,496
1654920900,320
1654921800,255
1654922700,94
1654923600,104
1654924500,105
1654925400,81
1654926300,54
1654927200,61
1654928100,81
1654929000,216
1654929900,148
1654930800,256
1654931700,494
1654932600,395
1654933500,204
1654934400,148
1654935300,323
1654936200,528
1654937100,273
1654938000,286
1654938900,248
1654939800,194
1654940700,170
1654941600,201
1654942500,180
1654943400,190
1654944300,234
1654945200,473
1654946100,220
1654947000,386
1654947900,137
1654948800,129
1654949700,107
1654950600,110
1654951500,566
1654952400,284
1654953300,192
1654954200,201
1654955100,185
1654956000,161
1654956900,151
1654957800,162
1654958700,164
1654959600,169
1654960500,150
1654961400,161
1654962300,147
1654963200,139
1654964100,149
1654965000,167
1654965900,150
1654966800,1042
1654967700,2287
1654968600,2285
1654969500,1543
1654970400,1306
1654971300,1227
1654972200,1390
1654973100,1110
1654974000,1086
1654974900,1132
1654975800,1115
1654976700,1128
1654977600,373
1654978500,141
1654979400,143
1654980300,124
1654981200,133
1654982100,113
1654983000,119
1654983900,115
1654984800,129
1654985700,119
1654986600,145
1654987500,76
1654988400,85
1654989300,72
1654990200,73
1654991100,67
1654992000,69
1654992900,73
1654993800,85
1654994700,86
1654995600,65
1654996500,56
1654997400,66
1654998300,73
1654999200,69
1655000100,49
1655001000,51
1655001900,55
1655002800,51
1655003700,42
1655004600,54
1655005500,62
1655006400,231
1655007300,58
1655008200,70
1655009100,194
1655010000,124
1655010900,87
1655011800,68
1655012700,122
1655013600,158
1655014500,281
1655015400,113
1655016300,66
1655017200,72
1655018100,92
1655019000,117
1655019900,119
1655020800,271
1655021700,383
1655022600,187
1655023500,248
1655024400,159
1655025300,936
1655026200,368
1655027100,461
1655028000,178
1655028900,554
1655029800,690
1655030700,715
1655031600,477
1655032500,172
1655033400,190
1655034300,200
1655035200,186
1655036100,191
1655037000,173
1655037900,151
1655038800,159
1655039700,678
1655040600,1364
1655041500,1327
1655042400,757
1655043300,374
1655044200,422
1655045100,194
1655046000,177
1655046900,148
1655047800,157
1655048700,132
1655049600,143
1655050500,137
1655051400,156
1655052300,440
1655053200,781
1655054100,674
1655055000,379
1655055900,147
1655056800,150
1655057700,148
1655058600,188
1655059500,209
1655060400,144
1655061300,314
1655062200,200
1655063100,215
1655064000,152
1655064900,118
1655065800,142
1655066700,84
1655067600,79
1655068500,84
1655069400,82
1655070300,75
1655071200,68
1655072100,73
1655073000,65
1655073900,54
1655074800,37
1655075700,53
1655076600,44
1655077500,46
1655078400,38
1655079300,57
1655080200,39
1655081100,46
1655082000,36
1655082900,60
1655083800,38
1655084700,46
1655085600,51
1655086500,135
1655087400,71
1655088300,58
1655089200,54
1655090100,58
1655091000,41
1655091900,53
1655092800,50
1655093700,49
1655094600,40
1655095500,62
1655096400,192
1655097300,309
1655098200,201
1655099100,70
1655100000,59
1655100900,272
1655101800,155
1655102700,409
1655103600,345
1655104500,87
1655105400,73
1655106300,216
1655107200,91
1655108100,459
1655109000,261
1655109900,114
1655110800,173
1655111700,111
1655112600,103
1655113500,126
1655114400,137
1655115300,243
1655116200,119
1655117100,376
1655118000,361
1655118900,225
1655119800,153
1655120700,122
1655121600,127
1655122500,181
1655123400,194
1655124300,171
1655125200,156
1655126100,144
1655127000,136
1655127900,348
1655128800,518
1655129700,177
1655130600,165
1655131500,169
1655132400,153
1655133300,166
1655134200,168
1655135100,159
1655136000,143
1655136900,156
1655137800,143
1655138700,143
1655139600,145
1655140500,146
1655141400,136
1655142300,147
1655143200,590
1655144100,252
1655145000,523
1655145900,149
1655146800,300
1655147700,506
1655148600,135
1655149500,99
1655150400,119
1655151300,86
1655152200,79
1655153100,77
1655154000,66
1655154900,34
1655155800,43
1655156700,47
1655157600,47
1655158500,143
1655159400,104
1655160300,64
1655161200,62
1655162100,56
1655163000,69
1655163900,63
1655164800,66
1655165700,56
1655166600,75
1655167500,78
1655168400,75
1655169300,38
1655170200,52
1655171100,40
1655172000,43
1655172900,36
1655173800,52
1655174700,40
1655175600,44
1655176500,34
1655177400,53
1655178300,40
1655179200,43
1655180100,103
1655181000,110
1655181900,147
1655182800,61
1655183700,79
1655184600,127
1655185500,67
1655186400,69
1655187300,39
1655188200,61
1655189100,57
1655190000,51
1655190900,54
1655191800,58
1655192700,60
1655193600,47
1655194500,56
1655195400,540
1655196300,981
1655197200,776
1655198100,254
1655199000,357
1655199900,255
1655200800,129
1655201700,141
1655202600,512
1655203500,472
1655204400,410
1655205300,451
1655206200,122
1655207100,133
1655208000,140
1655208900,142
1655209800,169
1655210700,144
1655211600,131
1655212500,126
1655213400,120
1655214300,109
1655215200,126
1655216100,114
1655217000,117
1655217900,104
1655218800,120
1655219700,96
1655220600,108
1655221500,94
1655222400,125
1655223300,99
1655224200,121
1655225100,128
1655226000,145
1655226900,116
1655227800,165
1655228700,123
1655229600,118
1655230500,137
1655231400,154
1655232300,165
1655233200,162
1655234100,158
1655235000,143
1655235900,152
1655236800,127
1655237700,139
1655238600,112
1655239500,125
1655240400,116
1655241300,87
1655242200,69
1655243100,56
1655244000,133
1655244900,59
1655245800,66
1655246700,58
1655247600,73
1655248500,47
1655249400,46
1655250300,36
1655251200,59
1655252100,37
1655253000,44
1655253900,38
1655254800,76
1655255700,54
1655256600,54
1655257500,43
1655258400,52
1655259300,43
1655260200,53
1655261100,61
1655262000,65
1655262900,60
1655263800,51
1655264700,62
1655265600,65
1655266500,45
1655267400,36
1655268300,49
1655269200,68
1655270100,65
1655271000,213
1655271900,194
1655272800,210
1655273700,351
1655274600,422
1655275500,415
1655276400,140
1655277300,81
1655278200,85
1655279100,466
1655280000,629
1655280900,691
1655281800,651
1655282700,324
1655283600,1026
1655284500,186
1655285400,448
1655286300,67
1655287200,80
1655288100,126
1655289000,81
1655289900,181
1655290800,103
1655291700,105
1655292600,100
1655293500,111
1655294400,126
1655295300,114
1655296200,102
1655297100,130
1655298000,187
1655298900,137
1655299800,127
1655300700,703
1655301600,790
1655302500,736
1655303400,611
1655304300,167
1655305200,153
1655306100,125
1655307000,121
1655307900,115
1655308800,133
1655309700,165
1655310600,181
1655311500,188
1655312400,236
1655313300,229
1655314200,186
1655315100,185
1655316000,188
1655316900,186
1655317800,177
1655318700,179
1655319600,181
1655320500,175
1655321400,162
1655322300,202
1655323200,186
1655324100,167
1655325000,157
1655325900,102
1655326800,117
1655327700,86
1655328600,86
1655329500,67
1655330400,80
1655331300,55
1655332200,66
1655333100,54
1655334000,74
1655334900,70
1655335800,97
1655336700,88
1655337600,92
1655338500,48
1655339400,54
1655340300,58
1655341200,78
1655342100,69
1655343000,46
1655343900,44
1655344800,43
1655345700,42
1655346600,35
1655347500,46
1655348400,41
1655349300,41
1655350200,34
1655351100,48
1655352000,40
1655352900,46
1655353800,182
1655354700,147
1655355600,79
1655356500,92
1655357400,66
1655358300,151
1655359200,136
1655360100,133
1655361000,72
1655361900,82
1655362800,143
1655363700,99
1655364600,127
1655365500,141
1655366400,85
1655367300,208
1655368200,198
1655369100,753
1655370000,169
1655370900,67
1655371800,105
1655372700,1231
1655373600,398
1655374500,353
1655375400,69
1655376300,99
1655377200,86
1655378100,93
1655379000,106
1655379900,145
1655380800,125
1655381700,117
1655382600,84
1655383500,77
1655384400,72
1655385300,61
1655386200,70
1655387100,69
1655388000,62
1655388900,64
1655389800,70
1655390700,61
1655391600,67
1655392500,54
1655393400,86
1655394300,124
1655395200,114
1655396100,114
1655397000,92
1655397900,113
1655398800,126
1655399700,164
1655400600,130
1655401500,141
1655402400,124
1655403300,153
1655404200,150
1655405100,152
1655406000,142
1655406900,152
1655407800,156
1655408700,166
1655409600,161
1655410500,138
1655411400,143
1655412300,103
1655413200,159
1655414100,98
1655415000,100
1655415900,81
1655416800,88
1655417700,64
1655418600,62
1655419500,68
1655420400,64
1655421300,54
1655422200,74
1655423100,51
1655424000,55
1655424900,41
1655425800,46
1655426700,37
1655427600,39
1655428500,51
1655429400,51
1655430300,56
1655431200,56
1655432100,44
1655433000,34
1655433900,54
1655434800,63
1655435700,57
1655436600,45
1655437500,48
1655438400,42
1655439300,43
1655440200,34
1655441100,224
1655442000,74
1655442900,62
1655443800,247
1655444700,264
1655445600,186
1655446500,64
1655447400,301
1655448300,122
1655449200,243
1655450100,473
1655451000,589
1655451900,449
1655452800,616
1655453700,519
1655454600,506
1655455500,661
1655456400,533
1655457300,112
1655458200,115
1655459100,95
1655460000,308
1655460900,211
1655461800,128
1655462700,92
1655463600,110
1655464500,194
1655465400,150
1655466300,152
1655467200,152
1655468100,206
1655469000,1193
1655469900,370
1655470800,475
1655471700,119
1655472600,104
1655473500,102
1655474400,101
1655475300,148
1655476200,149
1655477100,199
1655478000,124
1655478900,153
1655479800,111
1655480700,145
1655481600,134
1655482500,152
1655483400,130
1655484300,183
1655485200,240
1655486100,188
1655487000,146
1655487900,165
1655488800,598
1655489700,992
1655490600,228
1655491500,160
1655492400,174
1655493300,160
1655494200,151
1655495100,157
1655496000,189
1655496900,140
1655497800,120
1655498700,107
1655499600,126
1655500500,105
1655501400,116
1655502300,126
1655503200,103
1655504100,74
1655505000,77
1655505900,76
1655506800,70
1655507700,57
1655508600,56
1655509500,59
1655510400,48
1655511300,46
1655512200,46
1655513100,65
1655514000,35
1655514900,51
1655515800,51
1655516700,72
1655517600,35
1655518500,43
1655519400,34
1655520300,56
1655521200,35
1655522100,45
1655523000,44
1655523900,54
1655524800,45
1655525700,205
1655526600,292
1655527500,111
1655528400,82
1655529300,247
1655530200,80
1655531100,86
1655532000,71
1655532900,83
1655533800,139
1655534700,131
1655535600,132
1655536500,137
1655537400,157
1655538300,123
1655539200,129
1655540100,121
1655541000,135
1655541900,178
1655542800,94
1655543700,80
1655544600,111
1655545500,96
1655546400,114
1655547300,215
1655548200,212
1655549100,214
1655550000,826
1655550900,252
1655551800,493
1655552700,142
1655553600,107
1655554500,102
1655555400,104
1655556300,102
1655557200,111
1655558100,162
1655559000,153
1655559900,149
1655560800,134
1655561700,149
1655562600,123
1655563500,133
1655564400,120
1655565300,139
1655566200,129
1655567100,121
1655568000,115
1655568900,129
1655569800,139
1655570700,139
1655571600,162
1655572500,269
1655573400,183
1655574300,132
1655575200,159
1655576100,154
1655577000,152
1655577900,132
1655578800,160
1655579700,134
1655580600,136
1655581500,119
1655582400,141
1655583300,87
1655584200,89
1655585100,83
1655586000,113
1655586900,104
1655587800,97
1655588700,76
1655589600,67
1655590500,62
1655591400,59
1655592300,71
1655593200,58
1655594100,62
1655595000,54
1655595900,75
1655596800,55
1655597700,65
1655598600,51
1655599500,77
1655600400,66
1655601300,76
1655602200,50
1655603100,57
1655604000,39
1655604900,48
1655605800,50
1655606700,53
1655607600,41
1655608500,63
1655609400,51
1655610300,46
1655611200,207
1655612100,51
1655613000,72
1655613900,58
1655614800,47
1655615700,38
1655616600,117
1655617500,116
1655618400,159
1655619300,89
1655620200,61
1655621100,213
1655622000,200
1655622900,91
1655623800,599
1655624700,545
1655625600,74
1655626500,142
1655627400,76
1655628300,194
1655629200,83
1655630100,96
1655631000,66
1655631900,153
1655632800,80
1655633700,94
1655634600,276
1655635500,139
1655636400,75
1655637300,146
1655638200,145
1655639100,251
1655640000,758
1655640900,949
1655641800,944
1655642700,383
1655643600,132
1655644500,117
1655645400,130
1655646300,111
1655647200,130
1655648100,110
1655649000,120
1655649900,122
1655650800,303
1655651700,116
1655652600,139
1655653500,152
1655654400,132
1655655300,122
1655656200,122
1655657100,145
1655658000,118
1655658900,128
1655659800,123
1655660700,121
1655661600,102
1655662500,101
1655663400,108
1655664300,146
1655665200,150
1655666100,189
1655667000,188
1655667900,204
1655668800,152
1655669700,129
1655670600,164
1655671500,131
1655672400,148
1655673300,133
1655674200,125
1655675100,131
1655676000,117
1655676900,84
1655677800,78
1655678700,76
1655679600,73
1655680500,87
1655681400,58
1655682300,53
1655683200,45
1655684100,69
1655685000,43
1655685900,54
1655686800,59
1655687700,82
1655688600,56
1655689500,49
1655690400,49
1655691300,53
1655692200,40
1655693100,49
1655694000,56
1655694900,62
1655695800,65
1655696700,53
1655697600,58
1655698500,45
1655699400,64
1655700300,65
1655701200,79
1655702100,141
1655703000,239
1655703900,197
1655704800,181
1655705700,164
1655706600,86
1655707500,99
1655708400,97
1655709300,179
1655710200,663
1655711100,181
1655712000,253
1655712900,48
1655713800,61
1655714700,56
1655715600,49
1655716500,53
1655717400,73
1655718300,72
1655719200,65
1655720100,71
1655721000,78
1655721900,85
1655722800,84
1655723700,148
1655724600,151
1655725500,165
1655726400,104
1655727300,121
1655728200,104
1655729100,118
1655730000,99
1655730900,114
1655731800,92
1655732700,136
1655733600,115
1655734500,112
1655735400,136
1655736300,135
1655737200,145
1655738100,130
1655739000,137
1655739900,134
1655740800,155
1655741700,143
1655742600,153
1655743500,154
1655744400,167
1655745300,151
1655746200,140
1655747100,139
1655748000,148
1655748900,154
1655749800,251
1655750700,167
1655751600,154
1655752500,121
1655753400,118
1655754300,189
1655755200,152
1655756100,151
1655757000,123
1655757900,120
1655758800,101
1655759700,115
1655760600,118
1655761500,121
1655762400,113
1655763300,70
1655764200,87
1655765100,83
1655766000,94
1655766900,88
1655767800,96
1655768700,73
1655769600,77
1655770500,64
1655771400,69
1655772300,48
1655773200,54
1655774100,48
1655775000,64
1655775900,50
1655776800,49
1655777700,49
1655778600,71
1655779500,70
1655780400,63
1655781300,51
1655782200,52
1655783100,49
1655784000,46
1655784900,50
1655785800,54
1655786700,49
1655787600,53
1655788500,65
1655789400,67
1655790300,79
1655791200,322
1655792100,455
1655793000,432
1655793900,793
1655794800,297
1655795700,438
1655796600,524
1655797500,362
1655798400,373
1655799300,571
1655800200,364
1655801100,569
1655802000,799
1655802900,214
1655803800,363
1655804700,157
1655805600,168
1655806500,177
1655807400,164
1655808300,145
1655809200,108
1655810100,110
1655811000,117
1655811900,107
1655812800,118
1655813700,133
1655814600,203
1655815500,193
1655816400,217
1655817300,197
1655818200,193
1655819100,148
1655820000,127
1655820900,107
1655821800,104
1655822700,125
1655823600,1502
1655824500,2097
1655825400,1562
1655826300,1029
1655827200,1146
1655828100,930
1655829000,1025
1655829900,1506
1655830800,2252
1655831700,1240
1655832600,1068
1655833500,1050
1655834400,1357
1655835300,320
1655836200,1322
1655837100,1046
1655838000,248
1655838900,264
1655839800,177
1655840700,150
1655841600,238
1655842500,141
1655843400,133
1655844300,127
1655845200,84
1655846100,102
1655847000,84
1655847900,94
1655848800,85
1655849700,106
1655850600,96
1655851500,95
1655852400,94
1655853300,77
1655854200,70
1655855100,74
1655856000,73
1655856900,54
1655857800,58
1655858700,65
1655859600,56
1655860500,47
1655861400,62
1655862300,49
1655863200,61
1655864100,62
1655865000,84
1655865900,66
1655866800,56
1655867700,49
1655868600,56
1655869500,46
1655870400,42
1655871300,58
1655872200,272
1655873100,275
1655874000,250
1655874900,391
1655875800,375
1655876700,450
1655877600,565
1655878500,118
1655879400,346
1655880300,441
1655881200,851
1655882100,929
1655883000,918
1655883900,530
1655884800,80
1655885700,432
1655886600,525
1655887500,518
1655888400,52
1655889300,60
1655890200,77
1655891100,75
1655892000,75
1655892900,81
1655893800,481
1655894700,653
1655895600,264
1655896500,483
1655897400,138
1655898300,113
1655899200,162
1655900100,233
1655901000,944
1655901900,769
1655902800,712
1655903700,628
1655904600,271
1655905500,108
1655906400,123
1655907300,95
1655908200,98
1655909100,123
1655910000,77
1655910900,80
1655911800,67
1655912700,99
1655913600,95
1655914500,319
1655915400,704
1655916300,331
1655917200,313
1655918100,192
1655919000,164
1655919900,148
1655920800,319
1655921700,194
1655922600,161
1655923500,351
1655924400,765
1655925300,537
1655926200,205
1655927100,181
1655928000,167
1655928900,178
1655929800,155
1655930700,164
1655931600,110
1655932500,90
1655933400,68
1655934300,107
1655935200,113
1655936100,129
1655937000,60
1655937900,59
1655938800,74
1655939700,72
1655940600,54
1655941500,50
1655942400,67
1655943300,43
1655944200,50
1655945100,43
1655946000,63
1655946900,42
1655947800,51
1655948700,49
1655949600,56
1655950500,48
1655951400,66
1655952300,74
1655953200,49
1655954100,48
1655955000,44
1655955900,76
1655956800,58
1655957700,61
1655958600,50
1655959500,62
1655960400,163
1655961300,237
1655962200,758
1655963100,887
1655964000,774
1655964900,493
1655965800,389
1655966700,290
1655967600,94
1655968500,105
1655969400,99
1655970300,189
1655971200,92
1655972100,94
1655973000,93
1655973900,86
1655974800,557
1655975700,380
1655976600,130
1655977500,230
1655978400,138
1655979300,118
1655980200,134
1655981100,139
1655982000,274
1655982900,389
1655983800,396
1655984700,158
1655985600,137
1655986500,128
1655987400,102
1655988300,94
1655989200,128
1655990100,126
1655991000,138
1655991900,141
1655992800,149
1655993700,132
1655994600,139
1655995500,146
1655996400,165
1655997300,144
1655998200,140
1655999100,130
1656000000,118
1656000900,114
1656001800,127
1656002700,126
1656003600,120
1656004500,121
1656005400,125
1656006300,130
1656007200,129
1656008100,172
1656009000,198
1656009900,195
1656010800,157
1656011700,151
1656012600,217
1656013500,140
1656014400,88
1656015300,99
1656016200,86
1656017100,71
1656018000,66
1656018900,69
1656019800,57
1656020700,47
1656021600,63
1656022500,67
1656023400,50
1656024300,39
1656025200,50
1656026100,46
1656027000,45
1656027900,38
1656028800,55
1656029700,41
1656030600,45
1656031500,42
1656032400,54
1656033300,45
1656034200,41
1656035100,63
1656036000,65
1656036900,52
1656037800,38
1656038700,53
1656039600,46
1656040500,47
1656041400,38
1656042300,58
1656043200,39
1656044100,195
1656045000,45
1656045900,67
1656046800,80
1656047700,81
1656048600,69
1656049500,73
1656050400,239
1656051300,68
1656052200,57
1656053100,57
1656054000,59
1656054900,81
1656055800,123
1656056700,107
1656057600,108
1656058500,79
1656059400,183
1656060300,576
1656061200,849
1656062100,257
1656063000,140
1656063900,145
1656064800,158
1656065700,223
1656066600,518
1656067500,187
1656068400,367
1656069300,122
1656070200,135
1656071100,156
1656072000,169
1656072900,210
1656073800,112
1656074700,112
1656075600,105
1656076500,109
1656077400,90
1656078300,98
1656079200,105
1656080100,132
1656081000,143
1656081900,145
1656082800,295
1656083700,144
1656084600,146
1656085500,124
1656086400,140
1656087300,151
1656088200,129
1656089100,132
1656090000,157
1656090900,142
1656091800,166
1656092700,171
1656093600,278
1656094500,153
1656095400,157
1656096300,167
1656097200,159
1656098100,187
1656099000,178
1656099900,227
1656100800,88
1656101700,91
1656102600,78
1656103500,86
1656104400,84
1656105300,91
1656106200,80
1656107100,73
1656108000,44
1656108900,49
1656109800,58
1656110700,55
1656111600,40
1656112500,46
1656113400,49
1656114300,40
1656115200,43
1656116100,50
1656117000,66
1656117900,51
1656118800,50
1656119700,48
1656120600,44
1656121500,37
1656122400,43
1656123300,49
1656124200,45
1656125100,36
1656126000,51
1656126900,44
1656127800,44
1656128700,38
1656129600,68
1656130500,259
1656131400,66
1656132300,44
1656133200,55
1656134100,48
1656135000,36
1656135900,45
1656136800,48
1656137700,46
1656138600,36
1656139500,51
1656140400,56
1656141300,71
1656142200,56
1656143100,94
1656144000,140
1656144900,130
1656145800,118
1656146700,117
1656147600,94
1656148500,98
1656149400,92
1656150300,76
1656151200,65
1656152100,71
1656153000,92
1656153900,76
1656154800,75
1656155700,66
1656156600,86
1656157500,67
1656158400,66
1656159300,54
1656160200,78
1656161100,55
1656162000,65
1656162900,72
1656163800,76
1656164700,58
1656165600,84
1656166500,102
1656167400,111
1656168300,102
1656169200,94
1656170100,119
1656171000,84
1656171900,89
1656172800,85
1656173700,99
1656174600,78
1656175500,147
1656176400,127
1656177300,132
1656178200,107
1656179100,128
1656180000,153
1656180900,162
1656181800,160
1656182700,163
1656183600,168
1656184500,159
1656185400,157
1656186300,162
1656187200,186
1656188100,143
1656189000,134
1656189900,112
1656190800,106
1656191700,98
1656192600,108
1656193500,112
1656194400,108
1656195300,103
1656196200,115
1656197100,102
1656198000,87
1656198900,37
1656199800,55
1656200700,61
1656201600,62
1656202500,44
1656203400,56
1656204300,41
1656205200,43
1656206100,42
1656207000,52
1656207900,44
1656208800,39
1656209700,47
1656210600,47
1656211500,46
1656212400,38
1656213300,62
1656214200,60
1656215100,262
1656216000,59
1656216900,74
1656217800,55
1656218700,127
1656219600,156
1656220500,204
1656221400,317
1656222300,642
1656223200,209
1656224100,292
1656225000,115
1656225900,170
1656226800,131
1656227700,153
1656228600,103
1656229500,132
1656230400,84
1656231300,124
1656232200,368
1656233100,434
1656234000,119
1656234900,101
1656235800,120
1656236700,130
1656237600,102
1656238500,182
1656239400,157
1656240300,440
1656241200,494
1656242100,97
1656243000,89
1656243900,112
1656244800,91
1656245700,127
1656246600,140
1656247500,147
1656248400,117
1656249300,117
1656250200,124
1656251100,114
1656252000,120
1656252900,113
1656253800,129
1656254700,149
1656255600,184
1656256500,146
1656257400,353
1656258300,442
1656259200,241
1656260100,124
1656261000,139
1656261900,351
1656262800,157
1656263700,178
1656264600,166
1656265500,149
1656266400,152
1656267300,152
1656268200,92
1656269100,276
1656270000,119
1656270900,172
1656271800,516
1656272700,618
1656273600,551
1656274500,124
1656275400,125
1656276300,126
1656277200,84
1656278100,70
1656279000,45
1656279900,52
1656280800,50
1656281700,56
1656282600,64
1656283500,55
1656284400,46
1656285300,38
1656286200,54
1656287100,43
1656288000,46
1656288900,38
1656289800,59
1656290700,41
1656291600,43
1656292500,49
1656293400,67
1656294300,62
1656295200,45
1656296100,56
1656297000,40
1656297900,47
1656298800,39
1656299700,59
1656300600,39
1656301500,47
1656302400,43
1656303300,52
1656304200,122
1656305100,91
1656306000,77
1656306900,86
1656307800,83
1656308700,77
1656309600,139
1656310500,78
1656311400,93
1656312300,117
1656313200,1234
1656314100,990
1656315000,961
1656315900,144
1656316800,106
1656317700,105
1656318600,64
1656319500,62
1656320400,51
1656321300,68
1656322200,81
1656323100,83
1656324000,81
1656324900,109
1656325800,142
1656326700,134
1656327600,113
1656328500,160
1656329400,112
1656330300,116
1656331200,111
1656332100,139
1656333000,87
1656333900,67
1656334800,75
1656335700,87
1656336600,92
1656337500,164
1656338400,157
1656339300,91
1656340200,82
1656341100,87
1656342000,166
1656342900,74
1656343800,52
1656344700,50
1656345600,57
1656346500,52
1656347400,58
1656348300,78
1656349200,65
1656350100,195
1656351000,86
1656351900,65
1656352800,45
1656353700,53
1656354600,53
1656355500,60
1656356400,51
1656357300,47
1656358200,63
1656359100,48
1656360000,70
1656360900,61
1656361800,64
1656362700,25
1656363600,35
1656364500,33
1656365400,40
1656366300,29
1656367200,34
1656368100,42
1656369000,60
1656369900,38
1656370800,29
1656371700,62
1656372600,44
1656373500,46
1656374400,33
1656375300,41
1656376200,27
1656377100,35
1656378000,100
1656378900,63
1656379800,54
1656380700,55
1656381600,63
1656382500,50
1656383400,63
1656384300,75
1656385200,74
1656386100,43
1656387000,49
1656387900,56
1656388800,53
1656389700,648
1656390600,2180
1656391500,2161
1656392400,1905
1656393300,887
1656394200,1066
1656395100,947
1656396000,976
1656396900,1059
1656397800,941
1656398700,896
1656399600,536
1656400500,125
1656401400,127
1656402300,126
1656403200,98
1656404100,138
1656405000,763
1656405900,732
1656406800,421
1656407700,154
1656408600,162
1656409500,157
1656410400,150
1656411300,149
1656412200,104
1656413100,102
1656414000,641
1656414900,866
1656415800,773
1656416700,675
1656417600,740
1656418500,902
1656419400,203
1656420300,96
1656421200,83
1656422100,74
1656423000,74
1656423900,79
1656424800,58
1656425700,81
1656426600,80
1656427500,82
1656428400,61
1656429300,62
1656430200,82
1656431100,67
1656432000,76
1656432900,72
1656433800,75
1656434700,62
1656435600,61
1656436500,77
1656437400,70
1656438300,83
1656439200,70
1656440100,77
1656441000,62
1656441900,61
1656442800,78
1656443700,82
1656444600,146
1656445500,153
1656446400,139
1656447300,188
1656448200,197
1656449100,108
1656450000,81
1656450900,192
1656451800,63
1656452700,65
1656453600,69
1656454500,61
1656455400,73
1656456300,59
1656457200,68
1656458100,83
1656459000,63
1656459900,44
1656460800,56
1656461700,42
1656462600,45
1656463500,54
1656464400,37
1656465300,51
1656466200,44
1656467100,46
1656468000,41
1656468900,61
1656469800,60
1656470700,57
1656471600,74
1656472500,41
1656473400,48
1656474300,51
1656475200,62
1656476100,43
1656477000,196
1656477900,70
1656478800,50
1656479700,192
1656480600,177
1656481500,72
1656482400,67
1656483300,825
1656484200,481
1656485100,387
1656486000,177
1656486900,96
1656487800,98
1656488700,365
1656489600,558
1656490500,141
1656491400,315
1656492300,549
1656493200,747
1656494100,349
1656495000,92
1656495900,168
1656496800,95
1656497700,152
1656498600,124
1656499500,138
1656500400,155
1656501300,154
1656502200,142
1656503100,103
1656504000,91
1656504900,64
1656505800,85
1656506700,69
1656507600,70
1656508500,70
1656509400,79
1656510300,73
1656511200,58
1656512100,78
1656513000,90
1656513900,90
1656514800,78
1656515700,84
1656516600,70
1656517500,100
1656518400,98
1656519300,83
1656520200,97
1656521100,164
1656522000,674
1656522900,350
1656523800,486
1656524700,159
1656525600,171
1656526500,162
1656527400,157
1656528300,182
1656529200,200
1656530100,223
1656531000,212
1656531900,137
1656532800,121
1656533700,132
1656534600,120
1656535500,100
1656536400,113
1656537300,83
1656538200,91
1656539100,77
1656540000,86
1656540900,88
1656541800,74
1656542700,90
1656543600,96
1656544500,98
1656545400,97
1656546300,83
1656547200,89
1656548100,78
1656549000,58
1656549900,80
1656550800,66
1656551700,67
1656552600,72
1656553500,64
1656554400,75
1656555300,70
1656556200,60
1656557100,80
1656558000,86
1656558900,77
1656559800,89
1656560700,66
1656561600,173
1656562500,92
1656563400,67
1656564300,69
1656565200,76
1656566100,44
1656567000,64
1656567900,82
1656568800,56
1656569700,41
1656570600,72
1656571500,61
1656572400,49
1656573300,71
1656574200,59
1656575100,54
1656576000,404
1656576900,450
1656577800,319
1656578700,87
1656579600,242
1656580500,313
1656581400,167
1656582300,145
1656583200,474
1656584100,226
1656585000,159
1656585900,229
1656586800,780
1656587700,239
1656588600,532
1656589500,139
1656590400,128
1656591300,142
1656592200,129
1656593100,129
1656594000,138
1656594900,137
1656595800,124
1656596700,105
1656597600,476
1656598500,380
1656599400,421
1656600300,166
1656601200,158
1656602100,138
1656603000,133
1656603900,170
1656604800,161
1656605700,141
1656606600,157
1656607500,149
1656608400,152
1656609300,168
1656610200,180
1656611100,159
1656612000,168
1656612900,179
1656613800,207
1656614700,263
1656615600,412
1656616500,503
1656617400,298
1656618300,209
1656619200,150
1656620100,136
1656621000,108
1656621900,93
1656622800,109
1656623700,111
1656624600,92
1656625500,102
1656626400,135
1656627300,97
1656628200,104
1656629100,102
1656630000,109
1656630900,109
1656631800,117
1656632700,110
1656633600,120
1656634500,85
1656635400,76
1656636300,95
1656637200,92
1656638100,77
1656639000,87
1656639900,94
1656640800,87
1656641700,84
1656642600,74
1656643500,97
1656644400,88
1656645300,92
1656646200,100
1656647100,106
1656648000,76
1656648900,84
1656649800,212
1656650700,219
1656651600,108
1656652500,76
1656653400,89
1656654300,85
1656655200,87
1656656100,99
1656657000,162
1656657900,103
1656658800,101
1656659700,80
1656660600,112
1656661500,134
1656662400,539
1656663300,751
1656664200,800
1656665100,262
1656666000,98
1656666900,82
1656667800,115
1656668700,102
1656669600,121
1656670500,118
1656671400,265
1656672300,141
1656673200,104
1656674100,108
1656675000,94
1656675900,75
1656676800,88
1656677700,84
1656678600,73
1656679500,74
1656680400,63
1656681300,83
1656682200,72
1656683100,59
1656684000,63
1656684900,66
1656685800,64
1656686700,58
1656687600,59
1656688500,81
1656689400,69
1656690300,77
1656691200,66
1656692100,87
1656693000,78
1656693900,113
1656694800,125
1656695700,225
1656696600,136
1656697500,276
1656698400,128
1656699300,134
1656700200,117
1656701100,110
1656702000,108
1656702900,138
1656703800,161
1656704700,87
1656705600,67
1656706500,50
1656707400,46
1656708300,40
1656709200,37
1656710100,35
1656711000,68
1656711900,47
1656712800,101
1656713700,76
1656714600,64
1656715500,66
1656716400,62
1656717300,85
1656718200,60
1656719100,65
1656720000,71
1656720900,61
1656721800,66
1656722700,56
1656723600,90
1656724500,68
1656725400,71
1656726300,65
1656727200,62
1656728100,59
1656729000,52
1656729900,76
1656730800,52
1656731700,60
1656732600,58
1656733500,67
1656734400,51
1656735300,288
1656736200,92
1656737100,73
1656738000,78
1656738900,54
1656739800,58
1656740700,33
1656741600,41
1656742500,38
1656743400,50
1656744300,38
1656745200,38
1656746100,52
1656747000,36
1656747900,40
1656748800,39
1656749700,67
1656750600,51
1656751500,82
1656752400,166
1656753300,116
1656754200,116
1656755100,115
1656756000,131
1656756900,201
1656757800,145
1656758700,140
1656759600,170
1656760500,161
1656761400,150
1656762300,119
1656763200,119
1656764100,110
1656765000,89
1656765900,106
1656766800,107
1656767700,133
1656768600,145
1656769500,704
1656770400,704
1656771300,609
1656772200,177
1656773100,158
1656774000,153
1656774900,85
1656775800,113
1656776700,93
1656777600,101
1656778500,106
1656779400,100
1656780300,102
1656781200,118
1656782100,159
1656783000,106
1656783900,105
1656784800,124
1656785700,255
1656786600,772
1656787500,235
1656788400,415
1656789300,89
1656790200,101
1656791100,78
1656792000,53
1656792900,44
1656793800,48
1656794700,42
1656795600,30
1656796500,30
1656797400,53
1656798300,100
1656799200,58
1656800100,70
1656801000,67
1656801900,49
1656802800,40
1656803700,60
1656804600,54
1656805500,42
1656806400,46
1656807300,53
1656808200,45
1656809100,37
1656810000,44
1656810900,49
1656811800,51
1656812700,57
1656813600,60
1656814500,51
1656815400,33
1656816300,43
1656817200,47
1656818100,43
1656819000,32
1656819900,42
1656820800,163
1656821700,112
1656822600,53
1656823500,66
1656824400,65
1656825300,123
1656826200,155
1656827100,78
1656828000,90
1656828900,43
1656829800,59
1656830700,66
1656831600,58
1656832500,53
1656833400,52
1656834300,68
1656835200,46
1656836100,106
1656837000,158
1656837900,81
1656838800,201
1656839700,111
1656840600,131
1656841500,255
1656842400,157
1656843300,68
1656844200,93
1656845100,66
1656846000,72
1656846900,74
1656847800,79
1656848700,65
1656849600,74
1656850500,80
1656851400,171
1656852300,646
1656853200,954
1656854100,656
1656855000,650
1656855900,302
1656856800,104
1656857700,101
1656858600,94
1656859500,102
1656860400,150
1656861300,170
1656862200,184
1656863100,155
1656864000,198
1656864900,176
1656865800,310
1656866700,221
1656867600,137
1656868500,161
1656869400,595
1656870300,405
1656871200,433
1656872100,173
1656873000,180
1656873900,213
1656874800,238
1656875700,216
1656876600,249
1656877500,203
1656878400,245
1656879300,197
1656880200,188
1656881100,215
1656882000,165
1656882900,159
1656883800,168
1656884700,163
1656885600,155
1656886500,156
1656887400,139
1656888300,139
1656889200,133
1656890100,166
1656891000,440
1656891900,572
1656892800,345
1656893700,277
1656894600,151
1656895500,113
1656896400,132
1656897300,127
1656898200,121
1656899100,134
1656900000,137
1656900900,133
1656901800,124
1656902700,126
1656903600,85
1656904500,51
1656905400,49
1656906300,66
1656907200,59
1656908100,54
1656909000,73
1656909900,93
1656910800,77
1656911700,65
1656912600,72
1656913500,54
1656914400,195
1656915300,87
1656916200,124
1656917100,95
1656918000,90
1656918900,117
1656919800,83
1656920700,70
1656921600,63
1656922500,81
1656923400,109
1656924300,84
1656925200,69
1656926100,335
1656927000,821
1656927900,240
1656928800,485
1656929700,109
1656930600,92
1656931500,78
1656932400,86
1656933300,86
1656934200,200
1656935100,173
1656936000,231
1656936900,105
1656937800,159
1656938700,205
1656939600,141
1656940500,201
1656941400,214
1656942300,423
1656943200,248
1656944100,245
1656945000,190
1656945900,157
1656946800,189
1656947700,328
1656948600,141
1656949500,127
1656950400,121
1656951300,136
1656952200,141
1656953100,165
1656954000,787
1656954900,251
1656955800,489
1656956700,264
1656957600,705
1656958500,580
1656959400,184
1656960300,222
1656961200,202
1656962100,159
1656963000,139
1656963900,150
1656964800,462
1656965700,855
1656966600,833
1656967500,682
1656968400,612
1656969300,100
1656970200,56
1656971100,55
1656972000,71
1656972900,63
1656973800,49
1656974700,49
1656975600,70
1656976500,53
1656977400,117
1656978300,106
1656979200,127
1656980100,91
1656981000,89
1656981900,106
1656982800,110
1656983700,77
1656984600,80
1656985500,85
1656986400,64
1656987300,67
1656988200,69
1656989100,79
1656990000,66
1656990900,70
1656991800,67
1656992700,79
1656993600,69
1656994500,65
1656995400,69
1656996300,80
1656997200,67
1656998100,64
1656999000,92
1656999900,88
1657000800,292
1657001700,99
1657002600,170
1657003500,107
1657004400,94
1657005300,89
1657006200,105
1657007100,87
1657008000,77
1657008900,73
1657009800,97
1657010700,82
1657011600,97
1657012500,131
1657013400,278
1657014300,158
1657015200,163
1657016100,155
1657017000,172
1657017900,116
1657018800,115
1657019700,239
1657020600,125
1657021500,118
1657022400,104
1657023300,98
1657024200,106
1657025100,96
1657026000,103
1657026900,427
1657027800,619
1657028700,259
1657029600,343
1657030500,99
1657031400,112
1657032300,102
1657033200,95
1657034100,183
1657035000,140
1657035900,146
1657036800,150
1657037700,144
1657038600,120
1657039500,115
1657040400,121
1657041300,122
1657042200,155
1657043100,190
1657044000,228
1657044900,114
1657045800,127
1657046700,641
1657047600,650
1657048500,136
1657049400,121
1657050300,123
1657051200,120
1657052100,138
1657053000,184
1657053900,112
1657054800,119
1657055700,128
1657056600,134
1657057500,142
1657058400,124
1657059300,142
1657060200,135
1657061100,125
1657062000,125
1657062900,99
1657063800,70
1657064700,55
1657065600,49
1657066500,66
1657067400,50
1657068300,53
1657069200,46
1657070100,65
1657071000,57
1657071900,45
1657072800,54
1657073700,58
1657074600,54
1657075500,48
1657076400,49
1657077300,72
1657078200,67
1657079100,70
1657080000,60
1657080900,85
1657081800,60
1657082700,218
1657083600,528
1657084500,696
1657085400,613
1657086300,588
1657087200,1009
1657088100,817
1657089000,350
1657089900,508
1657090800,412
1657091700,484
1657092600,372
1657093500,307
1657094400,710
1657095300,948
1657096200,617
1657097100,606
1657098000,264
1657098900,711
1657099800,237
1657100700,769
1657101600,166
1657102500,511
1657103400,93
1657104300,85
1657105200,102
1657106100,136
1657107000,120
1657107900,269
1657108800,102
1657109700,108
1657110600,96
1657111500,113
1657112400,122
1657113300,131
1657114200,110
1657115100,133
1657116000,103
1657116900,104
1657117800,128
1657118700,122
1657119600,135
1657120500,172
1657121400,115
1657122300,107
1657123200,130
1657124100,97
1657125000,129
1657125900,67
1657126800,64
1657127700,117
1657128600,112
1657129500,79
1657130400,85
1657131300,103
1657132200,109
1657133100,122
1657134000,130
1657134900,157
1657135800,135
1657136700,131
1657137600,133
1657138500,131
1657139400,127
1657140300,117
1657141200,83
1657142100,74
1657143000,58
1657143900,74
1657144800,59
1657145700,53
1657146600,69
1657147500,63
1657148400,60
1657149300,61
1657150200,87
1657151100,49
1657152000,52
1657152900,39
1657153800,51
1657154700,32
1657155600,40
1657156500,48
1657157400,41
1657158300,35
1657159200,47
1657160100,83
1657161000,43
1657161900,44
1657162800,65
1657163700,61
1657164600,64
1657165500,68
1657166400,66
1657167300,59
1657168200,136
1657169100,52
1657170000,50
1657170900,145
1657171800,58
1657172700,61
1657173600,41
1657174500,44
1657175400,39
1657176300,59
1657177200,68
1657178100,66
1657179000,70
1657179900,64
1657180800,54
1657181700,45
1657182600,59
1657183500,56
1657184400,295
1657185300,124
1657186200,135
1657187100,105
1657188000,110
1657188900,132
1657189800,207
1657190700,623
1657191600,213
1657192500,314
1657193400,173
1657194300,162
1657195200,161
1657196100,173
1657197000,536
1657197900,151
1657198800,485
1657199700,397
1657200600,218
1657201500,246
1657202400,150
1657203300,167
1657204200,131
1657205100,141
1657206000,150
1657206900,157
1657207800,140
1657208700,137
1657209600,144
1657210500,131
1657211400,130
1657212300,141
1657213200,164
1657214100,159
1657215000,149
1657215900,148
1657216800,162
1657217700,136
1657218600,143
1657219500,138
1657220400,182
1657221300,221
1657222200,177
1657223100,117
1657224000,106
1657224900,88
1657225800,86
1657226700,78
1657227600,96
1657228500,92
1657229400,85
1657230300,88
1657231200,78
1657232100,71
1657233000,58
1657233900,76
1657234800,63
1657235700,68
1657236600,56
1657237500,77
1657238400,51
1657239300,60
1657240200,52
1657241100,86
1657242000,61
1657242900,62
1657243800,47
1657244700,67
1657245600,50
1657246500,49
1657247400,54
1657248300,59
1657249200,53
1657250100,46
1657251000,61
1657251900,55
1657252800,54
1657253700,61
1657254600,186
1657255500,106
1657256400,68
1657257300,51
1657258200,59
1657259100,42
1657260000,44
1657260900,35
1657261800,59
1657262700,140
1657263600,619
1657264500,373
1657265400,371
1657266300,352
1657267200,348
1657268100,624
1657269000,1031
1657269900,427
1657270800,276
1657271700,78
1657272600,202
1657273500,107
1657274400,108
1657275300,122
1657276200,138
1657277100,138
1657278000,164
1657278900,152
1657279800,164
1657280700,167
1657281600,144
1657282500,161
1657283400,149
1657284300,163
1657285200,157
1657286100,177
1657287000,163
1657287900,166
1657288800,162
1657289700,182
1657290600,162
1657291500,163
1657292400,155
1657293300,157
1657294200,157
1657295100,150
1657296000,178
1657296900,163
1657297800,166
1657298700,148
1657299600,191
1657300500,321
1657301400,155
1657302300,133
1657303200,145
1657304100,124
1657305000,142
1657305900,171
1657306800,216
1657307700,172
1657308600,159
1657309500,124
1657310400,77
1657311300,58
1657312200,47
1657313100,44
1657314000,53
1657314900,44
1657315800,38
1657316700,49
1657317600,111
1657318500,68
1657319400,50
1657320300,62
1657321200,69
1657322100,71
1657323000,60
1657323900,68
1657324800,51
1657325700,47
1657326600,37
1657327500,57
1657328400,40
1657329300,46
1657330200,37
1657331100,59
1657332000,38
1657332900,44
1657333800,37
1657334700,77
1657335600,53
1657336500,59
1657337400,40
1657338300,57
1657339200,40
1657340100,216
1657341000,56
1657341900,55
1657342800,93
1657343700,586
1657344600,196
1657345500,282
1657346400,48
1657347300,37
1657348200,56
1657349100,41
1657350000,47
1657350900,36
1657351800,60
1657352700,50
1657353600,56
1657354500,49
1657355400,72
1657356300,49
1657357200,88
1657358100,96
1657359000,142
1657359900,172
1657360800,127
1657361700,203
1657362600,206
1657363500,181
1657364400,161
1657365300,154
1657366200,150
1657367100,149
1657368000,118
1657368900,122
1657369800,119
1657370700,69
1657371600,72
1657372500,85
1657373400,67
1657374300,74
1657375200,60
1657376100,79
1657377000,54
1657377900,64
1657378800,59
1657379700,95
1657380600,71
1657381500,73
1657382400,57
1657383300,77
1657384200,54
1657385100,65
1657386000,76
1657386900,230
1657387800,100
1657388700,323
1657389600,131
1657390500,103
1657391400,105
1657392300,122
1657393200,140
1657394100,134
1657395000,200
1657395900,124
1657396800,139
1657397700,116
1657398600,119
1657399500,86
1657400400,126
1657401300,112
1657402200,113
1657403100,106
1657404000,125
1657404900,109
1657405800,126
1657406700,87
1657407600,75
1657408500,45
1657409400,56
1657410300,56
1657411200,58
1657412100,43
1657413000,49
1657413900,58
1657414800,50
1657415700,47
1657416600,45
1657417500,63
1657418400,45
1657419300,53
1657420200,60
1657421100,82
1657422000,51
1657422900,51
1657423800,48
1657424700,67
1657425600,227
1657426500,146
1657427400,102
1657428300,204
1657429200,450
1657430100,125
1657431000,245
1657431900,131
1657432800,106
1657433700,107
1657434600,216
1657435500,234
1657436400,89
1657437300,113
1657438200,152
1657439100,108
1657440000,73
1657440900,86
1657441800,129
1657442700,257
1657443600,265
1657444500,106
1657445400,119
1657446300,169
1657447200,315
1657448100,159
1657449000,537
1657449900,634
1657450800,438
1657451700,449
1657452600,137
1657453500,124
1657454400,133
1657455300,135
1657456200,128
1657457100,110
1657458000,265
1657458900,254
1657459800,117
1657460700,441
1657461600,270
1657462500,163
1657463400,151
1657464300,135
1657465200,132
1657466100,186
1657467000,277
1657467900,125
1657468800,138
1657469700,155
1657470600,136
1657471500,144
1657472400,147
1657473300,166
1657474200,136
1657475100,151
1657476000,167
1657476900,162
1657477800,182
1657478700,159
1657479600,144
1657480500,146
1657481400,163
1657482300,147
1657483200,145
1657484100,131
1657485000,76
1657485900,81
1657486800,79
1657487700,74
1657488600,66
1657489500,78
1657490400,74
1657491300,194
1657492200,96
1657493100,108
1657494000,92
1657494900,87
1657495800,80
1657496700,87
1657497600,76
1657498500,56
1657499400,56
1657500300,66
1657501200,62
1657502100,53
1657503000,56
1657503900,66
1657504800,60
1657505700,50
1657506600,59
1657507500,95
1657508400,80
1657509300,82
1657510200,76
1657511100,81
1657512000,76
1657512900,66
1657513800,185
1657514700,67
1657515600,59
1657516500,71
1657517400,1403
1657518300,2153
1657519200,2152
1657520100,1315
1657521000,1223
1657521900,948
1657522800,964
1657523700,948
1657524600,1075
1657525500,846
1657526400,917
1657527300,77
1657528200,75
1657529100,202
1657530000,260
1657530900,187
1657531800,250
1657532700,140
1657533600,151
1657534500,170
1657535400,289
1657536300,96
1657537200,89
1657538100,137
1657539000,139
1657539900,301
1657540800,151
1657541700,167
1657542600,636
1657543500,549
1657544400,110
1657545300,132
1657546200,168
1657547100,261
1657548000,145
1657548900,355
1657549800,1393
1657550700,1345
1657551600,1213
1657552500,1122
1657553400,466
1657554300,178
1657555200,144
1657556100,128
1657557000,114
1657557900,105
1657558800,118
1657559700,107
1657560600,105
1657561500,122
1657562400,112
1657563300,124
1657564200,127
1657565100,143
1657566000,629
1657566900,808
1657567800,781
1657568700,703
1657569600,305
1657570500,111
1657571400,103
1657572300,95
1657573200,81
1657574100,84
1657575000,96
1657575900,50
1657576800,47
1657577700,38
1657578600,61
1657579500,46
1657580400,61
1657581300,69
1657582200,55
1657583100,47
1657584000,40
1657584900,189
1657585800,101
1657586700,195
1657587600,249
1657588500,79
1657589400,106
1657590300,75
1657591200,88
1657592100,91
1657593000,82
1657593900,80
1657594800,53
1657595700,74
1657596600,53
1657597500,60
1657598400,53
1657599300,74
1657600200,58
1657601100,55
1657602000,60
1657602900,69
1657603800,77
1657604700,67
1657605600,67
1657606500,67
1657607400,60
1657608300,53
1657609200,64
1657610100,105
1657611000,95
1657611900,102
1657612800,91
1657613700,94
1657614600,69
1657615500,77
1657616400,69
1657617300,102
1657618200,92
1657619100,100
1657620000,81
1657620900,106
1657621800,81
1657622700,88
1657623600,84
1657624500,102
1657625400,85
1657626300,101
1657627200,177
1657628100,161
1657629000,139
1657629900,122
1657630800,120
1657631700,124
1657632600,117
1657633500,91
1657634400,105
1657635300,132
1657636200,118
1657637100,129
1657638000,133
1657638900,137
1657639800,146
1657640700,135
1657641600,148
1657642500,136
1657643400,124
1657644300,126
1657645200,124
1657646100,128
1657647000,104
1657647900,109
1657648800,97
1657649700,122
1657650600,114
1657651500,147
1657652400,150
1657653300,229
1657654200,164
1657655100,189
1657656000,131
1657656900,147
1657657800,162
1657658700,77
1657659600,70
1657660500,94
1657661400,61
1657662300,68
1657663200,60
1657664100,80
1657665000,55
1657665900,56
1657666800,58
1657667700,85
1657668600,73
1657669500,51
1657670400,47
1657671300,61
1657672200,115
1657673100,94
1657674000,91
1657674900,70
1657675800,48
1657676700,40
1657677600,47
1657678500,50
1657679400,49
1657680300,39
1657681200,49
1657682100,66
1657683000,68
1657683900,58
1657684800,53
1657685700,52
1657686600,71
1657687500,180
1657688400,127
1657689300,57
1657690200,227
1657691100,303
1657692000,534
1657692900,184
1657693800,393
1657694700,66
1657695600,51
1657696500,65
1657697400,58
1657698300,59
1657699200,49
1657700100,62
1657701000,59
1657701900,77
1657702800,185
1657703700,110
1657704600,131
1657705500,154
1657706400,201
1657707300,141
1657708200,143
1657709100,128
1657710000,134
1657710900,126
1657711800,150
1657712700,605
1657713600,559
1657714500,400
1657715400,545
1657716300,1048
1657717200,481
1657718100,142
1657719000,156
1657719900,132
1657720800,131
1657721700,108
1657722600,117
1657723500,753
1657724400,823
1657725300,674
1657726200,514
1657727100,109
1657728000,73
1657728900,125
1657729800,104
1657730700,136
1657731600,89
1657732500,94
1657733400,91
1657734300,79
1657735200,87
1657736100,95
1657737000,91
1657737900,95
1657738800,107
1657739700,110
1657740600,98
1657741500,145
1657742400,188
1657743300,165
1657744200,89
1657745100,75
1657746000,59
1657746900,81
1657747800,60
1657748700,66
1657749600,61
1657750500,78
1657751400,69
1657752300,62
1657753200,52
1657754100,57
1657755000,43
1657755900,39
1657756800,46
1657757700,51
1657758600,46
1657759500,32
1657760400,54
1657761300,41
1657762200,33
1657763100,24
1657764000,40
1657764900,51
1657765800,62
1657766700,59
1657767600,54
1657768500,57
1657769400,26
1657770300,33
1657771200,28
1657772100,45
1657773000,25
1657773900,33
1657774800,186
1657775700,73
1657776600,110
1657777500,87
1657778400,69
1657779300,96
1657780200,86
1657781100,89
1657782000,94
1657782900,103
1657783800,122
1657784700,639
1657785600,579
1657786500,899
1657787400,250
1657788300,362
1657789200,216
1657790100,107
1657791000,128
1657791900,150
1657792800,155
1657793700,220
1657794600,144
1657795500,138
1657796400,134
1657797300,151
1657798200,128
1657799100,141
1657800000,133
1657800900,298
1657801800,176
1657802700,138
1657803600,123
1657804500,109
1657805400,269
1657806300,69
1657807200,80
1657808100,87
1657809000,68
1657809900,132
1657810800,488
1657811700,280
1657812600,120
1657813500,145
1657814400,184
1657815300,245
1657816200,119
1657817100,127
1657818000,122
1657818900,159
1657819800,127
1657820700,129
1657821600,145
1657822500,153
1657823400,152
1657824300,141
1657825200,177
1657826100,683
1657827000,236
1657827900,584
1657828800,86
1657829700,107
1657830600,104
1657831500,102
1657832400,68
1657833300,75
1657834200,68
1657835100,257
1657836000,140
1657836900,95
1657837800,68
1657838700,64
1657839600,50
1657840500,69
1657841400,45
1657842300,50
1657843200,47
1657844100,52
1657845000,48
1657845900,37
1657846800,49
1657847700,52
1657848600,46
1657849500,55
1657850400,60
1657851300,77
1657852200,42
1657853100,54
1657854000,59
1657854900,78
1657855800,80
1657856700,1325
1657857600,2103
1657858500,2165
1657859400,1506
1657860300,1163
1657861200,1114
1657862100,1254
1657863000,1173
1657863900,1205
1657864800,401
1657865700,450
1657866600,82
1657867500,124
1657868400,103
1657869300,49
1657870200,63
1657871100,68
1657872000,260
1657872900,929
1657873800,1363
1657874700,1124
1657875600,498
1657876500,174
1657877400,82
1657878300,82
1657879200,174
1657880100,721
1657881000,762
1657881900,643
1657882800,617
1657883700,273
1657884600,89
1657885500,103
1657886400,127
1657887300,163
1657888200,120
1657889100,244
1657890000,435
1657890900,310
1657891800,313
1657892700,162
1657893600,165
1657894500,114
1657895400,110
1657896300,113
1657897200,180
1657898100,161
1657899000,170
1657899900,175
1657900800,184
1657901700,188
1657902600,147
1657903500,168
1657904400,138
1657905300,134
1657906200,125
1657907100,130
1657908000,121
1657908900,113
1657909800,119
1657910700,165
1657911600,187
1657912500,171
1657913400,167
1657914300,153
1657915200,140
1657916100,197
1657917000,101
1657917900,90
1657918800,75
1657919700,94
1657920600,77
1657921500,83
1657922400,61
1657923300,66
1657924200,58
1657925100,77
1657926000,53
1657926900,59
1657927800,73
1657928700,84
1657929600,75
1657930500,70
1657931400,86
1657932300,81
1657933200,76
1657934100,66
1657935000,83
1657935900,52
1657936800,43
1657937700,52
1657938600,58
1657939500,72
1657940400,51
1657941300,71
1657942200,68
1657943100,70
1657944000,56
1657944900,260
1657945800,123
1657946700,209
1657947600,53
1657948500,53
1657949400,82
1657950300,87
1657951200,96
1657952100,74
1657953000,95
1657953900,47
1657954800,55
1657955700,49
1657956600,116
1657957500,101
1657958400,162
1657959300,83
1657960200,68
1657961100,59
1657962000,129
1657962900,120
1657963800,147
1657964700,132
1657965600,107
1657966500,171
1657967400,140
1657968300,146
1657969200,162
1657970100,155
1657971000,177
1657971900,186
1657972800,246
1657973700,120
1657974600,164
1657975500,107
1657976400,112
1657977300,110
1657978200,98
1657979100,90
1657980000,98
1657980900,118
1657981800,134
1657982700,138
1657983600,85
1657984500,87
1657985400,65
1657986300,64
1657987200,55
1657988100,78
1657989000,75
1657989900,154
1657990800,89
1657991700,75
1657992600,64
1657993500,55
1657994400,66
1657995300,86
1657996200,135
1657997100,79
1657998000,99
1657998900,112
1657999800,145
1658000700,172
1658001600,209
1658002500,225
1658003400,152
1658004300,147
1658005200,140
1658006100,145
1658007000,66
1658007900,66
1658008800,72
1658009700,82
1658010600,68
1658011500,63
1658012400,65
1658013300,41
1658014200,44
1658015100,43
1658016000,76
1658016900,52
1658017800,52
1658018700,35
1658019600,60
1658020500,34
1658021400,43
1658022300,39
1658023200,55
1658024100,39
1658025000,46
1658025900,52
1658026800,48
1658027700,45
1658028600,67
1658029500,230
1658030400,124
1658031300,490
1658032200,431
1658033100,440
1658034000,150
1658034900,230
1658035800,138
1658036700,135
1658037600,172
1658038500,103
1658039400,128
1658040300,219
1658041200,87
1658042100,60
1658043000,175
1658043900,78
1658044800,98
1658045700,61
1658046600,400
1658047500,44
1658048400,41
1658049300,34
1658050200,61
1658051100,59
1658052000,53
1658052900,60
1658053800,64
1658054700,67
1658055600,80
1658056500,87
1658057400,91
1658058300,72
1658059200,65
1658060100,481
1658061000,634
1658061900,377
1658062800,105
1658063700,93
1658064600,140
1658065500,150
1658066400,157
1658067300,215
1658068200,218
1658069100,148
1658070000,158
1658070900,157
1658071800,121
1658072700,111
1658073600,107
1658074500,176
1658075400,205
1658076300,136
1658077200,352
1658078100,129
1658079000,107
1658079900,132
1658080800,122
1658081700,140
1658082600,112
1658083500,124
1658084400,115
1658085300,83
1658086200,70
1658087100,58
1658088000,72
1658088900,55
1658089800,50
1658090700,33
1658091600,58
1658092500,90
1658093400,66
1658094300,66
1658095200,113
1658096100,71
1658097000,53
1658097900,40
1658098800,50
1658099700,38
1658100600,36
1658101500,51
1658102400,41
1658103300,41
1658104200,33
1658105100,55
1658106000,36
1658106900,42
1658107800,52
1658108700,73
1658109600,44
1658110500,42
1658111400,36
1658112300,56
1658113200,38
1658114100,46
1658115000,43
1658115900,48
1658116800,39
1658117700,37
1658118600,170
1658119500,57
1658120400,71
1658121300,84
1658122200,90
1658123100,72
1658124000,75
1658124900,64
1658125800,104
1658126700,79
1658127600,147
1658128500,67
1658129400,80
1658130300,59
1658131200,48
1658132100,58
1658133000,78
1658133900,78
1658134800,54
1658135700,74
1658136600,90
1658137500,74
1658138400,61
1658139300,144
1658140200,123
1658141100,66
1658142000,53
1658142900,82
1658143800,61
1658144700,61
1658145600,61
1658146500,110
1658147400,144
1658148300,165
1658149200,154
1658150100,137
1658151000,127
1658151900,160
1658152800,152
1658153700,125
1658154600,133
1658155500,116
1658156400,103
1658157300,92
1658158200,140
1658159100,71
1658160000,90
1658160900,61
1658161800,56
1658162700,62
1658163600,66
1658164500,61
1658165400,53
1658166300,69
1658167200,61
1658168100,62
1658169000,53
1658169900,73
1658170800,67
1658171700,79
1658172600,71
1658173500,75
1658174400,57
1658175300,57
1658176200,49
1658177100,53
1658178000,44
1658178900,35
1658179800,48
1658180700,72
1658181600,65
1658182500,53
1658183400,68
1658184300,163
1658185200,47
1658186100,36
1658187000,54
1658187900,42
1658188800,44
1658189700,39
1658190600,56
1658191500,41
1658192400,40
1658193300,45
1658194200,51
1658195100,45
1658196000,51
1658196900,62
1658197800,63
1658198700,46
1658199600,35
1658200500,49
1658201400,47
1658202300,45
1658203200,35
1658204100,52
1658205000,44
1658205900,43
1658206800,38
1658207700,53
1658208600,1576
1658209500,2119
1658210400,2178
1658211300,1139
1658212200,1127
1658213100,1114
1658214000,969
1658214900,1103
1658215800,179
1658216700,155
1658217600,127
1658218500,420
1658219400,554
1658220300,140
1658221200,140
1658222100,353
1658223000,394
1658223900,411
1658224800,218
1658225700,134
1658226600,115
1658227500,119
1658228400,91
1658229300,99
1658230200,78
1658231100,73
1658232000,81
1658232900,139
1658233800,153
1658234700,268
1658235600,135
1658236500,146
1658237400,172
1658238300,182
1658239200,193
1658240100,182
1658241000,183
1658241900,186
1658242800,207
1658243700,181
1658244600,208
1658245500,224
1658246400,198
1658247300,168
1658248200,200
1658249100,105
1658250000,114
1658250900,119
1658251800,143
1658252700,147
1658253600,155
1658254500,261
1658255400,192
1658256300,173
1658257200,148
1658258100,155
1658259000,138
1658259900,148
1658260800,115
1658261700,114
1658262600,95
1658263500,100
1658264400,71
1658265300,83
1658266200,72
1658267100,98
1658268000,71
1658268900,81
1658269800,69
1658270700,73
1658271600,45
1658272500,46
1658273400,54
1658274300,52
1658275200,49
1658276100,40
1658277000,74
1658277900,63
1658278800,63
1658279700,42
1658280600,61
1658281500,42
1658282400,49
1658283300,40
1658284200,69
1658285100,48
1658286000,56
1658286900,59
1658287800,61
1658288700,45
1658289600,43
1658290500,249
1658291400,145
1658292300,106
1658293200,59
1658294100,133
1658295000,87
1658295900,127
1658296800,233
1658297700,977
1658298600,1033
1658299500,559
1658300400,121
1658301300,198
1658302200,677
1658303100,489
1658304000,364
1658304900,422
1658305800,612
1658306700,575
1658307600,1287
1658308500,856
1658309400,627
1658310300,902
1658311200,947
1658312100,536
1658313000,155
1658313900,133
1658314800,122
1658315700,82
1658316600,110
1658317500,96
1658318400,122
1658319300,363
1658320200,667
1658321100,666
1658322000,260
1658322900,145
1658323800,160
1658324700,142
1658325600,116
1658326500,380
1658327400,765
1658328300,675
1658329200,329
1658330100,115
1658331000,96
1658331900,115
1658332800,95
1658333700,95
1658334600,100
1658335500,131
1658336400,117
1658337300,105
1658338200,116
1658339100,115
1658340000,116
1658340900,121
1658341800,117
1658342700,152
1658343600,145
1658344500,142
1658345400,100
1658346300,86
1658347200,53
1658348100,60
1658349000,54
1658349900,46
1658350800,35
1658351700,43
1658352600,54
1658353500,41
1658354400,40
1658355300,67
1658356200,85
1658357100,71
1658358000,70
1658358900,58
1658359800,62
1658360700,55
1658361600,50
1658362500,40
1658363400,53
1658364300,35
1658365200,42
1658366100,45
1658367000,49
1658367900,37
1658368800,40
1658369700,51
1658370600,45
1658371500,59
1658372400,53
1658373300,70
1658374200,42
1658375100,57
1658376000,49
1658376900,217
1658377800,52
1658378700,66
1658379600,45
1658380500,61
1658381400,83
1658382300,77
1658383200,111
1658384100,264
1658385000,104
1658385900,59
1658386800,89
1658387700,88
1658388600,68
1658389500,52
1658390400,126
1658391300,96
1658392200,102
1658393100,101
1658394000,107
1658394900,97
1658395800,110
1658396700,130
1658397600,101
1658398500,204
1658399400,209
1658400300,122
1658401200,124
1658402100,148
1658403000,119
1658403900,136
1658404800,120
1658405700,83
1658406600,89
1658407500,90
1658408400,78
1658409300,245
1658410200,95
1658411100,445
1658412000,454
1658412900,86
1658413800,90
1658414700,80
1658415600,80
1658416500,85
1658417400,95
1658418300,195
1658419200,99
1658420100,90
1658421000,119
1658421900,105
1658422800,106
1658423700,103
1658424600,153
1658425500,89
1658426400,83
1658427300,92
1658428200,96
1658429100,100
1658430000,93
1658430900,113
1658431800,99
1658432700,117
1658433600,76
1658434500,91
1658435400,72
1658436300,41
1658437200,42
1658438100,52
1658439000,73
1658439900,63
1658440800,54
1658441700,44
1658442600,90
1658443500,64
1658444400,69
1658445300,46
1658446200,54
1658447100,46
1658448000,66
1658448900,56
1658449800,56
1658450700,58
1658451600,42
1658452500,44
1658453400,44
1658454300,56
1658455200,39
1658456100,45
1658457000,60
1658457900,66
1658458800,52
1658459700,54
1658460600,59
1658461500,65
1658462400,53
1658463300,54
1658464200,52
1658465100,45
1658466000,61
1658466900,244
1658467800,201
1658468700,507
1658469600,469
1658470500,325
1658471400,229
1658472300,226
1658473200,191
1658474100,311
1658475000,62
1658475900,38
1658476800,44
1658477700,310
1658478600,176
1658479500,99
1658480400,507
1658481300,156
1658482200,425
1658483100,64
1658484000,61
1658484900,97
1658485800,74
1658486700,84
1658487600,99
1658488500,111
1658489400,81
1658490300,125
1658491200,114
1658492100,117
1658493000,91
1658493900,71
1658494800,136
1658495700,108
1658496600,110
1658497500,105
1658498400,131
1658499300,106
1658500200,124
1658501100,146
1658502000,157
1658502900,117
1658503800,94
1658504700,96
1658505600,88
1658506500,112
1658507400,91
1658508300,146
1658509200,96
1658510100,112
1658511000,174
1658511900,136
1658512800,134
1658513700,162
1658514600,160
1658515500,170
1658516400,169
1658517300,203
1658518200,171
1658519100,165
1658520000,172
1658520900,167
1658521800,159
1658522700,139
1658523600,169
1658524500,133
1658525400,94
1658526300,95
1658527200,71
1658528100,62
1658529000,69
1658529900,78
1658530800,54
1658531700,52
1658532600,53
1658533500,61
1658534400,60
1658535300,70
1658536200,75
1658537100,52
1658538000,46
1658538900,56
1658539800,59
1658540700,52
1658541600,49
1658542500,57
1658543400,57
1658544300,48
1658545200,52
1658546100,61
1658547000,75
1658547900,81
1658548800,85
1658549700,229
1658550600,130
1658551500,56
1658552400,69
1658553300,101
1658554200,94
1658555100,117
1658556000,120
1658556900,116
1658557800,96
1658558700,82
1658559600,97
1658560500,100
1658561400,81
1658562300,127
1658563200,110
1658564100,99
1658565000,144
1658565900,189
1658566800,200
1658567700,216
1658568600,204
1658569500,96
1658570400,199
1658571300,184
1658572200,141
1658573100,174
1658574000,138
1658574900,127
1658575800,126
1658576700,94
1658577600,60
1658578500,67
1658579400,89
1658580300,87
1658581200,131
1658582100,119
1658583000,121
1658583900,232
1658584800,121
1658585700,173
1658586600,103
1658587500,90
1658588400,68
1658589300,90
1658590200,80
1658591100,92
1658592000,104
1658592900,122
1658593800,103
1658594700,132
1658595600,451
1658596500,224
1658597400,373
1658598300,177
1658599200,99
1658600100,102
1658601000,108
1658601900,91
1658602800,127
1658603700,127
1658604600,119
1658605500,104
1658606400,109
1658607300,94
1658608200,52
1658609100,40
1658610000,49
1658610900,106
1658611800,63
1658612700,61
1658613600,82
1658614500,75
1658615400,60
1658616300,65
1658617200,58
1658618100,53
1658619000,43
1658619900,52
1658620800,60
1658621700,55
1658622600,45
1658623500,49
1658624400,61
1658625300,46
1658626200,52
1658627100,70
1658628000,110
1658628900,84
1658629800,68
1658630700,51
1658631600,72
1658632500,57
1658633400,66
1658634300,56
1658635200,178
1658636100,66
1658637000,66
1658637900,69
1658638800,61
1658639700,43
1658640600,206
1658641500,103
1658642400,173
1658643300,133
1658644200,96
1658645100,166
1658646000,188
1658646900,190
1658647800,90
1658648700,120
1658649600,96
1658650500,128
1658651400,79
1658652300,197
1658653200,78
1658654100,86
1658655000,94
1658655900,114
1658656800,100
1658657700,102
1658658600,121
1658659500,118
1658660400,122
1658661300,124
1658662200,149
1658663100,410
1658664000,307
1658664900,131
1658665800,145
1658666700,135
1658667600,117
1658668500,106
1658669400,129
1658670300,108
1658671200,114
1658672100,115
1658673000,139
1658673900,138
1658674800,186
1658675700,173
1658676600,143
1658677500,116
1658678400,108
1658679300,129
1658680200,121
1658681100,130
1658682000,271
1658682900,313
1658683800,299
1658684700,369
1658685600,168
1658686500,177
1658687400,415
1658688300,175
1658689200,166
1658690100,691
1658691000,739
1658691900,733
1658692800,259
1658693700,247
1658694600,183
1658695500,158
1658696400,113
1658697300,108
1658698200,88
1658699100,92
1658700000,78
1658700900,89
1658701800,70
1658702700,82
1658703600,84
1658704500,97
1658705400,72
1658706300,64
1658707200,82
1658708100,61
1658709000,68
1658709900,70
1658710800,101
1658711700,75
1658712600,71
1658713500,62
1658714400,80
1658715300,60
1658716200,67
1658717100,69
1658718000,73
1658718900,67
1658719800,66
1658720700,82
1658721600,89
1658722500,98
1658723400,89
1658724300,530
1658725200,982
1658726100,856
1658727000,635
1658727900,349
1658728800,311
1658729700,147
1658730600,135
1658731500,121
1658732400,93
1658733300,89
1658734200,106
1658735100,99
1658736000,101
1658736900,136
1658737800,136
1658738700,229
1658739600,296
1658740500,258
1658741400,136
1658742300,139
1658743200,191
1658744100,146
1658745000,77
1658745900,75
1658746800,64
1658747700,152
1658748600,119
1658749500,145
1658750400,302
1658751300,139
1658752200,77
1658753100,65
1658754000,70
1658754900,66
1658755800,65
1658756700,67
1658757600,81
1658758500,66
1658759400,98
1658760300,88
1658761200,99
1658762100,71
1658763000,67
1658763900,73
1658764800,75
1658765700,71
1658766600,61
1658767500,78
1658768400,72
1658769300,71
1658770200,63
1658771100,83
1658772000,70
1658772900,82
1658773800,98
1658774700,105
1658775600,74
1658776500,71
1658777400,97
1658778300,99
1658779200,99
1658780100,87
1658781000,98
1658781900,128
1658782800,105
1658783700,88
1658784600,105
1658785500,78
1658786400,76
1658787300,87
1658788200,90
1658789100,82
1658790000,78
1658790900,84
1658791800,77
1658792700,79
1658793600,71
1658794500,88
1658795400,73
1658796300,91
1658797200,72
1658798100,110
1658799000,61
1658799900,58
1658800800,93
1658801700,64
1658802600,61
1658803500,50
1658804400,62
1658805300,56
1658806200,47
1658807100,41
1658808000,57
1658808900,55
1658809800,64
1658810700,55
1658811600,64
1658812500,44
1658813400,46
1658814300,140
1658815200,214
1658816100,76
1658817000,503
1658817900,293
1658818800,511
1658819700,88
1658820600,69
1658821500,83
1658822400,76
1658823300,76
1658824200,66
1658825100,87
1658826000,70
1658826900,76
1658827800,81
1658828700,105
1658829600,90
1658830500,94
1658831400,122
1658832300,124
1658833200,100
1658834100,70
1658835000,101
1658835900,116
1658836800,162
1658837700,126
1658838600,128
1658839500,110
1658840400,100
1658841300,68
1658842200,88
1658843100,71
1658844000,88
1658844900,88
1658845800,104
1658846700,102
1658847600,119
1658848500,120
1658849400,243
1658850300,66
1658851200,55
1658852100,77
1658853000,62
1658853900,66
1658854800,57
1658855700,83
1658856600,76
1658857500,81
1658858400,71
1658859300,77
1658860200,63
1658861100,59
1658862000,73
1658862900,72
1658863800,72
1658864700,61
1658865600,85
1658866500,73
1658867400,74
1658868300,66
1658869200,99
1658870100,71
1658871000,69
1658871900,49
1658872800,67
1658873700,42
1658874600,43
1658875500,49
1658876400,50
1658877300,108
1658878200,44
1658879100,56
1658880000,42
1658880900,58
1658881800,55
1658882700,76
1658883600,38
1658884500,47
1658885400,39
1658886300,60
1658887200,39
1658888100,45
1658889000,48
1658889900,51
1658890800,48
1658891700,45
1658892600,62
1658893500,59
1658894400,62
1658895300,46
1658896200,62
1658897100,37
1658898000,46
1658898900,39
1658899800,239
1658900700,118
1658901600,172
1658902500,69
1658903400,70
1658904300,273
1658905200,81
1658906100,104
1658907000,127
1658907900,326
1658908800,118
1658909700,83
1658910600,66
1658911500,533
1658912400,397
1658913300,316
1658914200,160
1658915100,114
1658916000,140
1658916900,156
1658917800,78
1658918700,96
1658919600,105
1658920500,218
1658921400,82
1658922300,70
1658923200,66
1658924100,76
1658925000,113
1658925900,150
1658926800,282
1658927700,652
1658928600,592
1658929500,502
1658930400,173
1658931300,487
1658932200,163
1658933100,131
1658934000,140
1658934900,474
1658935800,764
1658936700,717
1658937600,653
1658938500,544
1658939400,103
1658940300,97
1658941200,100
1658942100,87
1658943000,79
1658943900,76
1658944800,79
1658945700,66
1658946600,72
1658947500,76
1658948400,66
1658949300,76
1658950200,90
1658951100,86
1658952000,68
1658952900,130
1658953800,154
1658954700,107
1658955600,104
1658956500,116
1658957400,89
1658958300,81
1658959200,62
1658960100,65
1658961000,49
1658961900,55
1658962800,47
1658963700,66
1658964600,43
1658965500,52
1658966400,45
1658967300,63
1658968200,41
1658969100,52
1658970000,51
1658970900,57
1658971800,41
1658972700,62
1658973600,73
1658974500,65
1658975400,59
1658976300,61
1658977200,57
1658978100,61
1658979000,51
1658979900,53
1658980800,55
1658981700,44
1658982600,56
1658983500,215
1658984400,320
1658985300,253
1658986200,299
1658987100,402
1658988000,494
1658988900,277
1658989800,153
1658990700,102
1658991600,72
1658992500,139
1658993400,254
1658994300,405
1658995200,296
1658996100,566
1658997000,349
1658997900,153
1658998800,340
1658999700,158
1659000600,127
1659001500,269
1659002400,836
1659003300,338
1659004200,165
1659005100,208
1659006000,667
1659006900,241
1659007800,605
1659008700,193
1659009600,772
1659010500,870
1659011400,671
1659012300,365
1659013200,239
1659014100,222
1659015000,201
1659015900,183
1659016800,178
1659017700,134
1659018600,144
1659019500,125
1659020400,151
1659021300,126
1659022200,134
1659023100,124
1659024000,138
1659024900,114
1659025800,124
1659026700,126
1659027600,154
1659028500,134
1659029400,142
1659030300,140
1659031200,156
1659032100,323
1659033000,144
1659033900,170
1659034800,175
1659035700,172
1659036600,204
1659037500,208
1659038400,158
1659039300,138
1659040200,124
1659041100,147
1659042000,112
1659042900,119
1659043800,116
1659044700,149
1659045600,140
1659046500,135
1659047400,114
1659048300,92
1659049200,77
1659050100,62
1659051000,81
1659051900,73
1659052800,75
1659053700,58
1659054600,77
1659055500,63
1659056400,64
1659057300,61
1659058200,75
1659059100,66
1659060000,56
1659060900,67
1659061800,72
1659062700,64
1659063600,58
1659064500,71
1659065400,85
1659066300,87
1659067200,87
1659068100,87
1659069000,271
1659069900,79
1659070800,231
1659071700,99
1659072600,99
1659073500,82
1659074400,97
1659075300,135
1659076200,200
1659077100,206
1659078000,190
1659078900,120
1659079800,258
1659080700,809
1659081600,824
1659082500,594
1659083400,568
1659084300,574
1659085200,454
1659086100,170
1659087000,189
1659087900,616
1659088800,346
1659089700,1176
1659090600,770
1659091500,717
1659092400,684
1659093300,709
1659094200,677
1659095100,711
1659096000,396
1659096900,195
1659097800,193
1659098700,203
1659099600,188
1659100500,179
1659101400,185
1659102300,175
1659103200,141
1659104100,162
1659105000,157
1659105900,171
1659106800,206
1659107700,182
1659108600,202
1659109500,179
1659110400,163
1659111300,166
1659112200,182
1659113100,143
1659114000,131
1659114900,136
1659115800,136
1659116700,128
1659117600,113
1659118500,143
1659119400,123
1659120300,126
1659121200,137
1659122100,163
1659123000,174
1659123900,170
1659124800,157
1659125700,176
1659126600,135
1659127500,118
1659128400,131
1659129300,119
1659130200,101
1659131100,89
1659132000,110
1659132900,94
1659133800,85
1659134700,75
1659135600,97
1659136500,73
1659137400,80
1659138300,77
1659139200,93
1659140100,71
1659141000,82
1659141900,84
1659142800,85
1659143700,72
1659144600,80
1659145500,89
1659146400,81
1659147300,93
1659148200,96
1659149100,105
1659150000,92
1659150900,84
1659151800,91
1659152700,103
1659153600,110
1659154500,202
1659155400,172
1659156300,196
1659157200,96
1659158100,117
1659159000,110
1659159900,110
1659160800,106
1659161700,117
1659162600,97
1659163500,103
1659164400,96
1659165300,116
1659166200,93
1659167100,97
1659168000,98
1659168900,119
1659169800,113
1659170700,145
1659171600,143
1659172500,123
1659173400,174
1659174300,150
1659175200,194
1659176100,264
1659177000,250
1659177900,213
1659178800,222
1659179700,192
1659180600,162
1659181500,170
1659182400,175
1659183300,164
1659184200,193
1659185100,432
1659186000,379
1659186900,452
1659187800,301
1659188700,165
1659189600,171
1659190500,163
1659191400,183
1659192300,194
1659193200,192
1659194100,163
1659195000,112
1659195900,103
1659196800,99
1659197700,107
1659198600,81
1659199500,88
1659200400,94
1659201300,88
1659202200,83
1659203100,324
1659204000,135
1659204900,280
1659205800,185
1659206700,207
1659207600,186
1659208500,180
1659209400,144
1659210300,169
1659211200,147
1659212100,153
1659213000,138
1659213900,144
1659214800,123
1659215700,112
1659216600,99
1659217500,93
1659218400,85
1659219300,109
1659220200,127
1659221100,87
1659222000,79
1659222900,79
1659223800,70
1659224700,64
1659225600,68
1659226500,80
1659227400,67
1659228300,65
1659229200,77
1659230100,70
1659231000,68
1659231900,64
1659232800,83
1659233700,75
1659234600,87
1659235500,85
1659236400,244
1659237300,92
1659238200,89
1659239100,91
1659240000,226
1659240900,73
1659241800,154
1659242700,185
1659243600,112
1659244500,142
1659245400,263
1659246300,125
1659247200,203
1659248100,541
1659249000,202
1659249900,139
1659250800,143
1659251700,440
1659252600,302
1659253500,77
1659254400,75
1659255300,349
1659256200,150
1659257100,122
1659258000,322
1659258900,132
1659259800,167
1659260700,126
1659261600,136
1659262500,139
1659263400,203
1659264300,119
1659265200,121
1659266100,118
1659267000,170
1659267900,582
1659268800,223
1659269700,179
1659270600,295
1659271500,189
1659272400,156
1659273300,166
1659274200,176
1659275100,176
1659276000,153
1659276900,160
1659277800,170
1659278700,164
1659279600,158
1659280500,159
1659281400,153
1659282300,155
1659283200,160
1659284100,146
1659285000,195
1659285900,183
1659286800,186
1659287700,223
1659288600,157
1659289500,139
1659290400,162
1659291300,146
1659292200,150
1659293100,128
1659294000,217
1659294900,191
1659295800,214
1659296700,198
1659297600,338
1659298500,243
1659299400,131
1659300300,166
1659301200,368
1659302100,139
1659303000,291
1659303900,51
1659304800,46
1659305700,38
1659306600,56
1659307500,43
1659308400,45
1659309300,41
1659310200,57
1659311100,43
1659312000,42
1659312900,50
1659313800,52
1659314700,62
1659315600,57
1659316500,74
1659317400,43
1659318300,47
1659319200,40
1659320100,64
1659321000,53
1659321900,71
1659322800,67
1659323700,52
1659324600,49
1659325500,62
1659326400,67
1659327300,70
1659328200,62
1659329100,82
1659330000,187
1659330900,139
1659331800,232
1659332700,72
1659333600,134
1659334500,479
1659335400,43
1659336300,69
1659337200,53
1659338100,238
1659339000,99
1659339900,123
1659340800,140
1659341700,116
1659342600,123
1659343500,115
1659344400,194
1659345300,104
1659346200,118
1659347100,119
1659348000,113
1659348900,126
1659349800,122
1659350700,119
1659351600,302
1659352500,248
1659353400,179
1659354300,121
1659355200,99
1659356100,84
1659357000,103
1659357900,125
1659358800,136
1659359700,109
1659360600,87
1659361500,102
1659362400,233
1659363300,113
1659364200,118
1659365100,87
1659366000,144
1659366900,97
1659367800,61
1659368700,76
1659369600,57
1659370500,66
1659371400,72
1659372300,95
1659373200,72
1659374100,78
1659375000,81
1659375900,79
1659376800,64
1659377700,55
1659378600,76
1659379500,58
1659380400,64
1659381300,53
1659382200,81
1659383100,60
1659384000,59
1659384900,72
1659385800,54
1659386700,47
1659387600,38
1659388500,61
1659389400,57
1659390300,64
1659391200,56
1659392100,75
1659393000,57
1659393900,53
1659394800,56
1659395700,45
1659396600,80
1659397500,52
1659398400,62
1659399300,38
1659400200,48
1659401100,43
1659402000,57
1659402900,44
1659403800,40
1659404700,57
1659405600,43
1659406500,48
1659407400,37
1659408300,75
1659409200,53
1659410100,63
1659411000,59
1659411900,71
1659412800,53
1659413700,43
1659414600,59
1659415500,41
1659416400,48
1659417300,38
1659418200,61
1659419100,37
1659420000,47
1659420900,46
1659421800,51
1659422700,50
1659423600,95
1659424500,155
1659425400,115
1659426300,196
1659427200,117
1659428100,155
1659429000,154
1659429900,335
1659430800,445
1659431700,172
1659432600,214
1659433500,625
1659434400,308
1659435300,644
1659436200,246
1659437100,228
1659438000,126
1659438900,83
1659439800,86
1659440700,100
1659441600,74
1659442500,102
1659443400,97
1659444300,110
1659445200,82
1659446100,91
1659447000,102
1659447900,120
1659448800,111
1659449700,93
1659450600,99
1659451500,53
1659452400,63
1659453300,56
1659454200,65
1659455100,48
1659456000,56
1659456900,65
1659457800,55
1659458700,52
1659459600,55
1659460500,69
1659461400,47
1659462300,56
1659463200,61
1659464100,59
1659465000,56
1659465900,72
1659466800,77
1659467700,73
1659468600,66
1659469500,77
1659470400,74
1659471300,67
1659472200,71
1659473100,46
1659474000,40
1659474900,30
1659475800,44
1659476700,40
1659477600,39
1659478500,31
1659479400,52
1659480300,32
1659481200,119
1659482100,37
1659483000,54
1659483900,33
1659484800,37
1659485700,56
1659486600,58
1659487500,64
1659488400,50
1659489300,68
1659490200,48
1659491100,48
1659492000,36
1659492900,48
1659493800,29
1659494700,40
1659495600,48
1659496500,50
1659497400,47
1659498300,58
1659499200,46
1659500100,39
1659501000,30
1659501900,51
1659502800,427
1659503700,220
1659504600,343
1659505500,483
1659506400,399
1659507300,271
1659508200,89
1659509100,83
1659510000,77
1659510900,69
1659511800,83
1659512700,287
1659513600,86
1659514500,80
1659515400,85
1659516300,67
1659517200,245
1659518100,786
1659519000,941
1659519900,843
1659520800,655
1659521700,393
1659522600,189
1659523500,139
1659524400,149
1659525300,561
1659526200,1257
1659527100,1339
1659528000,661
1659528900,239
1659529800,108
1659530700,110
1659531600,114
1659532500,121
1659533400,177
1659534300,96
1659535200,123
1659536100,123
1659537000,118
1659537900,125
1659538800,153
1659539700,169
1659540600,201
1659541500,775
1659542400,750
1659543300,659
1659544200,208
1659545100,66
1659546000,56
1659546900,80
1659547800,56
1659548700,59
1659549600,51
1659550500,70
1659551400,48
1659552300,58
1659553200,60
1659554100,60
1659555000,48
1659555900,58
1659556800,64
1659557700,54
1659558600,58
1659559500,65
1659560400,88
1659561300,98
1659562200,89
1659563100,70
1659564000,55
1659564900,42
1659565800,61
1659566700,42
1659567600,48
1659568500,38
1659569400,60
1659570300,36
1659571200,46
1659572100,45
1659573000,49
1659573900,32
1659574800,38
1659575700,41
1659576600,45
1659577500,43
1659578400,61
1659579300,49
1659580200,50
1659581100,44
1659582000,53
1659582900,43
1659583800,32
1659584700,43
1659585600,35
1659586500,33
1659587400,29
1659588300,51
1659589200,330
1659590100,291
1659591000,47
1659591900,127
1659592800,50
1659593700,56
1659594600,76
1659595500,170
1659596400,310
1659597300,735
1659598200,666
1659599100,483
1659600000,560
1659600900,464
1659601800,836
1659602700,462
1659603600,537
1659604500,534
1659605400,180
1659606300,187
1659607200,134
1659608100,125
1659609000,118
1659609900,156
1659610800,139
1659611700,133
1659612600,126
1659613500,140
1659614400,132
1659615300,138
1659616200,152
1659617100,167
1659618000,130
1659618900,133
1659619800,136
1659620700,131
1659621600,120
1659622500,112
1659623400,111
1659624300,95
1659625200,99
1659626100,114
1659627000,115
1659627900,98
1659628800,118
1659629700,110
1659630600,114
1659631500,115
1659632400,131
1659633300,138
1659634200,170
1659635100,161
1659636000,149
1659636900,143
1659637800,165
1659638700,184
1659639600,194
1659640500,222
1659641400,204
1659642300,246
1659643200,267
1659644100,234
1659645000,189
1659645900,170
1659646800,158
1659647700,160
1659648600,114
1659649500,123
1659650400,102
1659651300,68
1659652200,86
1659653100,84
1659654000,72
1659654900,79
1659655800,86
1659656700,78
1659657600,78
1659658500,72
1659659400,92
1659660300,72
1659661200,77
1659662100,88
1659663000,78
1659663900,95
1659664800,88
1659665700,107
1659666600,100
1659667500,88
1659668400,101
1659669300,96
1659670200,77
1659671100,79
1659672000,78
1659672900,85
1659673800,69
1659674700,77
1659675600,244
1659676500,66
1659677400,246
1659678300,245
1659679200,379
1659680100,41
1659681000,44
1659681900,55
1659682800,66
1659683700,73
1659684600,71
1659685500,201
1659686400,69
1659687300,69
1659688200,72
1659689100,80
1659690000,71
1659690900,87
1659691800,198
1659692700,191
1659693600,137
1659694500,170
1659695400,234
1659696300,666
1659697200,184
1659698100,419
1659699000,407
1659699900,189
1659700800,501
1659701700,545
1659702600,494
1659703500,398
1659704400,302
1659705300,151
1659706200,149
1659707100,162
1659708000,100
1659708900,131
1659709800,75
1659710700,82
1659711600,606
1659712500,154
1659713400,112
1659714300,117
1659715200,141
1659716100,125
1659717000,123
1659717900,159
1659718800,169
1659719700,210
1659720600,167
1659721500,140
1659722400,145
1659723300,118
1659724200,160
1659725100,192
1659726000,118
1659726900,172
1659727800,154
1659728700,125
1659729600,70
1659730500,61
1659731400,68
1659732300,59
1659733200,53
1659734100,66
1659735000,99
1659735900,58
1659736800,68
1659737700,63
1659738600,78
1659739500,61
1659740400,82
1659741300,86
1659742200,77
1659743100,56
1659744000,62
1659744900,71
1659745800,59
1659746700,60
1659747600,53
1659748500,59
1659749400,44
1659750300,49
1659751200,54
1659752100,63
1659753000,76
1659753900,68
1659754800,63
1659755700,68
1659756600,55
1659757500,74
1659758400,77
1659759300,255
1659760200,114
1659761100,105
1659762000,101
1659762900,144
1659763800,95
1659764700,119
1659765600,213
1659766500,93
1659767400,232
1659768300,57
1659769200,52
1659770100,67
1659771000,50
1659771900,53
1659772800,65
1659773700,51
1659774600,61
1659775500,77
1659776400,75
1659777300,55
1659778200,73
1659779100,74
1659780000,76
1659780900,66
1659781800,91
1659782700,65
1659783600,75
1659784500,74
1659785400,81
1659786300,67
1659787200,81
1659788100,88
1659789000,80
1659789900,64
1659790800,82
1659791700,78
1659792600,72
1659793500,70
1659794400,87
1659795300,74
1659796200,70
1659797100,78
1659798000,79
1659798900,82
1659799800,85
1659800700,95
1659801600,65
1659802500,77
1659803400,531
1659804300,350
1659805200,235
1659806100,196
1659807000,115
1659807900,116
1659808800,103
1659809700,88
1659810600,112
1659811500,92
1659812400,111
1659813300,84
1659814200,113
1659815100,95
1659816000,95
1659816900,101
1659817800,80
1659818700,75
1659819600,82
1659820500,102
1659821400,69
1659822300,69
1659823200,61
1659824100,78
1659825000,59
1659825900,49
1659826800,57
1659827700,51
1659828600,51
1659829500,44
1659830400,66
1659831300,53
1659832200,69
1659833100,61
1659834000,70
1659834900,45
1659835800,51
1659836700,55
1659837600,54
1659838500,51
1659839400,45
1659840300,63
1659841200,45
1659842100,52
1659843000,50
1659843900,84
1659844800,57
1659845700,56
1659846600,49
1659847500,60
1659848400,43
1659849300,42
1659850200,48
1659851100,45
1659852000,41
1659852900,36
1659853800,59
1659854700,43
1659855600,59
1659856500,58
1659857400,61
1659858300,45
1659859200,53
1659860100,54
1659861000,59
1659861900,49
1659862800,47
1659863700,68
1659864600,59
1659865500,72
1659866400,75
1659867300,104
1659868200,80
1659869100,72
1659870000,71
1659870900,86
1659871800,216
1659872700,411
1659873600,215
1659874500,149
1659875400,145
1659876300,146
1659877200,191
1659878100,149
1659879000,163
1659879900,131
1659880800,154
1659881700,127
1659882600,134
1659883500,141
1659884400,139
1659885300,121
1659886200,122
1659887100,136
1659888000,156
1659888900,315
1659889800,348
1659890700,478
1659891600,250
1659892500,142
1659893400,137
1659894300,151
1659895200,259
1659896100,152
1659897000,179
1659897900,74
1659898800,67
1659899700,90
1659900600,103
1659901500,75
1659902400,67
1659903300,59
1659904200,64
1659905100,35
1659906000,46
1659906900,46
1659907800,51
1659908700,37
1659909600,45
1659910500,55
1659911400,46
1659912300,59
1659913200,58
1659914100,64
1659915000,102
1659915900,610
1659916800,90
1659917700,95
1659918600,79
1659919500,72
1659920400,71
1659921300,63
1659922200,49
1659923100,64
1659924000,84
1659924900,71
1659925800,57
1659926700,60
1659927600,65
1659928500,49
1659929400,58
1659930300,63
1659931200,60
1659932100,50
1659933000,57
1659933900,66
1659934800,66
1659935700,66
1659936600,80
1659937500,61
1659938400,57
1659939300,50
1659940200,65
1659941100,59
1659942000,50
1659942900,60
1659943800,71
1659944700,65
1659945600,59
1659946500,84
1659947400,86
1659948300,81
1659949200,59
1659950100,76
1659951000,77
1659951900,85
1659952800,76
1659953700,99
1659954600,82
1659955500,704
1659956400,603
1659957300,153
1659958200,124
1659959100,114
1659960000,299
1659960900,648
1659961800,292
1659962700,106
1659963600,100
1659964500,97
1659965400,85
1659966300,91
1659967200,238
1659968100,1123
1659969000,860
1659969900,749
1659970800,521
1659971700,168
1659972600,141
1659973500,214
1659974400,289
1659975300,751
1659976200,348
1659977100,167
1659978000,179
1659978900,150
1659979800,180
1659980700,160
1659981600,123
1659982500,85
1659983400,74
1659984300,71
1659985200,58
1659986100,71
1659987000,123
1659987900,80
1659988800,57
1659989700,70
1659990600,57
1659991500,49
1659992400,61
1659993300,67
1659994200,51
1659995100,36
1659996000,46
1659996900,52
1659997800,46
1659998700,37
1659999600,52
1660000500,47
1660001400,45
1660002300,43
1660003200,66
1660004100,63
1660005000,51
1660005900,47
1660006800,52
1660007700,45
1660008600,38
1660009500,54
1660010400,44
1660011300,46
1660012200,37
1660013100,60
1660014000,43
1660014900,102
1660015800,107
1660016700,65
1660017600,46
1660018500,38
1660019400,55
1660020300,45
1660021200,45
1660022100,38
1660023000,61
1660023900,38
1660024800,44
1660025700,45
1660026600,71
1660027500,59
1660028400,49
1660029300,54
1660030200,46
1660031100,45
1660032000,36
1660032900,63
1660033800,47
1660034700,55
1660035600,51
1660036500,66
1660037400,68
1660038300,89
1660039200,100
1660040100,77
1660041000,76
1660041900,68
1660042800,90
1660043700,67
1660044600,77
1660045500,311
1660046400,339
1660047300,107
1660048200,144
1660049100,169
1660050000,166
1660050900,427
1660051800,190
1660052700,84
1660053600,115
1660054500,98
1660055400,101
1660056300,103
1660057200,89
1660058100,150
1660059000,340
1660059900,296
1660060800,250
1660061700,533
1660062600,259
1660063500,255
1660064400,250
1660065300,455
1660066200,237
1660067100,393
1660068000,811
1660068900,491
1660069800,200
1660070700,169
1660071600,151
1660072500,135
1660073400,143
1660074300,154
1660075200,101
1660076100,106
1660077000,59
1660077900,141
1660078800,67
1660079700,65
1660080600,60
1660081500,60
1660082400,78
1660083300,70
1660084200,74
1660085100,66
1660086000,41
1660086900,33
1660087800,47
1660088700,42
1660089600,41
1660090500,35
1660091400,53
1660092300,66
1660093200,102
1660094100,111
1660095000,58
1660095900,384
1660096800,2150
1660097700,2160
1660098600,1916
1660099500,856
1660100400,1137
1660101300,896
1660102200,1133
1660103100,857
1660104000,867
1660104900,816
1660105800,1152
1660106700,1573
1660107600,665
1660108500,621
1660109400,1064
1660110300,1009
1660111200,717
1660112100,317
1660113000,90
1660113900,480
1660114800,735
1660115700,559
1660116600,677
1660117500,224
1660118400,105
1660119300,149
1660120200,161
1660121100,106
1660122000,241
1660122900,309
1660123800,613
1660124700,979
1660125600,636
1660126500,362
1660127400,456
1660128300,506
1660129200,283
1660130100,199
1660131000,101
1660131900,145
1660132800,124
1660133700,104
1660134600,117
1660135500,118
1660136400,123
1660137300,113
1660138200,120
1660139100,112
1660140000,94
1660140900,110
1660141800,91
1660142700,109
1660143600,115
1660144500,98
1660145400,104
1660146300,136
1660147200,117
1660148100,109
1660149000,163
1660149900,151
1660150800,247
1660151700,186
1660152600,191
1660153500,157
1660154400,143
1660155300,158
1660156200,165
1660157100,510
1660158000,849
1660158900,871
1660159800,785
1660160700,997
1660161600,526
1660162500,432
1660163400,111
1660164300,110
1660165200,107
1660166100,67
1660167000,74
1660167900,69
1660168800,85
1660169700,71
1660170600,74
1660171500,101
1660172400,63
1660173300,67
1660174200,65
1660175100,75
1660176000,70
1660176900,47
1660177800,59
1660178700,52
1660179600,48
1660180500,64
1660181400,74
1660182300,51
1660183200,42
1660184100,54
1660185000,59
1660185900,47
1660186800,51
1660187700,52
1660188600,69
1660189500,52
1660190400,59
1660191300,74
1660192200,172
1660193100,78
1660194000,90
1660194900,104
1660195800,154
1660196700,96
1660197600,133
1660198500,482
1660199400,534
1660200300,416
1660201200,529
1660202100,388
1660203000,464
1660203900,481
1660204800,465
1660205700,350
1660206600,181
1660207500,361
1660208400,482
1660209300,169
1660210200,129
1660211100,139
1660212000,140
1660212900,159
1660213800,170
1660214700,105
1660215600,131
1660216500,303
1660217400,528
1660218300,448
1660219200,361
1660220100,173
1660221000,122
1660221900,129
1660222800,144
1660223700,164
1660224600,236
1660225500,208
1660226400,165
1660227300,243
1660228200,696
1660229100,787
1660230000,766
1660230900,605
1660231800,546
1660232700,750
1660233600,855
1660234500,621
1660235400,556
1660236300,188
1660237200,204
1660238100,249
1660239000,179
1660239900,362
1660240800,695
1660241700,255
1660242600,473
1660243500,242
1660244400,264
1660245300,276
1660246200,319
1660247100,389
1660248000,297
1660248900,288
1660249800,298
1660250700,268
1660251600,260
1660252500,303
1660253400,266
1660254300,277
1660255200,261
1660256100,293
1660257000,431
1660257900,464
1660258800,425
1660259700,111
1660260600,91
1660261500,82
1660262400,87
1660263300,78
1660264200,70
1660265100,86
1660266000,82
1660266900,68
1660267800,75
1660268700,88
1660269600,72
1660270500,76
1660271400,71
1660272300,98
1660273200,82
1660274100,76
1660275000,70
1660275900,60
1660276800,63
1660277700,56
1660278600,68
1660279500,57
1660280400,92
1660281300,375
1660282200,373
1660283100,152
1660284000,95
1660284900,235
1660285800,492
1660286700,424
1660287600,460
1660288500,455
1660289400,378
1660290300,374
1660291200,715
1660292100,379
1660293000,375
1660293900,347
1660294800,130
1660295700,193
1660296600,295
1660297500,182
1660298400,423
1660299300,900
1660300200,364
1660301100,286
1660302000,144
1660302900,150
1660303800,216
1660304700,240
1660305600,129
1660306500,128
1660307400,135
1660308300,157
1660309200,114
1660310100,127
1660311000,131
1660311900,154
1660312800,163
1660313700,175
1660314600,152
1660315500,161
1660316400,177
1660317300,164
1660318200,151
1660319100,165
1660320000,194
1660320900,189
1660321800,194
1660322700,184
1660323600,177
1660324500,135
1660325400,185
1660326300,230
1660327200,245
1660328100,217
1660329000,207
1660329900,208
1660330800,120
1660331700,83
1660332600,66
1660333500,73
1660334400,77
1660335300,70
1660336200,56
1660337100,51
1660338000,65
1660338900,52
1660339800,111
1660340700,91
1660341600,114
1660342500,43
1660343400,55
1660344300,53
1660345200,65
1660346100,44
1660347000,53
1660347900,58
1660348800,61
1660349700,52
1660350600,44
1660351500,60
1660352400,50
1660353300,51
1660354200,45
1660355100,79
1660356000,65
1660356900,67
1660357800,44
1660358700,65
1660359600,48
1660360500,57
1660361400,54
1660362300,66
1660363200,78
1660364100,80
1660365000,87
1660365900,102
1660366800,255
1660367700,255
1660368600,295
1660369500,212
1660370400,561
1660371300,424
1660372200,258
1660373100,89
1660374000,79
1660374900,90
1660375800,121
1660376700,110
1660377600,120
1660378500,116
1660379400,109
1660380300,127
1660381200,102
1660382100,148
1660383000,1005
1660383900,489
1660384800,302
1660385700,209
1660386600,140
1660387500,160
1660388400,159
1660389300,199
1660390200,185
1660391100,143
1660392000,129
1660392900,107
1660393800,165
1660394700,117
1660395600,120
1660396500,145
1660397400,123
1660398300,109
1660399200,106
1660400100,103
1660401000,133
1660401900,143
1660402800,154
1660403700,201
1660404600,162
1660405500,150
1660406400,137
1660407300,155
1660408200,154
1660409100,155
1660410000,168
1660410900,194
1660411800,154
1660412700,156
1660413600,153
1660414500,281
1660415400,453
1660416300,404
1660417200,513
1660418100,157
1660419000,174
1660419900,122
1660420800,108
1660421700,123
1660422600,92
1660423500,61
1660424400,55
1660425300,64
1660426200,70
1660427100,64
1660428000,64
1660428900,61
1660429800,55
1660430700,81
1660431600,53
1660432500,61
1660433400,41
1660434300,44
1660435200,50
1660436100,51
1660437000,38
1660437900,47
1660438800,69
1660439700,66
1660440600,49
1660441500,47
1660442400,56
1660443300,43
1660444200,42
1660445100,41
1660446000,61
1660446900,55
1660447800,52
1660448700,47
1660449600,229
1660450500,67
1660451400,160
1660452300,62
1660453200,99
1660454100,138
1660455000,178
1660455900,139
1660456800,98
1660457700,140
1660458600,188
1660459500,147
1660460400,81
1660461300,100
1660462200,103
1660463100,123
1660464000,81
1660464900,85
1660465800,248
1660466700,190
1660467600,135
1660468500,153
1660469400,137
1660470300,167
1660471200,174
1660472100,408
1660473000,635
1660473900,207
1660474800,121
1660475700,214
1660476600,176
1660477500,647
1660478400,182
1660479300,544
1660480200,145
1660481100,303
1660482000,140
1660482900,172
1660483800,478
1660484700,681
1660485600,629
1660486500,232
1660487400,168
1660488300,169
1660489200,173
1660490100,224
1660491000,1108
1660491900,950
1660492800,743
1660493700,476
1660494600,170
1660495500,153
1660496400,145
1660497300,172
1660498200,161
1660499100,142
1660500000,158
1660500900,165
1660501800,174
1660502700,174
1660503600,211
1660504500,192
1660505400,164
1660506300,136
1660507200,126
1660508100,108
1660509000,81
1660509900,84
1660510800,91
1660511700,84
1660512600,74
1660513500,87
1660514400,89
1660515300,92
1660516200,111
1660517100,156
1660518000,142
1660518900,111
1660519800,117
1660520700,118
1660521600,129
1660522500,110
1660523400,117
1660524300,118
1660525200,121
1660526100,96
1660527000,79
1660527900,90
1660528800,95
1660529700,96
1660530600,89
1660531500,107
1660532400,91
1660533300,95
1660534200,73
1660535100,97
1660536000,71
1660536900,82
1660537800,74
1660538700,95
1660539600,73
1660540500,223
1660541400,215
1660542300,314
1660543200,408
1660544100,137
1660545000,280
1660545900,162
1660546800,90
1660547700,71
1660548600,75
1660549500,148
1660550400,492
1660551300,428
1660552200,319
1660553100,219
1660554000,130
1660554900,164
1660555800,677
1660556700,171
1660557600,569
1660558500,127
1660559400,132
1660560300,125
1660561200,113
1660562100,112
1660563000,148
1660563900,139
1660564800,168
1660565700,152
1660566600,148
1660567500,111
1660568400,117
1660569300,157
1660570200,166
1660571100,226
1660572000,279
1660572900,222
1660573800,152
1660574700,82
1660575600,85
1660576500,84
1660577400,73
1660578300,89
1660579200,64
1660580100,66
1660581000,61
1660581900,79
1660582800,63
1660583700,61
1660584600,70
1660585500,69
1660586400,68
1660587300,56
1660588200,104
1660589100,186
1660590000,133
1660590900,125
1660591800,105
1660592700,95
1660593600,87
1660594500,105
1660595400,91
1660596300,81
1660597200,76
1660598100,112
1660599000,88
1660599900,115
1660600800,58
1660601700,65
1660602600,39
1660603500,41
1660604400,46
1660605300,49
1660606200,43
1660607100,37
1660608000,56
1660608900,40
1660609800,45
1660610700,34
1660611600,87
1660612500,80
1660613400,85
1660614300,69
1660615200,70
1660616100,50
1660617000,57
1660617900,58
1660618800,62
1660619700,55
1660620600,50
1660621500,70
1660622400,52
1660623300,100
1660624200,98
1660625100,106
1660626000,51
1660626900,57
1660627800,53
1660628700,218
1660629600,48
1660630500,80
1660631400,83
1660632300,111
1660633200,80
1660634100,63
1660635000,80
1660635900,60
1660636800,66
1660637700,65
1660638600,276
1660639500,154
1660640400,110
1660641300,190
1660642200,171
1660643100,126
1660644000,138
1660644900,167
1660645800,156
1660646700,148
1660647600,108
1660648500,102
1660649400,79
1660650300,76
1660651200,76
1660652100,87
1660653000,77
1660653900,95
1660654800,99
1660655700,83
1660656600,71
1660657500,77
1660658400,90
1660659300,73
1660660200,76
1660661100,75
1660662000,88
1660662900,69
1660663800,77
1660664700,70
1660665600,79
1660666500,75
1660667400,83
1660668300,74
1660669200,66
1660670100,59
1660671000,69
1660671900,113
1660672800,120
1660673700,138
1660674600,166
1660675500,134
1660676400,115
1660677300,108
1660678200,103
1660679100,90
1660680000,81
1660680900,99
1660681800,84
1660682700,78
1660683600,76
1660684500,71
1660685400,57
1660686300,56
1660687200,65
1660688100,76
1660689000,68
1660689900,43
1660690800,59
1660691700,50
1660692600,52
1660693500,42
1660694400,65
1660695300,43
1660696200,50
1660697100,44
1660698000,80
1660698900,62
1660699800,63
1660700700,55
1660701600,52
1660702500,50
1660703400,42
1660704300,66
1660705200,42
1660706100,50
1660707000,50
1660707900,67
1660708800,46
1660709700,64
1660710600,72
1660711500,71
1660712400,215
1660713300,51
1660714200,155
1660715100,585
1660716000,795
1660716900,211
1660717800,490
1660718700,105
1660719600,174
1660720500,168
1660721400,357
1660722300,102
1660723200,503
1660724100,1154
1660725000,890
1660725900,1008
1660726800,620
1660727700,509
1660728600,241
1660729500,146
1660730400,409
1660731300,194
1660732200,189
1660733100,582
1660734000,187
1660734900,552
1660735800,571
1660736700,647
1660737600,444
1660738500,144
1660739400,177
1660740300,168
1660741200,188
1660742100,184
1660743000,126
1660743900,121
1660744800,116
1660745700,147
1660746600,150
1660747500,140
1660748400,146
1660749300,157
1660750200,170
1660751100,681
1660752000,768
1660752900,725
1660753800,538
1660754700,141
1660755600,193
1660756500,266
1660757400,166
1660758300,250
1660759200,172
1660760100,193
1660761000,220
1660761900,208
1660762800,222
1660763700,183
1660764600,242
1660765500,173
1660766400,154
1660767300,99
1660768200,86
1660769100,106
1660770000,95
1660770900,87
1660771800,74
1660772700,96
1660773600,72
1660774500,75
1660775400,64
1660776300,79
1660777200,65
1660778100,63
1660779000,103
1660779900,98
1660780800,116
1660781700,87
1660782600,82
1660783500,51
1660784400,61
1660785300,64
1660786200,63
1660787100,58
1660788000,58
1660788900,76
1660789800,55
1660790700,62
1660791600,65
1660792500,93
1660793400,85
1660794300,93
1660795200,75
1660796100,60
1660797000,58
1660797900,62
1660798800,245
1660799700,49
1660800600,78
1660801500,74
1660802400,88
1660803300,149
1660804200,100
1660805100,116
1660806000,84
1660806900,95
1660807800,230
1660808700,78
1660809600,63
1660810500,78
1660811400,188
1660812300,638
1660813200,403
1660814100,133
1660815000,75
1660815900,436
1660816800,282
1660817700,160
1660818600,152
1660819500,688
1660820400,180
1660821300,576
1660822200,116
1660823100,180
1660824000,141
1660824900,109
1660825800,114
1660826700,93
1660827600,97
1660828500,92
1660829400,185
1660830300,159
1660831200,115
1660832100,137
1660833000,122
1660833900,129
1660834800,134
1660835700,138
1660836600,103
1660837500,114
1660838400,368
1660839300,282
1660840200,597
1660841100,184
1660842000,180
1660842900,168
1660843800,199
1660844700,287
1660845600,248
1660846500,151
1660847400,149
1660848300,118
1660849200,114
1660850100,122
1660851000,124
1660851900,120
1660852800,109
1660853700,133
1660854600,99
1660855500,95
1660856400,96
1660857300,114
1660858200,112
1660859100,114
1660860000,78
1660860900,56
1660861800,61
1660862700,62
1660863600,58
1660864500,34
1660865400,43
1660866300,49
1660867200,43
1660868100,34
1660869000,50
1660869900,65
1660870800,54
1660871700,48
1660872600,50
1660873500,43
1660874400,34
1660875300,49
1660876200,42
1660877100,42
1660878000,34
1660878900,61
1660879800,43
1660880700,56
1660881600,74
1660882500,80
1660883400,232
1660884300,75
1660885200,92
1660886100,72
1660887000,142
1660887900,104
1660888800,64
1660889700,61
1660890600,70
1660891500,72
1660892400,87
1660893300,67
1660894200,78
1660895100,68
1660896000,65
1660896900,61
1660897800,77
1660898700,63
1660899600,58
1660900500,74
1660901400,95
1660902300,99
1660903200,139
1660904100,421
1660905000,92
1660905900,115
1660906800,123
1660907700,147
1660908600,124
1660909500,127
1660910400,123
1660911300,122
1660912200,127
1660913100,127
1660914000,177
1660914900,559
1660915800,232
1660916700,544
1660917600,161
1660918500,162
1660919400,160
1660920300,161
1660921200,171
1660922100,167
1660923000,213
1660923900,182
1660924800,195
1660925700,210
1660926600,206
1660927500,209
1660928400,180
1660929300,189
1660930200,146
1660931100,138
1660932000,156
1660932900,207
1660933800,198
1660934700,208
1660935600,217
1660936500,218
1660937400,401
1660938300,399
1660939200,486
1660940100,180
1660941000,85
1660941900,91
1660942800,75
1660943700,67
1660944600,72
1660945500,78
1660946400,69
1660947300,60
1660948200,72
1660949100,90
1660950000,80
1660950900,85
1660951800,68
1660952700,67
1660953600,53
1660954500,62
1660955400,75
1660956300,57
1660957200,63
1660958100,60
1660959000,80
1660959900,61
1660960800,86
1660961700,88
1660962600,82
1660963500,67
1660964400,90
1660965300,116
1660966200,73
1660967100,71
1660968000,97
1660968900,100
1660969800,75
1660970700,219
1660971600,382
1660972500,195
1660973400,71
1660974300,109
1660975200,115
1660976100,142
1660977000,172
1660977900,331
1660978800,385
1660979700,463
1660980600,198
1660981500,363
1660982400,183
1660983300,281
1660984200,280
1660985100,503
1660986000,339
1660986900,660
1660987800,193
1660988700,143
1660989600,353
1660990500,222
1660991400,149
1660992300,154
1660993200,161
1660994100,146
1660995000,118
1660995900,132
1660996800,127
1660997700,506
1660998600,714
1660999500,377
1661000400,543
1661001300,154
1661002200,517
1661003100,111
1661004000,134
1661004900,113
1661005800,93
1661006700,89
1661007600,100
1661008500,88
1661009400,89
1661010300,106
1661011200,89
1661012100,97
1661013000,85
1661013900,82
1661014800,72
1661015700,96
1661016600,72
1661017500,82
1661018400,90
1661019300,79
1661020200,78
1661021100,99
1661022000,161
1661022900,139
1661023800,173
1661024700,130
1661025600,125
1661026500,149
1661027400,237
1661028300,89
1661029200,77
1661030100,86
1661031000,59
1661031900,55
1661032800,60
1661033700,42
1661034600,34
1661035500,45
1661036400,42
1661037300,42
1661038200,31
1661039100,75
1661040000,37
1661040900,58
1661041800,61
1661042700,56
1661043600,34
1661044500,44
1661045400,48
1661046300,37
1661047200,39
1661048100,48
1661049000,41
1661049900,34
1661050800,49
1661051700,54
1661052600,60
1661053500,45
1661054400,194
1661055300,52
1661056200,123
1661057100,97
1661058000,145
1661058900,111
1661059800,163
1661060700,75
1661061600,128
1661062500,69
1661063400,406
1661064300,752
1661065200,756
1661066100,659
1661067000,318
1661067900,69
1661068800,108
1661069700,101
1661070600,108
1661071500,154
1661072400,142
1661073300,115
1661074200,98
1661075100,229
1661076000,142
1661076900,106
1661077800,122
1661078700,124
1661079600,137
1661080500,107
1661081400,352
1661082300,295
1661083200,103
1661084100,89
1661085000,101
1661085900,95
1661086800,86
1661087700,76
1661088600,101
1661089500,92
1661090400,93
1661091300,86
1661092200,110
1661093100,86
1661094000,110
1661094900,135
1661095800,161
1661096700,132
1661097600,119
1661098500,124
1661099400,110
1661100300,274
1661101200,140
1661102100,206
1661103000,173
1661103900,151
1661104800,239
1661105700,250
1661106600,217
1661107500,212
1661108400,178
1661109300,180
1661110200,138
1661111100,152
1661112000,139
1661112900,136
1661113800,97
1661114700,90
1661115600,80
1661116500,83
1661117400,112
1661118300,68
1661119200,44
1661120100,38
1661121000,53
1661121900,35
1661122800,41
1661123700,53
1661124600,41
1661125500,40
1661126400,42
1661127300,53
1661128200,50
1661129100,60
1661130000,59
1661130900,44
1661131800,35
1661132700,47
1661133600,47
1661134500,43
1661135400,46
1661136300,67
1661137200,63
1661138100,55
1661139000,71
1661139900,116
1661140800,101
1661141700,229
1661142600,317
1661143500,349
1661144400,80
1661145300,96
1661146200,175
1661147100,112
1661148000,623
1661148900,326
1661149800,122
1661150700,113
1661151600,134
1661152500,667
1661153400,778
1661154300,700
1661155200,189
1661156100,73
1661157000,62
1661157900,69
1661158800,84
1661159700,80
1661160600,78
1661161500,103
1661162400,118
1661163300,528
1661164200,828
1661165100,630
1661166000,544
1661166900,310
1661167800,142
1661168700,105
1661169600,92
1661170500,84
1661171400,105
1661172300,77
1661173200,95
1661174100,171
1661175000,210
1661175900,216
1661176800,207
1661177700,227
1661178600,208
1661179500,208
1661180400,189
1661181300,207
1661182200,113
1661183100,120
1661184000,134
1661184900,124
1661185800,111
1661186700,204
1661187600,170
1661188500,128
1661189400,148
1661190300,117
1661191200,133
1661192100,125
1661193000,172
1661193900,105
1661194800,127
1661195700,106
1661196600,85
1661197500,67
1661198400,74
1661199300,61
1661200200,51
1661201100,71
1661202000,58
1661202900,61
1661203800,50
1661204700,53
1661205600,39
1661206500,49
1661207400,54
1661208300,48
1661209200,39
1661210100,58
1661211000,47
1661211900,46
1661212800,59
1661213700,76
1661214600,51
1661215500,42
1661216400,54
1661217300,76
1661218200,75
1661219100,49
1661220000,71
1661220900,49
1661221800,50
1661222700,42
1661223600,67
1661224500,55
1661225400,64
1661226300,45
1661227200,57
1661228100,46
1661229000,45
1661229900,72
1661230800,55
1661231700,311
1661232600,856
1661233500,676
1661234400,416
1661235300,592
1661236200,483
1661237100,569
1661238000,209
1661238900,66
1661239800,52
1661240700,75
1661241600,55
1661242500,326
1661243400,466
1661244300,383
1661245200,293
1661246100,411
1661247000,412
1661247900,310
1661248800,201
1661249700,187
1661250600,213
1661251500,190
1661252400,163
1661253300,150
1661254200,106
1661255100,105
1661256000,146
1661256900,152
1661257800,190
1661258700,547
1661259600,194
1661260500,507
1661261400,150
1661262300,119
1661263200,110
1661264100,133
1661265000,107
1661265900,112
1661266800,111
1661267700,131
1661268600,100
1661269500,99
1661270400,102
1661271300,108
1661272200,89
1661273100,172
1661274000,183
1661274900,138
1661275800,116
1661276700,118
1661277600,122
1661278500,100
1661279400,121
1661280300,148
1661281200,169
1661282100,133
1661283000,138
1661283900,151
1661284800,143
1661285700,128
1661286600,128
1661287500,223
1661288400,115
1661289300,71
1661290200,73
1661291100,53
1661292000,54
1661292900,51
1661293800,67
1661294700,56
1661295600,62
1661296500,73
1661297400,73
1661298300,56
1661299200,47
1661300100,64
1661301000,54
1661301900,52
1661302800,43
1661303700,67
1661304600,42
1661305500,51
1661306400,46
1661307300,69
1661308200,66
1661309100,70
1661310000,53
1661310900,52
1661311800,42
1661312700,45
1661313600,63
1661314500,42
1661315400,49
1661316300,47
1661317200,55
1661318100,196
1661319000,89
1661319900,212
1661320800,219
1661321700,82
1661322600,89
1661323500,310
1661324400,107
1661325300,129
1661326200,145
1661327100,118
1661328000,123
1661328900,441
1661329800,507
1661330700,506
1661331600,400
1661332500,447
1661333400,126
1661334300,121
1661335200,96
1661336100,117
1661337000,101
1661337900,283
1661338800,328
1661339700,336
1661340600,173
1661341500,548
1661342400,261
1661343300,578
1661344200,140
1661345100,335
1661346000,196
1661346900,135
1661347800,127
1661348700,152
1661349600,139
1661350500,119
1661351400,387
1661352300,176
1661353200,298
1661354100,154
1661355000,131
1661355900,111
1661356800,130
1661357700,169
1661358600,95
1661359500,62
1661360400,61
1661361300,59
1661362200,73
1661363100,62
1661364000,54
1661364900,73
1661365800,60
1661366700,68
1661367600,70
1661368500,93
1661369400,56
1661370300,63
1661371200,60
1661372100,72
1661373000,43
1661373900,75
1661374800,74
1661375700,55
1661376600,36
1661377500,47
1661378400,57
1661379300,58
1661380200,55
1661381100,52
1661382000,47
1661382900,36
1661383800,44
1661384700,51
1661385600,44
1661386500,35
1661387400,53
1661388300,43
1661389200,45
1661390100,35
1661391000,74
1661391900,51
1661392800,53
1661393700,38
1661394600,54
1661395500,35
1661396400,44
1661397300,50
1661398200,53
1661399100,48
1661400000,98
1661400900,57
1661401800,42
1661402700,72
1661403600,214
1661404500,87
1661405400,300
1661406300,353
1661407200,347
1661408100,77
1661409000,59
1661409900,54
1661410800,57
1661411700,56
1661412600,46
1661413500,68
1661414400,51
1661415300,53
1661416200,59
1661417100,83
1661418000,66
1661418900,49
1661419800,77
1661420700,72
1661421600,75
1661422500,66
1661423400,90
1661424300,69
1661425200,135
1661426100,86
1661427000,110
1661427900,101
1661428800,88
1661429700,81
1661430600,77
1661431500,71
1661432400,86
1661433300,136
1661434200,84
1661435100,95
1661436000,96
1661436900,99
1661437800,76
1661438700,67
1661439600,84
1661440500,53
1661441400,64
1661442300,67
1661443200,67
1661444100,113
1661445000,102
1661445900,121
1661446800,110
1661447700,119
1661448600,137
1661449500,268
1661450400,500
1661451300,369
1661452200,324
1661453100,113
1661454000,108
1661454900,121
1661455800,144
1661456700,115
1661457600,115
1661458500,123
1661459400,89
1661460300,78
1661461200,88
1661462100,86
1661463000,79
1661463900,73
1661464800,82
1661465700,59
1661466600,52
1661467500,64
1661468400,58
1661469300,44
1661470200,39
1661471100,55
1661472000,45
1661472900,37
1661473800,48
1661474700,46
1661475600,43
1661476500,35
1661477400,50
1661478300,42
1661479200,34
1661480100,43
1661481000,43
1661481900,40
1661482800,47
1661483700,67
1661484600,62
1661485500,53
1661486400,56
1661487300,44
1661488200,42
1661489100,37
1661490000,206
1661490900,79
1661491800,92
1661492700,59
1661493600,157
1661494500,265
1661495400,647
1661496300,278
1661497200,211
1661498100,50
1661499000,233
1661499900,215
1661500800,186
1661501700,41
1661502600,89
1661503500,919
1661504400,977
1661505300,1026
1661506200,321
1661507100,538
1661508000,324
1661508900,256
1661509800,226
1661510700,122
1661511600,72
1661512500,67
1661513400,102
1661514300,95
1661515200,102
1661516100,151
1661517000,104
1661517900,120
1661518800,115
1661519700,143
1661520600,116
1661521500,142
1661522400,306
1661523300,167
1661524200,173
1661525100,160
1661526000,165
1661526900,162
1661527800,142
1661528700,222
1661529600,230
1661530500,210
1661531400,217
1661532300,212
1661533200,368
1661534100,227
1661535000,209
1661535900,209
1661536800,217
1661537700,212
1661538600,163
1661539500,185
1661540400,164
1661541300,175
1661542200,157
1661543100,147
1661544000,136
1661544900,142
1661545800,148
1661546700,119
1661547600,128
1661548500,142
1661549400,117
1661550300,101
1661551200,51
1661552100,48
1661553000,38
1661553900,54
1661554800,47
1661555700,46
1661556600,43
1661557500,56
1661558400,46
1661559300,39
1661560200,60
1661561100,40
1661562000,47
1661562900,60
1661563800,72
1661564700,53
1661565600,62
1661566500,70
1661567400,50
1661568300,43
1661569200,52
1661570100,49
1661571000,39
1661571900,47
1661572800,51
1661573700,46
1661574600,37
1661575500,65
1661576400,54
1661577300,205
1661578200,112
1661579100,200
1661580000,95
1661580900,101
1661581800,435
1661582700,626
1661583600,301
1661584500,126
1661585400,308
1661586300,119
1661587200,198
1661588100,484
1661589000,545
1661589900,413
1661590800,174
1661591700,124
1661592600,119
1661593500,213
1661594400,136
1661595300,198
1661596200,566
1661597100,220
1661598000,425
1661598900,136
1661599800,113
1661600700,153
1661601600,329
1661602500,771
1661603400,710
1661604300,687
1661605200,632
1661606100,155
1661607000,385
1661607900,424
1661608800,436
1661609700,142
1661610600,148
1661611500,133
1661612400,145
1661613300,158
1661614200,175
1661615100,159
1661616000,383
1661616900,204
1661617800,153
1661618700,151
1661619600,130
1661620500,148
1661621400,136
1661622300,127
1661623200,150
1661624100,143
1661625000,174
1661625900,262
1661626800,228
1661627700,196
1661628600,212
1661629500,79
1661630400,75
1661631300,91
1661632200,71
1661633100,58
1661634000,68
1661634900,60
1661635800,42
1661636700,59
1661637600,77
1661638500,91
1661639400,98
1661640300,65
1661641200,47
1661642100,52
1661643000,48
1661643900,46
1661644800,45
1661645700,54
1661646600,39
1661647500,62
1661648400,72
1661649300,57
1661650200,62
1661651100,66
1661652000,56
1661652900,37
1661653800,60
1661654700,42
1661655600,42
1661656500,54
1661657400,41
1661658300,57
1661659200,211
1661660100,73
1661661000,69
1661661900,87
1661662800,257
1661663700,290
1661664600,137
1661665500,110
1661666400,105
1661667300,161
1661668200,115
1661669100,95
1661670000,83
1661670900,97
1661671800,123
1661672700,346
1661673600,119
1661674500,293
1661675400,141
1661676300,180
1661677200,148
1661678100,582
1661679000,175
1661679900,551
1661680800,153
1661681700,126
1661682600,222
1661683500,264
1661684400,159
1661685300,140
1661686200,130
1661687100,109
1661688000,136
1661688900,113
1661689800,98
1661690700,99
1661691600,98
1661692500,106
1661693400,99
1661694300,123
1661695200,134
1661696100,224
1661697000,158
1661697900,160
1661698800,174
1661699700,138
1661700600,133
1661701500,182
1661702400,128
1661703300,121
1661704200,144
1661705100,148
1661706000,150
1661706900,167
1661707800,132
1661708700,159
1661709600,158
1661710500,163
1661711400,230
1661712300,252
1661713200,254
1661714100,199
1661715000,182
1661715900,99
1661716800,146
1661717700,166
1661718600,83
1661719500,69
1661720400,65
1661721300,79
1661722200,61
1661723100,71
1661724000,74
1661724900,66
1661725800,80
1661726700,93
1661727600,87
1661728500,77
1661729400,104
1661730300,75
1661731200,141
1661732100,72
1661733000,60
1661733900,56
1661734800,48
1661735700,58
1661736600,41
1661737500,50
1661738400,56
1661739300,54
1661740200,44
1661741100,61
1661742000,50
1661742900,48
1661743800,71
1661744700,66
1661745600,83
1661746500,71
1661747400,78
1661748300,58
1661749200,137
1661750100,215
1661751000,227
1661751900,381
1661752800,97
1661753700,115
1661754600,92
1661755500,94
1661756400,122
1661757300,493
1661758200,256
1661759100,175
1661760000,369
1661760900,386
1661761800,370
1661762700,305
1661763600,196
1661764500,261
1661765400,155
1661766300,161
1661767200,148
1661768100,142
1661769000,150
1661769900,143
1661770800,149
1661771700,244
1661772600,161
1661773500,186
1661774400,416
1661775300,415
1661776200,192
1661777100,204
1661778000,225
1661778900,185
1661779800,208
1661780700,249
1661781600,279
1661782500,288
1661783400,289
1661784300,286
1661785200,263
1661786100,239
1661787000,226
1661787900,323
1661788800,712
1661789700,254
1661790600,263
1661791500,246
1661792400,255
1661793300,289
1661794200,294
1661795100,294
1661796000,277
1661796900,267
1661797800,256
1661798700,261
1661799600,271
1661800500,466
1661801400,709
1661802300,514
1661803200,520
1661804100,235
1661805000,199
1661805900,232
1661806800,240
1661807700,209
1661808600,218
1661809500,175
1661810400,149
1661811300,92
1661812200,101
1661813100,93
1661814000,122
1661814900,124
1661815800,110
1661816700,116
1661817600,112
1661818500,133
1661819400,111
1661820300,115
1661821200,93
1661822100,109
1661823000,109
1661823900,102
1661824800,94
1661825700,98
1661826600,105
1661827500,111
1661828400,106
1661829300,122
1661830200,127
1661831100,112
1661832000,133
1661832900,105
1661833800,107
1661834700,102
1661835600,112
1661836500,128
1661837400,206
1661838300,134
1661839200,413
1661840100,152
1661841000,290
1661841900,177
1661842800,76
1661843700,86
1661844600,69
1661845500,95
1661846400,81
1661847300,78
1661848200,71
1661849100,94
1661850000,174
1661850900,215
1661851800,296
1661852700,223
1661853600,592
1661854500,446
1661855400,602
1661856300,256
1661857200,175
1661858100,98
1661859000,97
1661859900,123
1661860800,172
1661861700,159
1661862600,153
1661863500,160
1661864400,195
1661865300,169
1661866200,127
1661867100,130
1661868000,113
1661868900,92
1661869800,91
1661870700,94
1661871600,68
1661872500,68
1661873400,80
1661874300,87
1661875200,105
1661876100,84
1661877000,87
1661877900,76
1661878800,86
1661879700,82
1661880600,85
1661881500,63
1661882400,70
1661883300,76
1661884200,206
1661885100,168
1661886000,118
1661886900,109
1661887800,103
1661888700,110
1661889600,136
1661890500,123
1661891400,84
1661892300,84
1661893200,93
1661894100,101
1661895000,81
1661895900,73
1661896800,61
1661897700,60
1661898600,51
1661899500,52
1661900400,66
1661901300,45
1661902200,52
1661903100,40
1661904000,51
1661904900,56
1661905800,96
1661906700,71
1661907600,69
1661908500,56
1661909400,74
1661910300,78
1661911200,68
1661912100,61
1661913000,58
1661913900,67
1661914800,88
1661915700,111
1661916600,94
1661917500,94
1661918400,85
1661919300,91
1661920200,85
1661921100,67
1661922000,54
1661922900,200
1661923800,58
1661924700,84
1661925600,67
1661926500,61
1661927400,58
1661928300,91
1661929200,395
1661930100,548
1661931000,264
1661931900,120
1661932800,129
1661933700,113
1661934600,137
1661935500,123
1661936400,439
1661937300,124
1661938200,137
1661939100,147
1661940000,146
1661940900,130
1661941800,131
1661942700,132
1661943600,151
1661944500,163
1661945400,186
1661946300,173
1661947200,590
1661948100,257
1661949000,507
1661949900,105
1661950800,93
1661951700,126
1661952600,135
1661953500,178
1661954400,162
1661955300,236
1661956200,152
1661957100,142
1661958000,151
1661958900,108
1661959800,94
1661960700,81
1661961600,515
1661962500,627
1661963400,792
1661964300,494
1661965200,100
1661966100,98
1661967000,93
1661967900,116
1661968800,432
1661969700,695
1661970600,631
1661971500,336
1661972400,208
1661973300,148
1661974200,130
1661975100,80
1661976000,82
1661976900,65
1661977800,97
1661978700,88
1661979600,84
1661980500,46
1661981400,46
1661982300,46
1661983200,41
1661984100,60
1661985000,55
1661985900,49
1661986800,39
1661987700,50
1661988600,41
1661989500,63
1661990400,58
1661991300,43
1661992200,86
1661993100,80
1661994000,91
1661994900,97
1661995800,88
1661996700,69
1661997600,74
1661998500,53
1661999400,78
1662000300,72
1662001200,64
1662002100,58
1662003000,56
1662003900,72
1662004800,77
1662005700,95
1662006600,64
1662007500,93
1662008400,135
1662009300,90
1662010200,271
1662011100,141
1662012000,128
1662012900,128
1662013800,96
1662014700,117
1662015600,137
1662016500,114
1662017400,82
1662018300,65
1662019200,73
1662020100,61
1662021000,90
1662021900,73
1662022800,71
1662023700,61
1662024600,85
1662025500,84
1662026400,117
1662027300,97
1662028200,99
1662029100,163
1662030000,115
1662030900,117
1662031800,130
1662032700,119
1662033600,105
1662034500,110
1662035400,90
1662036300,118
1662037200,116
1662038100,108
1662039000,103
1662039900,103
1662040800,107
1662041700,111
1662042600,121
1662043500,101
1662044400,106
1662045300,95
1662046200,97
1662047100,103
1662048000,634
1662048900,294
1662049800,98
1662050700,135
1662051600,103
1662052500,112
1662053400,80
1662054300,80
1662055200,79
1662056100,62
1662057000,74
1662057900,76
1662058800,71
1662059700,59
1662060600,75
1662061500,154
1662062400,142
1662063300,115
1662064200,73
1662065100,67
1662066000,56
1662066900,66
1662067800,70
1662068700,95
1662069600,75
1662070500,73
1662071400,83
1662072300,74
1662073200,103
1662074100,85
1662075000,81
1662075900,67
1662076800,67
1662077700,69
1662078600,84
1662079500,71
1662080400,62
1662081300,67
1662082200,61
1662083100,70
1662084000,64
1662084900,53
1662085800,39
1662086700,47
1662087600,47
1662088500,64
1662089400,59
1662090300,52
1662091200,64
1662092100,54
1662093000,64
1662093900,73
1662094800,72
1662095700,45
1662096600,217
1662097500,66
1662098400,83
1662099300,163
1662100200,86
1662101100,515
1662102000,489
1662102900,668
1662103800,468
1662104700,462
1662105600,358
1662106500,399
1662107400,415
1662108300,596
1662109200,905
1662110100,695
1662111000,1094
1662111900,510
1662112800,901
1662113700,142
1662114600,154
1662115500,112
1662116400,117
1662117300,128
1662118200,129
1662119100,157
1662120000,186
1662120900,158
1662121800,202
1662122700,167
1662123600,117
1662124500,136
1662125400,114
1662126300,132
1662127200,129
1662128100,169
1662129000,180
1662129900,182
1662130800,172
1662131700,154
1662132600,125
1662133500,141
1662134400,153
1662135300,143
1662136200,130
1662137100,136
1662138000,132
1662138900,156
1662139800,163
1662140700,162
1662141600,175
1662142500,193
1662143400,209
1662144300,244
1662145200,217
1662146100,169
1662147000,134
1662147900,120
1662148800,117
1662149700,135
1662150600,133
1662151500,105
1662152400,114
1662153300,114
1662154200,105
1662155100,114
1662156000,108
1662156900,97
1662157800,98
1662158700,109
1662159600,120
1662160500,135
1662161400,131
1662162300,125
1662163200,118
1662164100,115
1662165000,117
1662165900,130
1662166800,101
1662167700,115
1662168600,139
1662169500,90
1662170400,92
1662171300,100
1662172200,77
1662173100,88
1662174000,54
1662174900,63
1662175800,65
1662176700,52
1662177600,46
1662178500,170
1662179400,102
1662180300,108
1662181200,106
1662182100,99
1662183000,108
1662183900,80
1662184800,110
1662185700,117
1662186600,130
1662187500,106
1662188400,157
1662189300,135
1662190200,123
1662191100,100
1662192000,95
1662192900,74
1662193800,82
1662194700,97
1662195600,189
1662196500,131
1662197400,160
1662198300,169
1662199200,167
1662200100,187
1662201000,182
1662201900,176
1662202800,155
1662203700,172
1662204600,165
1662205500,225
1662206400,264
1662207300,171
1662208200,152
1662209100,150
1662210000,142
1662210900,128
1662211800,96
1662212700,91
1662213600,150
1662214500,75
1662215400,88
1662216300,252
1662217200,121
1662218100,129
1662219000,136
1662219900,164
1662220800,164
1662221700,129
1662222600,131
1662223500,150
1662224400,152
1662225300,94
1662226200,127
1662227100,297
1662228000,161
1662228900,152
1662229800,190
1662230700,116
1662231600,131
1662232500,146
1662233400,148
1662234300,138
1662235200,126
1662236100,111
1662237000,121
1662237900,101
1662238800,86
1662239700,76
1662240600,68
1662241500,37
1662242400,60
1662243300,48
1662244200,46
1662245100,35
1662246000,46
1662246900,37
1662247800,64
1662248700,74
1662249600,71
1662250500,55
1662251400,66
1662252300,84
1662253200,81
1662254100,56
1662255000,44
1662255900,40
1662256800,42
1662257700,54
1662258600,55
1662259500,49
1662260400,47
1662261300,56
1662262200,56
1662263100,62
1662264000,246
1662264900,271
1662265800,205
1662266700,149
1662267600,150
1662268500,404
1662269400,347
1662270300,539
1662271200,189
1662272100,193
1662273000,94
1662273900,118
1662274800,265
1662275700,187
1662276600,83
1662277500,148
1662278400,112
1662279300,132
1662280200,465
1662281100,567
1662282000,189
1662282900,119
1662283800,130
1662284700,140
1662285600,131
1662286500,163
1662287400,289
1662288300,110
1662289200,115
1662290100,90
1662291000,79
1662291900,66
1662292800,77
1662293700,68
1662294600,85
1662295500,60
1662296400,66
1662297300,62
1662298200,114
1662299100,135
1662300000,455
1662300900,745
1662301800,246
1662302700,147
1662303600,158
1662304500,161
1662305400,165
1662306300,307
1662307200,159
1662308100,194
1662309000,716
1662309900,675
1662310800,192
1662311700,198
1662312600,206
1662313500,199
1662314400,198
1662315300,230
1662316200,516
1662317100,279
1662318000,529
1662318900,223
1662319800,161
1662320700,128
1662321600,116
1662322500,104
1662323400,85
1662324300,100
1662325200,76
1662326100,81
1662327000,73
1662327900,82
1662328800,88
1662329700,96
1662330600,80
1662331500,73
1662332400,114
1662333300,151
1662334200,147
1662335100,131
1662336000,127
1662336900,105
1662337800,113
1662338700,110
1662339600,123
1662340500,109
1662341400,99
1662342300,136
1662343200,115
1662344100,108
1662345000,112
1662345900,103
1662346800,94
1662347700,99
1662348600,100
1662349500,121
1662350400,134
1662351300,107
1662352200,108
1662353100,98
1662354000,131
1662354900,181
1662355800,244
1662356700,115
1662357600,239
1662358500,627
1662359400,917
1662360300,773
1662361200,626
1662362100,463
1662363000,224
1662363900,83
1662364800,76
1662365700,76
1662366600,46
1662367500,163
1662368400,259
1662369300,294
1662370200,247
1662371100,118
1662372000,111
1662372900,110
1662373800,122
1662374700,95
1662375600,80
1662376500,128
1662377400,136
1662378300,129
1662379200,107
1662380100,74
1662381000,77
1662381900,74
1662382800,161
1662383700,194
1662384600,129
1662385500,79
1662386400,82
1662387300,79
1662388200,222
1662389100,66
1662390000,93
1662390900,89
1662391800,111
1662392700,100
1662393600,117
1662394500,365
1662395400,99
1662396300,142
1662397200,139
1662398100,165
1662399000,138
1662399900,153
1662400800,410
1662401700,576
1662402600,410
1662403500,349
1662404400,224
1662405300,186
1662406200,182
1662407100,171
1662408000,125
1662408900,110
1662409800,92
1662410700,69
1662411600,122
1662412500,80
1662413400,77
1662414300,83
1662415200,102
1662416100,71
1662417000,54
1662417900,36
1662418800,47
1662419700,36
1662420600,58
1662421500,55
1662422400,42
1662423300,41
1662424200,67
1662425100,71
1662426000,89
1662426900,90
1662427800,88
1662428700,155
1662429600,113
1662430500,123
1662431400,122
1662432300,119
1662433200,106
1662434100,112
1662435000,103
1662435900,151
1662436800,111
1662437700,71
1662438600,66
1662439500,74
1662440400,89
1662441300,103
1662442200,80
1662443100,69
1662444000,69
1662444900,68
1662445800,614
1662446700,474
1662447600,443
1662448500,319
1662449400,368
1662450300,696
1662451200,493
1662452100,466
1662453000,832
1662453900,460
1662454800,361
1662455700,424
1662456600,561
1662457500,360
1662458400,355
1662459300,291
1662460200,432
1662461100,344
1662462000,336
1662462900,104
1662463800,101
1662464700,102
1662465600,122
1662466500,149
1662467400,167
1662468300,114
1662469200,171
1662470100,184
1662471000,179
1662471900,192
1662472800,172
1662473700,184
1662474600,139
1662475500,132
1662476400,130
1662477300,143
1662478200,116
1662479100,128
1662480000,119
1662480900,126
1662481800,128
1662482700,145
1662483600,214
1662484500,231
1662485400,156
1662486300,157
1662487200,183
1662488100,211
1662489000,195
1662489900,174
1662490800,276
1662491700,146
1662492600,179
1662493500,144
1662494400,142
1662495300,117
1662496200,147
1662497100,135
1662498000,115
1662498900,63
1662499800,97
1662500700,77
1662501600,72
1662502500,82
1662503400,90
1662504300,67
1662505200,76
1662506100,62
1662507000,72
1662507900,81
1662508800,94
1662509700,125
1662510600,136
1662511500,107
1662512400,106
1662513300,107
1662514200,71
1662515100,56
1662516000,63
1662516900,61
1662517800,70
1662518700,80
1662519600,60
1662520500,68
1662521400,72
1662522300,77
1662523200,124
1662524100,135
1662525000,100
1662525900,97
1662526800,171
1662527700,196
1662528600,75
1662529500,82
1662530400,60
1662531300,202
1662532200,95
1662533100,72
1662534000,335
1662534900,85
1662535800,90
1662536700,391
1662537600,159
1662538500,494
1662539400,208
1662540300,131
1662541200,142
1662542100,227
1662543000,378
1662543900,171
1662544800,174
1662545700,169
1662546600,129
1662547500,335
1662548400,139
1662549300,169
1662550200,145
1662551100,135
1662552000,123
1662552900,120
1662553800,125
1662554700,139
1662555600,134
1662556500,134
1662557400,133
1662558300,134
1662559200,616
1662560100,280
1662561000,660
1662561900,480
1662562800,206
1662563700,340
1662564600,328
1662565500,153
1662566400,349
1662567300,142
1662568200,205
1662569100,473
1662570000,564
1662570900,481
1662571800,436
1662572700,149
1662573600,563
1662574500,712
1662575400,721
1662576300,653
1662577200,168
1662578100,153
1662579000,173
1662579900,144
1662580800,131
1662581700,102
1662582600,89
1662583500,80
1662584400,70
1662585300,86
1662586200,91
1662587100,80
1662588000,75
1662588900,60
1662589800,89
1662590700,98
1662591600,80
1662592500,57
1662593400,68
1662594300,59
1662595200,87
1662596100,95
1662597000,96
1662597900,76
1662598800,65
1662599700,67
1662600600,63
1662601500,84
1662602400,63
1662603300,66
1662604200,62
1662605100,82
1662606000,93
1662606900,113
1662607800,90
1662608700,70
1662609600,58
1662610500,84
1662611400,93
1662612300,97
1662613200,165
1662614100,465
1662615000,917
1662615900,1056
1662616800,623
1662617700,516
1662618600,92
1662619500,66
1662620400,78
1662621300,73
1662622200,91
1662623100,119
1662624000,102
1662624900,136
1662625800,101
1662626700,76
1662627600,83
1662628500,118
1662629400,137
1662630300,144
1662631200,125
1662632100,141
1662633000,164
1662633900,160
1662634800,143
1662635700,265
1662636600,171
1662637500,267
1662638400,150
1662639300,143
1662640200,120
1662641100,104
1662642000,112
1662642900,112
1662643800,115
1662644700,112
1662645600,137
1662646500,127
1662647400,165
1662648300,144
1662649200,140
1662650100,121
1662651000,94
1662651900,148
1662652800,832
1662653700,448
1662654600,650
1662655500,102
1662656400,102
1662657300,116
1662658200,91
1662659100,78
1662660000,79
1662660900,114
1662661800,155
1662662700,153
1662663600,120
1662664500,116
1662665400,113
1662666300,96
1662667200,89
1662668100,68
1662669000,54
1662669900,40
1662670800,46
1662671700,49
1662672600,62
1662673500,49
1662674400,57
1662675300,63
1662676200,51
1662677100,60
1662678000,53
1662678900,48
1662679800,38
1662680700,49
1662681600,39
1662682500,67
1662683400,45
1662684300,48
1662685200,41
1662686100,46
1662687000,51
1662687900,62
1662688800,60
1662689700,62
1662690600,74
1662691500,166
1662692400,79
1662693300,90
1662694200,88
1662695100,80
1662696000,60
1662696900,142
1662697800,282
1662698700,65
1662699600,318
1662700500,54
1662701400,236
1662702300,109
1662703200,68
1662704100,234
1662705000,119
1662705900,45
1662706800,426
1662707700,170
1662708600,403
1662709500,160
1662710400,169
1662711300,629
1662712200,654
1662713100,293
1662714000,206
1662714900,132
1662715800,215
1662716700,155
1662717600,213
1662718500,1275
1662719400,1307
1662720300,1025
1662721200,510
1662722100,186
1662723000,185
1662723900,191
1662724800,156
1662725700,141
1662726600,645
1662727500,667
1662728400,665
1662729300,629
1662730200,156
1662731100,113
1662732000,124
1662732900,202
1662733800,160
1662734700,142
1662735600,142
1662736500,141
1662737400,151
1662738300,160
1662739200,127
1662740100,135
1662741000,124
1662741900,369
1662742800,486
1662743700,909
1662744600,359
1662745500,456
1662746400,186
1662747300,194
1662748200,199
1662749100,184
1662750000,177
1662750900,109
1662751800,112
1662752700,106
1662753600,111
1662754500,95
1662755400,90
1662756300,77
1662757200,86
1662758100,98
1662759000,79
1662759900,99
1662760800,88
1662761700,91
1662762600,91
1662763500,70
1662764400,37
1662765300,48
1662766200,40
1662767100,54
1662768000,61
1662768900,43
1662769800,44
1662770700,41
1662771600,48
1662772500,56
1662773400,69
1662774300,54
1662775200,63
1662776100,38
1662777000,57
1662777900,54
1662778800,46
1662779700,37
1662780600,55
1662781500,83
1662782400,269
1662783300,184
1662784200,173
1662785100,90
1662786000,80
1662786900,108
1662787800,111
1662788700,94
1662789600,80
1662790500,80
1662791400,74
1662792300,104
1662793200,134
1662794100,112
1662795000,105
1662795900,99
1662796800,106
1662797700,132
1662798600,101
1662799500,120
1662800400,134
1662801300,153
1662802200,155
1662803100,143
1662804000,150
1662804900,240
1662805800,189
1662806700,200
1662807600,207
1662808500,112
1662809400,80
1662810300,76
1662811200,185
1662812100,150
1662813000,168
1662813900,113
1662814800,86
1662815700,71
1662816600,98
1662817500,202
1662818400,81
1662819300,98
1662820200,107
1662821100,120
1662822000,141
1662822900,158
1662823800,226
1662824700,224
1662825600,186
1662826500,204
1662827400,185
1662828300,186
1662829200,180
1662830100,192
1662831000,190
1662831900,209
1662832800,196
1662833700,144
1662834600,139
1662835500,148
1662836400,146
1662837300,132
1662838200,108
1662839100,96
1662840000,97
1662840900,103
1662841800,106
1662842700,73
1662843600,83
1662844500,76
1662845400,51
1662846300,59
1662847200,64
1662848100,56
1662849000,66
1662849900,41
1662850800,63
1662851700,53
1662852600,48
1662853500,41
1662854400,49
1662855300,46
1662856200,66
1662857100,44
1662858000,45
1662858900,45
1662859800,45
1662860700,71
1662861600,67
1662862500,64
1662863400,42
1662864300,48
1662865200,50
1662866100,63
1662867000,40
1662867900,50
1662868800,199
1662869700,89
1662870600,122
1662871500,142
1662872400,276
1662873300,90
1662874200,163
1662875100,582
1662876000,190
1662876900,705
1662877800,112
1662878700,46
1662879600,63
1662880500,80
1662881400,110
1662882300,54
1662883200,280
1662884100,91
1662885000,83
1662885900,59
1662886800,58
1662887700,49
1662888600,69
1662889500,77
1662890400,109
1662891300,86
1662892200,95
1662893100,80
1662894000,80
1662894900,92
1662895800,414
1662896700,242
1662897600,114
1662898500,106
1662899400,102
1662900300,96
1662901200,74
1662902100,85
1662903000,84
1662903900,104
1662904800,100
1662905700,74
1662906600,63
1662907500,71
1662908400,63
1662909300,89
1662910200,70
1662911100,188
1662912000,247
1662912900,145
1662913800,161
1662914700,143
1662915600,139
1662916500,133
1662917400,256
1662918300,523
1662919200,365
1662920100,347
1662921000,122
1662921900,114
1662922800,122
1662923700,133
1662924600,161
1662925500,121
1662926400,514
1662927300,260
1662928200,205
1662929100,95
1662930000,84
1662930900,78
1662931800,82
1662932700,81
1662933600,102
1662934500,87
1662935400,80
1662936300,86
1662937200,95
1662938100,117
1662939000,96
1662939900,80
1662940800,67
1662941700,75
1662942600,73
1662943500,94
1662944400,71
1662945300,77
1662946200,69
1662947100,75
1662948000,84
1662948900,83
1662949800,115
1662950700,118
1662951600,112
1662952500,106
1662953400,106
1662954300,79
1662955200,61
1662956100,60
1662957000,61
1662957900,73
1662958800,76
1662959700,234
1662960600,216
1662961500,282
1662962400,421
1662963300,96
1662964200,119
1662965100,171
1662966000,347
1662966900,114
1662967800,148
1662968700,116
1662969600,106
1662970500,100
1662971400,168
1662972300,117
1662973200,133
1662974100,98
1662975000,130
1662975900,132
1662976800,140
1662977700,142
1662978600,143
1662979500,145
1662980400,92
1662981300,90
1662982200,104
1662983100,110
1662984000,95
1662984900,94
1662985800,91
1662986700,83
1662987600,625
1662988500,312
1662989400,174
1662990300,176
1662991200,165
1662992100,175
1662993000,298
1662993900,304
1662994800,182
1662995700,191
1662996600,156
1662997500,128
1662998400,106
1662999300,105
1663000200,114
1663001100,130
1663002000,180
1663002900,214
1663003800,179
1663004700,196
1663005600,176
1663006500,192
1663007400,203
1663008300,148
1663009200,127
1663010100,132
1663011000,165
1663011900,196
1663012800,158
1663013700,131
1663014600,119
1663015500,83
1663016400,80
1663017300,55
1663018200,54
1663019100,44
1663020000,54
1663020900,60
1663021800,66
1663022700,46
1663023600,54
1663024500,46
1663025400,70
1663026300,62
1663027200,69
1663028100,60
1663029000,64
1663029900,52
1663030800,71
1663031700,46
1663032600,103
1663033500,69
1663034400,76
1663035300,85
1663036200,76
1663037100,59
1663038000,64
1663038900,56
1663039800,83
1663040700,73
1663041600,683
1663042500,2189
1663043400,2200
1663044300,1936
1663045200,1448
1663046100,1379
1663047000,1096
1663047900,946
1663048800,1122
1663049700,152
1663050600,81
1663051500,86
1663052400,122
1663053300,131
1663054200,98
1663055100,105
1663056000,105
1663056900,128
1663057800,515
1663058700,431
1663059600,183
1663060500,160
1663061400,174
1663062300,201
1663063200,213
1663064100,265
1663065000,235
1663065900,247
1663066800,203
1663067700,195
1663068600,178
1663069500,186
1663070400,209
1663071300,207
1663072200,460
1663073100,212
1663074000,392
1663074900,152
1663075800,172
1663076700,158
1663077600,160
1663078500,166
1663079400,148
1663080300,190
1663081200,186
1663082100,88
1663083000,75
1663083900,72
1663084800,95
1663085700,95
1663086600,79
1663087500,64
1663088400,241
1663089300,188
1663090200,216
1663091100,193
1663092000,191
1663092900,162
1663093800,148
1663094700,181
1663095600,153
1663096500,128
1663097400,118
1663098300,112
1663099200,107
1663100100,131
1663101000,100
1663101900,95
1663102800,84
1663103700,94
1663104600,96
1663105500,72
1663106400,67
1663107300,160
1663108200,80
1663109100,84
1663110000,82
1663110900,74
1663111800,67
1663112700,67
1663113600,67
1663114500,71
1663115400,70
1663116300,51
1663117200,60
1663118100,51
1663119000,65
1663119900,66
1663120800,79
1663121700,67
1663122600,68
1663123500,49
1663124400,68
1663125300,59
1663126200,55
1663127100,51
1663128000,74
1663128900,90
1663129800,94
1663130700,84
1663131600,60
1663132500,65
1663133400,211
1663134300,279
1663135200,515
1663136100,193
1663137000,299
1663137900,84
1663138800,207
1663139700,337
1663140600,174
1663141500,371
1663142400,242
1663143300,760
1663144200,698
1663145100,841
1663146000,682
1663146900,496
1663147800,184
1663148700,200
1663149600,176
1663150500,191
1663151400,221
1663152300,193
1663153200,489
1663154100,739
1663155000,695
1663155900,617
1663156800,119
1663157700,105
1663158600,89
1663159500,109
1663160400,83
1663161300,83
1663162200,77
1663163100,83
1663164000,89
1663164900,98
1663165800,77
1663166700,81
1663167600,79
1663168500,90
1663169400,117
1663170300,98
1663171200,89
1663172100,145
1663173000,196
1663173900,217
1663174800,108
1663175700,97
1663176600,155
1663177500,211
1663178400,231
1663179300,240
1663180200,221
1663181100,161
1663182000,168
1663182900,162
1663183800,208
1663184700,157
1663185600,153
1663186500,146
1663187400,142
1663188300,162
1663189200,159
1663190100,128
1663191000,117
1663191900,73
1663192800,79
1663193700,90
1663194600,92
1663195500,75
1663196400,64
1663197300,57
1663198200,77
1663199100,80
1663200000,82
1663200900,60
1663201800,58
1663202700,45
1663203600,72
1663204500,50
1663205400,52
1663206300,45
1663207200,53
1663208100,61
1663209000,69
1663209900,60
1663210800,59
1663211700,85
1663212600,76
1663213500,95
1663214400,67
1663215300,66
1663216200,52
1663217100,198
1663218000,61
1663218900,78
1663219800,75
1663220700,110
1663221600,383
1663222500,652
1663223400,452
1663224300,269
1663225200,87
1663226100,320
1663227000,277
1663227900,211
1663228800,126
1663229700,237
1663230600,308
1663231500,337
1663232400,225
1663233300,336
1663234200,151
1663235100,525
1663236000,531
1663236900,304
1663237800,149
1663238700,156
1663239600,140
1663240500,157
1663241400,149
1663242300,183
1663243200,189
1663244100,130
1663245000,342
1663245900,671
1663246800,327
1663247700,161
1663248600,164
1663249500,343
1663250400,563
1663251300,434
1663252200,1056
1663253100,1137
1663254000,798
1663254900,716
1663255800,480
1663256700,2181
1663257600,2213
1663258500,2086
1663259400,1209
1663260300,1080
1663261200,1092
1663262100,1160
1663263000,1059
1663263900,899
1663264800,799
1663265700,1108
1663266600,349
1663267500,265
1663268400,282
1663269300,273
1663270200,258
1663271100,237
1663272000,258
1663272900,272
1663273800,251
1663274700,277
1663275600,248
1663276500,257
1663277400,296
1663278300,242
1663279200,94
1663280100,98
1663281000,95
1663281900,81
1663282800,92
1663283700,80
1663284600,54
1663285500,44
1663286400,53
1663287300,50
1663288200,72
1663289100,47
1663290000,54
1663290900,48
1663291800,49
1663292700,66
1663293600,80
1663294500,85
1663295400,71
1663296300,85
1663297200,80
1663298100,93
1663299000,49
1663299900,50
1663300800,43
1663301700,48
1663302600,58
1663303500,75
1663304400,235
1663305300,67
1663306200,254
1663307100,181
1663308000,233
1663308900,180
1663309800,204
1663310700,97
1663311600,60
1663312500,57
1663313400,83
1663314300,294
1663315200,471
1663316100,733
1663317000,917
1663317900,467
1663318800,717
1663319700,454
1663320600,162
1663321500,134
1663322400,123
1663323300,205
1663324200,102
1663325100,82
1663326000,109
1663326900,135
1663327800,171
1663328700,189
1663329600,663
1663330500,206
1663331400,599
1663332300,119
1663333200,124
1663334100,77
1663335000,74
1663335900,59
1663336800,68
1663337700,71
1663338600,114
1663339500,108
1663340400,184
1663341300,152
1663342200,147
1663343100,176
1663344000,191
1663344900,168
1663345800,158
1663346700,167
1663347600,155
1663348500,213
1663349400,176
1663350300,170
1663351200,166
1663352100,259
1663353000,184
1663353900,214
1663354800,208
1663355700,172
1663356600,166
1663357500,160
1663358400,149
1663359300,162
1663360200,138
1663361100,112
1663362000,111
1663362900,179
1663363800,125
1663364700,148
1663365600,109
1663366500,89
1663367400,81
1663368300,72
1663369200,86
1663370100,89
1663371000,81
1663371900,40
1663372800,50
1663373700,40
1663374600,59
1663375500,59
1663376400,50
1663377300,41
1663378200,47
1663379100,41
1663380000,80
1663380900,69
1663381800,64
1663382700,42
1663383600,49
1663384500,38
1663385400,68
1663386300,48
1663387200,231
1663388100,101
1663389000,319
1663389900,81
1663390800,106
1663391700,103
1663392600,68
1663393500,62
1663394400,61
1663395300,79
1663396200,98
1663397100,118
1663398000,119
1663398900,85
1663399800,76
1663400700,98
1663401600,72
1663402500,82
1663403400,79
1663404300,72
1663405200,74
1663406100,96
1663407000,87
1663407900,85
1663408800,168
1663409700,179
1663410600,137
1663411500,155
1663412400,139
1663413300,183
1663414200,145
1663415100,142
1663416000,89
1663416900,97
1663417800,72
1663418700,70
1663419600,63
1663420500,72
1663421400,78
1663422300,84
1663423200,62
1663424100,71
1663425000,61
1663425900,71
1663426800,79
1663427700,86
1663428600,80
1663429500,95
1663430400,117
1663431300,199
1663432200,179
1663433100,597
1663434000,723
1663434900,432
1663435800,626
1663436700,362
1663437600,215
1663438500,170
1663439400,189
1663440300,172
1663441200,161
1663442100,162
1663443000,159
1663443900,123
1663444800,115
1663445700,87
1663446600,95
1663447500,123
1663448400,122
1663449300,105
1663450200,113
1663451100,106
1663452000,116
1663452900,99
1663453800,77
1663454700,70
1663455600,74
1663456500,67
1663457400,68
1663458300,65
1663459200,58
1663460100,44
1663461000,49
1663461900,39
1663462800,58
1663463700,58
1663464600,49
1663465500,39
1663466400,49
1663467300,40
1663468200,60
1663469100,61
1663470000,63
1663470900,56
1663471800,53
1663472700,48
1663473600,268
1663474500,110
1663475400,208
1663476300,101
1663477200,236
1663478100,153
1663479000,136
1663479900,151
1663480800,83
1663481700,58
1663482600,99
1663483500,89
1663484400,114
1663485300,150
1663486200,55
1663487100,57
1663488000,53
1663488900,103
1663489800,212
1663490700,159
1663491600,68
1663492500,73
1663493400,133
1663494300,105
1663495200,237
1663496100,161
1663497000,334
1663497900,137
1663498800,121
1663499700,142
1663500600,511
1663501500,666
1663502400,646
1663503300,668
1663504200,686
1663505100,483
1663506000,564
1663506900,180
1663507800,120
1663508700,113
1663509600,133
1663510500,132
1663511400,134
1663512300,93
1663513200,81
1663514100,115
1663515000,149
1663515900,132
1663516800,131
1663517700,355
1663518600,1155
1663519500,803
1663520400,716
1663521300,472
1663522200,176
1663523100,588
1663524000,321
1663524900,221
1663525800,240
1663526700,211
1663527600,197
1663528500,149
1663529400,144
1663530300,347
1663531200,589
1663532100,205
1663533000,467
1663533900,53
1663534800,42
1663535700,70
1663536600,50
1663537500,51
1663538400,42
1663539300,60
1663540200,69
1663541100,81
1663542000,51
1663542900,47
1663543800,48
1663544700,68
1663545600,105
1663546500,101
1663547400,74
1663548300,66
1663549200,73
1663550100,66
1663551000,92
1663551900,71
1663552800,87
1663553700,79
1663554600,82
1663555500,65
1663556400,86
1663557300,64
1663558200,69
1663559100,60
1663560000,89
1663560900,251
1663561800,107
1663562700,76
1663563600,85
1663564500,255
1663565400,104
1663566300,135
1663567200,138
1663568100,113
1663569000,364
1663569900,166
1663570800,91
1663571700,109
1663572600,94
1663573500,94
1663574400,304
1663575300,352
1663576200,133
1663577100,174
1663578000,381
1663578900,483
1663579800,137
1663580700,119
1663581600,139
1663582500,223
1663583400,151
1663584300,124
1663585200,125
1663586100,118
1663587000,143
1663587900,151
1663588800,161
1663589700,171
1663590600,222
1663591500,605
1663592400,358
1663593300,443
1663594200,262
1663595100,269
1663596000,306
1663596900,247
1663597800,243
1663598700,327
1663599600,337
1663600500,327
1663601400,311
1663602300,283
1663603200,331
1663604100,312
1663605000,272
1663605900,305
1663606800,367
1663607700,331
1663608600,282
1663609500,283
1663610400,263
1663611300,303
1663612200,290
1663613100,342
1663614000,295
1663614900,345
1663615800,369
1663616700,363
1663617600,363
1663618500,316
1663619400,309
1663620300,295
1663621200,364
1663622100,315
1663623000,323
1663623900,298
1663624800,290
1663625700,295
1663626600,304
1663627500,312
1663628400,286
1663629300,294
1663630200,273
1663631100,338
1663632000,302
1663632900,301
1663633800,286
1663634700,257
1663635600,262
1663636500,256
1663637400,237
1663638300,222
1663639200,220
1663640100,217
1663641000,232
1663641900,230
1663642800,146
1663643700,69
1663644600,73
1663645500,90
1663646400,92
1663647300,67
1663648200,66
1663649100,59
1663650000,68
1663650900,69
1663651800,82
1663652700,58
1663653600,71
1663654500,73
1663655400,110
1663656300,634
1663657200,271
1663658100,510
1663659000,145
1663659900,106
1663660800,93
1663661700,249
1663662600,124
1663663500,96
1663664400,88
1663665300,104
1663666200,166
1663667100,139
1663668000,156
1663668900,129
1663669800,140
1663670700,134
1663671600,140
1663672500,110
1663673400,122
1663674300,113
1663675200,120
1663676100,130
1663677000,130
1663677900,112
1663678800,134
1663679700,135
1663680600,223
1663681500,170
1663682400,146
1663683300,174
1663684200,207
1663685100,173
1663686000,183
1663686900,195
1663687800,283
1663688700,211
1663689600,661
1663690500,413
1663691400,544
1663692300,338
1663693200,218
1663694100,239
1663695000,184
1663695900,210
1663696800,186
1663697700,177
1663698600,116
1663699500,124
1663700400,245
1663701300,142
1663702200,165
1663703100,149
1663704000,153
1663704900,148
1663705800,129
1663706700,109
1663707600,119
1663708500,98
1663709400,97
1663710300,83
1663711200,80
1663712100,72
1663713000,80
1663713900,59
1663714800,68
1663715700,61
1663716600,66
1663717500,50
1663718400,50
1663719300,57
1663720200,60
1663721100,40
1663722000,49
1663722900,39
1663723800,57
1663724700,58
1663725600,51
1663726500,39
1663727400,48
1663728300,43
1663729200,81
1663730100,72
1663731000,62
1663731900,55
1663732800,251
1663733700,183
1663734600,85
1663735500,43
1663736400,229
1663737300,165
1663738200,259
1663739100,133
1663740000,112
1663740900,74
1663741800,296
1663742700,128
1663743600,86
1663744500,96
1663745400,98
1663746300,87
1663747200,88
1663748100,87
1663749000,97
1663749900,104
1663750800,103
1663751700,117
1663752600,152
1663753500,145
1663754400,146
1663755300,143
1663756200,225
1663757100,153
1663758000,122
1663758900,122
1663759800,137
1663760700,127
1663761600,259
1663762500,240
1663763400,149
1663764300,155
1663765200,155
1663766100,134
1663767000,119
1663767900,186
1663768800,124
1663769700,141
1663770600,182
1663771500,168
1663772400,407
1663773300,561
1663774200,275
1663775100,546
1663776000,171
1663776900,361
1663777800,277
1663778700,370
1663779600,367
1663780500,187
1663781400,163
1663782300,170
1663783200,197
1663784100,198
1663785000,201
1663785900,196
1663786800,200
1663787700,193
1663788600,179
1663789500,176
1663790400,183
1663791300,164
1663792200,155
1663793100,145
1663794000,151
1663794900,151
1663795800,159
1663796700,135
1663797600,128
1663798500,102
1663799400,115
1663800300,124
1663801200,137
1663802100,121
1663803000,121
1663803900,96
1663804800,111
1663805700,114
1663806600,100
1663807500,87
1663808400,95
1663809300,86
1663810200,107
1663811100,102
1663812000,95
1663812900,86
1663813800,83
1663814700,88
1663815600,117
1663816500,96
1663817400,93
1663818300,100
1663819200,99
1663820100,95
1663821000,113
1663821900,77
1663822800,216
1663823700,338
1663824600,121
1663825500,564
1663826400,607
1663827300,397
1663828200,401
1663829100,137
1663830000,56
1663830900,62
1663831800,67
1663832700,51
1663833600,59
1663834500,51
1663835400,68
1663836300,74
1663837200,73
1663838100,66
1663839000,86
1663839900,68
1663840800,219
1663841700,188
1663842600,114
1663843500,124
1663844400,131
1663845300,127
1663846200,138
1663847100,314
1663848000,157
1663848900,181
1663849800,166
1663850700,403
1663851600,693
1663852500,465
1663853400,136
1663854300,147
1663855200,207
1663856100,208
1663857000,219
1663857900,149
1663858800,152
1663859700,655
1663860600,816
1663861500,857
1663862400,876
1663863300,1207
1663864200,850
1663865100,521
1663866000,279
1663866900,307
1663867800,263
1663868700,315
1663869600,280
1663870500,260
1663871400,170
1663872300,166
1663873200,219
1663874100,214
1663875000,223
1663875900,190
1663876800,163
1663877700,148
1663878600,136
1663879500,111
1663880400,119
1663881300,129
1663882200,132
1663883100,111
1663884000,96
1663884900,87
1663885800,96
1663886700,71
1663887600,72
1663888500,72
1663889400,98
1663890300,87
1663891200,66
1663892100,61
1663893000,60
1663893900,80
1663894800,56
1663895700,62
1663896600,53
1663897500,68
1663898400,70
1663899300,64
1663900200,52
1663901100,72
1663902000,60
1663902900,86
1663903800,85
1663904700,88
1663905600,71
1663906500,77
1663907400,101
1663908300,388
1663909200,802
1663910100,721
1663911000,308
1663911900,306
1663912800,77
1663913700,154
1663914600,87
1663915500,65
1663916400,73
1663917300,76
1663918200,165
1663919100,139
1663920000,140
1663920900,336
1663921800,620
1663922700,550
1663923600,737
1663924500,483
1663925400,694
1663926300,322
1663927200,191
1663928100,153
1663929000,142
1663929900,139
1663930800,150
1663931700,164
1663932600,175
1663933500,99
1663934400,120
1663935300,108
1663936200,111
1663937100,111
1663938000,122
1663938900,95
1663939800,94
1663940700,93
1663941600,90
1663942500,119
1663943400,144
1663944300,137
1663945200,309
1663946100,180
1663947000,162
1663947900,560
1663948800,206
1663949700,119
1663950600,107
1663951500,122
1663952400,119
1663953300,158
1663954200,171
1663955100,221
1663956000,246
1663956900,160
1663957800,160
1663958700,208
1663959600,186
1663960500,182
1663961400,163
1663962300,160
1663963200,149
1663964100,168
1663965000,127
1663965900,113
1663966800,111
1663967700,112
1663968600,107
1663969500,110
1663970400,80
1663971300,61
1663972200,77
1663973100,71
1663974000,75
1663974900,73
1663975800,55
1663976700,42
1663977600,50
1663978500,41
1663979400,59
1663980300,58
1663981200,54
1663982100,40
1663983000,51
1663983900,41
1663984800,60
1663985700,74
1663986600,67
1663987500,51
1663988400,48
1663989300,42
1663990200,67
1663991100,92
1663992000,201
1663992900,169
1663993800,101
1663994700,91
1663995600,102
1663996500,101
1663997400,61
1663998300,49
1663999200,58
1664000100,49
1664001000,77
1664001900,64
1664002800,62
1664003700,51
1664004600,61
1664005500,75
1664006400,108
1664007300,115
1664008200,85
1664009100,56
1664010000,52
1664010900,41
1664011800,81
1664012700,71
1664013600,104
1664014500,152
1664015400,200
1664016300,167
1664017200,155
1664018100,145
1664019000,129
1664019900,126
1664020800,119
1664021700,169
1664022600,180
1664023500,142
1664024400,122
1664025300,102
1664026200,99
1664027100,83
1664028000,90
1664028900,86
1664029800,76
1664030700,169
1664031600,92
1664032500,117
1664033400,127
1664034300,101
1664035200,96
1664036100,126
1664037000,126
1664037900,168
1664038800,164
1664039700,439
1664040600,465
1664041500,422
1664042400,260
1664043300,237
1664044200,180
1664045100,166
1664046000,156
1664046900,154
1664047800,157
1664048700,162
1664049600,123
1664050500,131
1664051400,107
1664052300,117
1664053200,136
1664054100,136
1664055000,107
1664055900,108
1664056800,101
1664057700,106
1664058600,80
1664059500,62
1664060400,44
1664061300,51
1664062200,43
1664063100,61
1664064000,58
1664064900,51
1664065800,40
1664066700,63
1664067600,58
1664068500,80
1664069400,54
1664070300,50
1664071200,41
1664072100,50
1664073000,44
1664073900,68
1664074800,49
1664075700,49
1664076600,48
1664077500,215
1664078400,78
1664079300,143
1664080200,130
1664081100,366
1664082000,204
1664082900,104
1664083800,101
1664084700,105
1664085600,233
1664086500,98
1664087400,77
1664088300,88
1664089200,119
1664090100,186
1664091000,168
1664091900,116
1664092800,102
1664093700,105
1664094600,118
1664095500,375
1664096400,237
1664097300,635
1664098200,185
1664099100,137
1664100000,321
1664100900,399
1664101800,126
1664102700,142
1664103600,136
1664104500,141
1664105400,112
1664106300,315
1664107200,158
1664108100,130
1664109000,366
1664109900,138
1664110800,115
1664111700,236
1664112600,210
1664113500,117
1664114400,113
1664115300,139
1664116200,120
1664117100,130
1664118000,136
1664118900,139
1664119800,96
1664120700,130
1664121600,171
1664122500,157
1664123400,139
1664124300,376
1664125200,384
1664126100,295
1664127000,331
1664127900,330
1664128800,218
1664129700,507
1664130600,765
1664131500,570
1664132400,386
1664133300,283
1664134200,223
1664135100,240
1664136000,184
1664136900,192
1664137800,135
1664138700,142
1664139600,107
1664140500,122
1664141400,105
1664142300,84
1664143200,55
1664144100,54
1664145000,50
1664145900,58
1664146800,61
1664147700,44
1664148600,44
1664149500,44
1664150400,56
1664151300,62
1664152200,46
1664153100,43
1664154000,54
1664154900,68
1664155800,79
1664156700,50
1664157600,47
1664158500,41
1664159400,47
1664160300,60
1664161200,57
1664162100,41
1664163000,45
1664163900,51
1664164800,83
1664165700,175
1664166600,279
1664167500,318
1664168400,118
1664169300,938
1664170200,956
1664171100,791
1664172000,595
1664172900,303
1664173800,74
1664174700,75
1664175600,117
1664176500,261
1664177400,99
1664178300,242
1664179200,405
1664180100,240
1664181000,122
1664181900,149
1664182800,185
1664183700,161
1664184600,256
1664185500,151
1664186400,344
1664187300,436
1664188200,467
1664189100,144
1664190000,151
1664190900,147
1664191800,146
1664192700,160
1664193600,148
1664194500,153
1664195400,154
1664196300,173
1664197200,288
1664198100,264
1664199000,285
1664199900,264
1664200800,304
1664201700,248
1664202600,249
1664203500,252
1664204400,265
1664205300,249
1664206200,262
1664207100,263
1664208000,249
1664208900,324
1664209800,514
1664210700,598
1664211600,468
1664212500,410
1664213400,399
1664214300,423
1664215200,402
1664216100,386
1664217000,334
1664217900,342
1664218800,348
1664219700,366
1664220600,349
1664221500,344
1664222400,353
1664223300,449
1664224200,392
1664225100,330
1664226000,347
1664226900,305
1664227800,326
1664228700,324
1664229600,284
1664230500,255
1664231400,280
1664232300,631
1664233200,168
1664234100,354
1664235000,127
1664235900,167
1664236800,127
1664237700,104
1664238600,90
1664239500,87
1664240400,91
1664241300,93
1664242200,105
1664243100,94
1664244000,87
1664244900,87
1664245800,93
1664246700,198
1664247600,136
1664248500,99
1664249400,82
1664250300,88
1664251200,95
1664252100,108
1664253000,81
1664253900,92
1664254800,81
1664255700,98
1664256600,121
1664257500,99
1664258400,80
1664259300,96
1664260200,137
1664261100,131
1664262000,104
1664262900,153
1664263800,244
1664264700,545
1664265600,104
1664266500,170
1664267400,831
1664268300,409
1664269200,143
1664270100,185
1664271000,591
1664271900,442
1664272800,391
1664273700,161
1664274600,151
1664275500,201
1664276400,134
1664277300,128
1664278200,120
1664279100,127
1664280000,192
1664280900,322
1664281800,231
1664282700,250
1664283600,161
1664284500,121
1664285400,102
1664286300,113
1664287200,125
1664288100,163
1664289000,160
1664289900,157
1664290800,153
1664291700,219
1664292600,180
1664293500,169
1664294400,157
1664295300,158
1664296200,152
1664297100,273
1664298000,169
1664298900,212
1664299800,202
1664300700,192
1664301600,194
1664302500,206
1664303400,191
1664304300,203
1664305200,231
1664306100,180
1664307000,175
1664307900,138
1664308800,126
1664309700,113
1664310600,110
1664311500,95
1664312400,114
1664313300,112
1664314200,108
1664315100,95
1664316000,66
1664316900,58
1664317800,78
1664318700,75
1664319600,76
1664320500,75
1664321400,84
1664322300,62
1664323200,82
1664324100,103
1664325000,67
1664325900,58
1664326800,67
1664327700,57
1664328600,81
1664329500,74
1664330400,66
1664331300,59
1664332200,66
1664333100,59
1664334000,89
1664334900,2003
1664335800,2144
1664336700,887
1664337600,1709
1664338500,2342
1664339400,988
1664340300,1134
1664341200,141
1664342100,666
1664343000,403
1664343900,525
1664344800,416
1664345700,134
1664346600,182
1664347500,288
1664348400,82
1664349300,75
1664350200,81
1664351100,86
1664352000,71
1664352900,75
1664353800,72
1664354700,86
1664355600,473
1664356500,327
1664357400,162
1664358300,629
1664359200,699
1664360100,240
1664361000,192
1664361900,192
1664362800,172
1664363700,178
1664364600,175
1664365500,147
1664366400,181
1664367300,205
1664368200,300
1664369100,389
1664370000,418
1664370900,153
1664371800,157
1664372700,111
1664373600,94
1664374500,95
1664375400,83
1664376300,92
1664377200,103
1664378100,79
1664379000,892
1664379900,1256
1664380800,1237
1664381700,1198
1664382600,888
1664383500,167
1664384400,163
1664385300,173
1664386200,175
1664387100,142
1664388000,181
1664388900,148
1664389800,140
1664390700,133
1664391600,148
1664392500,162
1664393400,194
1664394300,276
1664395200,135
1664396100,123
1664397000,120
1664397900,114
1664398800,124
1664399700,88
1664400600,98
1664401500,90
1664402400,75
1664403300,71
1664404200,71
1664405100,53
1664406000,63
1664406900,66
1664407800,75
1664408700,72
1664409600,56
1664410500,42
1664411400,49
1664412300,41
1664413200,57
1664414100,59
1664415000,54
1664415900,42
1664416800,50
1664417700,41
1664418600,58
1664419500,59
1664420400,51
1664421300,57
1664422200,66
1664423100,58
1664424000,67
1664424900,62
1664425800,97
1664426700,172
1664427600,452
1664428500,71
1664429400,78
1664430300,70
1664431200,69
1664432100,137
1664433000,67
1664433900,57
1664434800,94
1664435700,734
1664436600,891
1664437500,1041
1664438400,650
1664439300,478
1664440200,674
1664441100,557
1664442000,305
1664442900,91
1664443800,96
1664444700,117
1664445600,152
1664446500,880
1664447400,510
1664448300,698
1664449200,131
1664450100,125
1664451000,157
1664451900,126
1664452800,239
1664453700,131
1664454600,177
1664455500,186
1664456400,195
1664457300,159
1664458200,145
1664459100,142
1664460000,138
1664460900,169
1664461800,150
1664462700,197
1664463600,160
1664464500,170
1664465400,156
1664466300,181
1664467200,190
1664468100,200
1664469000,182
1664469900,169
1664470800,159
1664471700,186
1664472600,271
1664473500,283
1664474400,315
1664475300,284
1664476200,280
1664477100,282
1664478000,199
1664478900,202
1664479800,155
1664480700,158
1664481600,162
1664482500,157
1664483400,125
1664484300,126
1664485200,120
1664486100,103
1664487000,92
1664487900,86
1664488800,84
1664489700,76
1664490600,74
1664491500,106
1664492400,88
1664493300,59
1664494200,46
1664495100,55
1664496000,51
1664496900,70
1664497800,56
1664498700,54
1664499600,47
1664500500,57
1664501400,65
1664502300,69
1664503200,49
1664504100,53
1664505000,62
1664505900,67
1664506800,79
1664507700,62
1664508600,48
1664509500,49
1664510400,53
1664511300,68
1664512200,82
1664513100,233
1664514000,217
1664514900,106
1664515800,95
1664516700,68
1664517600,71
1664518500,46
1664519400,45
1664520300,43
1664521200,48
1664522100,60
1664523000,57
1664523900,42
1664524800,50
1664525700,40
1664526600,55
1664527500,57
1664528400,52
1664529300,40
1664530200,75
1664531100,83
1664532000,107
1664532900,302
1664533800,210
1664534700,101
1664535600,123
1664536500,115
1664537400,115
1664538300,91
1664539200,89
1664540100,129
1664541000,125
1664541900,100
1664542800,122
1664543700,113
1664544600,519
1664545500,155
1664546400,448
1664547300,78
1664548200,86
1664549100,74
1664550000,106
1664550900,126
1664551800,122
1664552700,129
1664553600,137
1664554500,148
1664555400,160
1664556300,191
1664557200,237
1664558100,273
1664559000,253
1664559900,294
1664560800,295
1664561700,251
1664562600,263
1664563500,261
1664564400,223
1664565300,192
1664566200,179
1664567100,177
1664568000,164
1664568900,149
1664569800,146
1664570700,139
1664571600,125
1664572500,132
1664573400,129
1664574300,117
1664575200,52
1664576100,50
1664577000,58
1664577900,58
1664578800,52
1664579700,48
1664580600,41
1664581500,51
1664582400,69
1664583300,48
1664584200,50
1664585100,66
1664586000,58
1664586900,74
1664587800,74
1664588700,47
1664589600,46
1664590500,51
1664591400,44
1664592300,62
1664593200,62
1664594100,45
1664595000,44
1664595900,53
1664596800,175
1664597700,202
1664598600,407
1664599500,102
1664600400,132
1664601300,397
1664602200,149
1664603100,123
1664604000,102
1664604900,112
1664605800,111
1664606700,102
1664607600,106
1664608500,94
1664609400,88
1664610300,75
1664611200,112
1664612100,98
1664613000,113
1664613900,100
1664614800,109
1664615700,85
1664616600,130
1664617500,166
1664618400,165
1664619300,166
1664620200,167
1664621100,163
1664622000,207
1664622900,167
1664623800,135
1664624700,143
1664625600,137
1664626500,117
1664627400,136
1664628300,244
1664629200,253
1664630100,166
1664631000,142
1664631900,106
1664632800,109
1664633700,116
1664634600,126
1664635500,148
1664636400,140
1664637300,150
1664638200,157
1664639100,153
1664640000,144
1664640900,182
1664641800,164
1664642700,156
1664643600,172
1664644500,136
1664645400,120
1664646300,110
1664647200,120
1664648100,117
1664649000,308
1664649900,131
1664650800,104
1664651700,105
1664652600,111
1664653500,108
1664654400,122
1664655300,95
1664656200,88
1664657100,93
1664658000,90
1664658900,114
1664659800,90
1664660700,85
1664661600,84
1664662500,48
1664663400,51
1664664300,61
1664665200,59
1664666100,47
1664667000,46
1664667900,49
1664668800,48
1664669700,68
1664670600,45
1664671500,48
1664672400,49
1664673300,41
1664674200,80
1664675100,73
1664676000,65
1664676900,46
1664677800,46
1664678700,49
1664679600,60
1664680500,59
1664681400,42
1664682300,84
1664683200,231
1664684100,135
1664685000,112
1664685900,103
1664686800,139
1664687700,678
1664688600,313
1664689500,541
1664690400,258
1664691300,120
1664692200,190
1664693100,178
1664694000,187
1664694900,110
1664695800,144
1664696700,130
1664697600,193
1664698500,86
1664699400,105
1664700300,101
1664701200,98
1664702100,85
1664703000,122
1664703900,120
1664704800,148
1664705700,238
1664706600,217
1664707500,150
1664708400,164
1664709300,170
1664710200,156
1664711100,152
1664712000,129
1664712900,204
1664713800,217
1664714700,197
1664715600,236
1664716500,175
1664717400,176
1664718300,181
1664719200,175
1664720100,281
1664721000,273
1664721900,153
1664722800,123
1664723700,181
1664724600,132
1664725500,156
1664726400,146
1664727300,176
1664728200,216
1664729100,151
1664730000,181
1664730900,167
1664731800,156
1664732700,609
1664733600,290
1664734500,208
1664735400,186
1664736300,167
1664737200,121
1664738100,98
1664739000,104
1664739900,103
1664740800,112
1664741700,98
1664742600,95
1664743500,88
1664744400,82
1664745300,85
1664746200,86
1664747100,76
1664748000,69
1664748900,76
1664749800,67
1664750700,95
1664751600,77
1664752500,76
1664753400,68
1664754300,77
1664755200,93
1664756100,84
1664757000,54
1664757900,68
1664758800,58
1664759700,60
1664760600,56
1664761500,63
1664762400,42
1664763300,84
1664764200,87
1664765100,61
1664766000,65
1664766900,59
1664767800,42
1664768700,51
1664769600,41
1664770500,60
1664771400,58
1664772300,52
1664773200,43
1664774100,50
1664775000,55
1664775900,100
1664776800,174
1664777700,376
1664778600,608
1664779500,392
1664780400,746
1664781300,354
1664782200,611
1664783100,698
1664784000,519
1664784900,417
1664785800,665
1664786700,780
1664787600,354
1664788500,128
1664789400,143
1664790300,170
1664791200,131
1664792100,178
1664793000,829
1664793900,540
1664794800,316
1664795700,300
1664796600,357
1664797500,151
1664798400,159
1664799300,139
1664800200,152
1664801100,475
1664802000,669
1664802900,741
1664803800,547
1664804700,697
1664805600,242
1664806500,256
1664807400,227
1664808300,233
1664809200,245
1664810100,407
1664811000,834
1664811900,843
1664812800,717
1664813700,195
1664814600,155
1664815500,159
1664816400,198
1664817300,184
1664818200,183
1664819100,229
1664820000,265
1664820900,216
1664821800,208
1664822700,163
1664823600,180
1664824500,173
1664825400,191
1664826300,184
1664827200,177
1664828100,163
1664829000,203
1664829900,176
1664830800,194
1664831700,118
1664832600,57
1664833500,44
1664834400,45
1664835300,39
1664836200,63
1664837100,45
1664838000,45
1664838900,39
1664839800,60
1664840700,62
1664841600,77
1664842500,42
1664843400,52
1664844300,66
1664845200,64
1664846100,70
1664847000,72
1664847900,53
1664848800,60
1664849700,52
1664850600,61
1664851500,68
1664852400,66
1664853300,51
1664854200,57
1664855100,51
1664856000,78
1664856900,89
1664857800,101
1664858700,114
1664859600,111
1664860500,101
1664861400,120
1664862300,118
1664863200,107
1664864100,106
1664865000,269
1664865900,353
1664866800,85
1664867700,387
1664868600,653
1664869500,361
1664870400,148
1664871300,136
1664872200,311
1664873100,202
1664874000,360
1664874900,188
1664875800,477
1664876700,333
1664877600,421
1664878500,145
1664879400,136
1664880300,129
1664881200,133
1664882100,138
1664883000,146
1664883900,189
1664884800,125
1664885700,122
1664886600,125
1664887500,476
1664888400,548
1664889300,283
1664890200,138
1664891100,158
1664892000,168
1664892900,181
1664893800,178
1664894700,174
1664895600,162
1664896500,184
1664897400,183
1664898300,233
1664899200,261
1664900100,205
1664901000,185
1664901900,196
1664902800,190
1664903700,232
1664904600,315
1664905500,300
1664906400,274
1664907300,263
1664908200,240
1664909100,230
1664910000,198
1664910900,197
1664911800,183
1664912700,300
1664913600,158
1664914500,214
1664915400,133
1664916300,135
1664917200,104
1664918100,81
1664919000,85
1664919900,76
1664920800,62
1664921700,80
1664922600,48
1664923500,65
1664924400,63
1664925300,55
1664926200,45
1664927100,49
1664928000,39
1664928900,60
1664929800,55
1664930700,59
1664931600,55
1664932500,63
1664933400,42
1664934300,62
1664935200,52
1664936100,47
1664937000,39
1664937900,46
1664938800,37
1664939700,63
1664940600,52
1664941500,63
1664942400,64
1664943300,62
1664944200,46
1664945100,65
1664946000,48
1664946900,77
1664947800,219
1664948700,67
1664949600,143
1664950500,113
1664951400,97
1664952300,267
1664953200,780
1664954100,748
1664955000,676
1664955900,666
1664956800,358
1664957700,119
1664958600,97
1664959500,107
1664960400,97
1664961300,120
1664962200,112
1664963100,483
1664964000,936
1664964900,379
1664965800,165
1664966700,494
1664967600,303
1664968500,498
1664969400,120
1664970300,115
1664971200,122
1664972100,267
1664973000,135
1664973900,128
1664974800,144
1664975700,154
1664976600,150
1664977500,217
1664978400,345
1664979300,522
1664980200,472
1664981100,442
1664982000,156
1664982900,166
1664983800,150
1664984700,320
1664985600,156
1664986500,140
1664987400,125
1664988300,192
1664989200,199
1664990100,286
1664991000,267
1664991900,296
1664992800,321
1664993700,346
1664994600,302
1664995500,266
1664996400,274
1664997300,213
1664998200,204
1664999100,222
1665000000,204
1665000900,143
1665001800,122
1665002700,98
1665003600,118
1665004500,117
1665005400,86
1665006300,81
1665007200,88
1665008100,82
1665009000,87
1665009900,78
1665010800,70
1665011700,62
1665012600,67
1665013500,63
1665014400,80
1665015300,77
1665016200,64
1665017100,66
1665018000,63
1665018900,67
1665019800,79
1665020700,79
1665021600,72
1665022500,86
1665023400,78
1665024300,77
1665025200,76
1665026100,77
1665027000,60
1665027900,1307
1665028800,2105
1665029700,2108
1665030600,1708
1665031500,1049
1665032400,1080
1665033300,1252
1665034200,893
1665035100,1083
1665036000,272
1665036900,71
1665037800,44
1665038700,86
1665039600,75
1665040500,94
1665041400,91
1665042300,87
1665043200,89
1665044100,836
1665045000,1047
1665045900,699
1665046800,319
1665047700,189
1665048600,610
1665049500,211
1665050400,520
1665051300,139
1665052200,215
1665053100,132
1665054000,147
1665054900,787
1665055800,745
1665056700,682
1665057600,685
1665058500,413
1665059400,118
1665060300,99
1665061200,127
1665062100,277
1665063000,164
1665063900,228
1665064800,152
1665065700,137
1665066600,149
1665067500,145
1665068400,160
1665069300,125
1665070200,127
1665071100,128
1665072000,174
1665072900,150
1665073800,165
1665074700,154
1665075600,175
1665076500,174
1665077400,208
1665078300,228
1665079200,226
1665080100,256
1665081000,237
1665081900,228
1665082800,215
1665083700,191
1665084600,145
1665085500,164
1665086400,131
1665087300,130
1665088200,107
1665089100,128
1665090000,106
1665090900,109
1665091800,85
1665092700,72
1665093600,54
1665094500,69
1665095400,49
1665096300,67
1665097200,58
1665098100,66
1665099000,49
1665099900,68
1665100800,46
1665101700,50
1665102600,43
1665103500,51
1665104400,51
1665105300,69
1665106200,43
1665107100,52
1665108000,42
1665108900,54
1665109800,54
1665110700,70
1665111600,42
1665112500,68
1665113400,59
1665114300,65
1665115200,54
1665116100,66
1665117000,42
1665117900,68
1665118800,77
1665119700,231
1665120600,362
1665121500,483
1665122400,373
1665123300,90
1665124200,60
1665125100,62
1665126000,115
1665126900,112
1665127800,79
1665128700,74
1665129600,67
1665130500,72
1665131400,65
1665132300,68
1665133200,52
1665134100,61
1665135000,65
1665135900,79
1665136800,86
1665137700,181
1665138600,88
1665139500,100
1665140400,92
1665141300,94
1665142200,89
1665143100,107
1665144000,79
1665144900,90
1665145800,73
1665146700,80
1665147600,90
1665148500,90
1665149400,64
1665150300,70
1665151200,70
1665152100,75
1665153000,77
1665153900,76
1665154800,58
1665155700,69
1665156600,67
1665157500,112
1665158400,127
1665159300,137
1665160200,141
1665161100,305
1665162000,201
1665162900,135
1665163800,128
1665164700,135
1665165600,223
1665166500,677
1665167400,177
1665168300,575
1665169200,143
1665170100,140
1665171000,126
1665171900,139
1665172800,137
1665173700,165
1665174600,153
1665175500,94
1665176400,63
1665177300,75
1665178200,61
1665179100,80
1665180000,77
1665180900,70
1665181800,58
1665182700,68
1665183600,58
1665184500,82
1665185400,74
1665186300,70
1665187200,61
1665188100,70
1665189000,63
1665189900,98
1665190800,92
1665191700,86
1665192600,68
1665193500,73
1665194400,63
1665195300,90
1665196200,74
1665197100,71
1665198000,61
1665198900,68
1665199800,65
1665200700,94
1665201600,218
1665202500,204
1665203400,136
1665204300,136
1665205200,118
1665206100,148
1665207000,133
1665207900,135
1665208800,109
1665209700,109
1665210600,100
1665211500,97
1665212400,66
1665213300,52
1665214200,44
1665215100,47
1665216000,69
1665216900,214
1665217800,72
1665218700,268
1665219600,188
1665220500,295
1665221400,182
1665222300,184
1665223200,164
1665224100,158
1665225000,129
1665225900,135
1665226800,143
1665227700,153
1665228600,118
1665229500,142
1665230400,148
1665231300,127
1665232200,145
1665233100,111
1665234000,92
1665234900,101
1665235800,518
1665236700,342
1665237600,168
1665238500,164
1665239400,147
1665240300,150
1665241200,130
1665242100,151
1665243000,174
1665243900,151
1665244800,141
1665245700,153
1665246600,195
1665247500,188
1665248400,206
1665249300,211
1665250200,186
1665251100,163
1665252000,200
1665252900,218
1665253800,207
1665254700,192
1665255600,166
1665256500,136
1665257400,103
1665258300,151
1665259200,137
1665260100,103
1665261000,141
1665261900,170
1665262800,129
1665263700,158
1665264600,129
1665265500,77
1665266400,61
1665267300,70
1665268200,60
1665269100,86
1665270000,68
1665270900,65
1665271800,58
1665272700,68
1665273600,62
1665274500,85
1665275400,65
1665276300,65
1665277200,59
1665278100,67
1665279000,79
1665279900,102
1665280800,78
1665281700,68
1665282600,60
1665283500,66
1665284400,68
1665285300,82
1665286200,60
1665287100,76
1665288000,216
1665288900,117
1665289800,598
1665290700,287
1665291600,543
1665292500,316
1665293400,162
1665294300,265
1665295200,148
1665296100,158
1665297000,117
1665297900,160
1665298800,212
1665299700,92
1665300600,121
1665301500,87
1665302400,92
1665303300,80
1665304200,141
1665305100,377
1665306000,106
1665306900,101
1665307800,103
1665308700,82
1665309600,99
1665310500,236
1665311400,186
1665312300,169
1665313200,381
1665314100,208
1665315000,144
1665315900,223
1665316800,568
1665317700,272
1665318600,154
1665319500,130
1665320400,137
1665321300,307
1665322200,150
1665323100,128
1665324000,116
1665324900,104
1665325800,113
1665326700,116
1665327600,149
1665328500,181
1665329400,951
1665330300,797
1665331200,1023
1665332100,317
1665333000,195
1665333900,165
1665334800,133
1665335700,124
1665336600,134
1665337500,128
1665338400,197
1665339300,147
1665340200,141
1665341100,127
1665342000,136
1665342900,147
1665343800,147
1665344700,114
1665345600,130
1665346500,113
1665347400,113
1665348300,104
1665349200,73
1665350100,50
1665351000,60
1665351900,52
1665352800,59
1665353700,67
1665354600,73
1665355500,49
1665356400,89
1665357300,65
1665358200,69
1665359100,77
1665360000,81
1665360900,77
1665361800,84
1665362700,69
1665363600,67
1665364500,74
1665365400,74
1665366300,56
1665367200,65
1665368100,55
1665369000,66
1665369900,78
1665370800,75
1665371700,583
1665372600,2113
1665373500,2123
1665374400,1719
1665375300,1251
1665376200,1089
1665377100,1100
1665378000,1098
1665378900,910
1665379800,1213
1665380700,146
1665381600,456
1665382500,90
1665383400,743
1665384300,761
1665385200,668
1665386100,256
1665387000,103
1665387900,75
1665388800,77
1665389700,95
1665390600,308
1665391500,91
1665392400,164
1665393300,104
1665394200,84
1665395100,97
1665396000,76
1665396900,90
1665397800,80
1665398700,68
1665399600,70
1665400500,68
1665401400,74
1665402300,89
1665403200,84
1665404100,68
1665405000,80
1665405900,93
1665406800,102
1665407700,111
1665408600,112
1665409500,100
1665410400,138
1665411300,185
1665412200,197
1665413100,330
1665414000,136
1665414900,248
1665415800,526
1665416700,516
1665417600,381
1665418500,235
1665419400,258
1665420300,236
1665421200,251
1665422100,199
1665423000,245
1665423900,187
1665424800,201
1665425700,174
1665426600,192
1665427500,164
1665428400,215
1665429300,130
1665430200,109
1665431100,86
1665432000,79
1665432900,63
1665433800,50
1665434700,62
1665435600,58
1665436500,42
1665437400,48
1665438300,43
1665439200,50
1665440100,63
1665441000,53
1665441900,44
1665442800,47
1665443700,47
1665444600,63
1665445500,83
1665446400,64
1665447300,49
1665448200,45
1665449100,48
1665450000,53
1665450900,67
1665451800,48
1665452700,48
1665453600,103
1665454500,57
1665455400,66
1665456300,74
1665457200,55
1665458100,55
1665459000,54
1665459900,72
1665460800,77
1665461700,83
1665462600,91
1665463500,93
1665464400,94
1665465300,103
1665466200,119
1665467100,93
1665468000,237
1665468900,143
1665469800,95
1665470700,422
1665471600,330
1665472500,269
1665473400,46
1665474300,46
1665475200,45
1665476100,67
1665477000,591
1665477900,383
1665478800,363
1665479700,525
1665480600,535
1665481500,212
1665482400,198
1665483300,208
1665484200,240
1665485100,245
1665486000,203
1665486900,170
1665487800,200
1665488700,188
1665489600,168
1665490500,152
1665491400,149
1665492300,114
1665493200,103
1665494100,98
1665495000,122
1665495900,150
1665496800,144
1665497700,140
1665498600,162
1665499500,148
1665500400,187
1665501300,159
1665502200,177
1665503100,214
1665504000,187
1665504900,169
1665505800,177
1665506700,193
1665507600,176
1665508500,169
1665509400,164
1665510300,202
1665511200,581
1665512100,278
1665513000,408
1665513900,144
1665514800,97
1665515700,83
1665516600,83
1665517500,70
1665518400,81
1665519300,105
1665520200,102
1665521100,69
1665522000,91
1665522900,74
1665523800,96
1665524700,101
1665525600,93
1665526500,66
1665527400,78
1665528300,66
1665529200,61
1665530100,38
1665531000,61
1665531900,40
1665532800,46
1665533700,50
1665534600,49
1665535500,41
1665536400,46
1665537300,69
1665538200,60
1665539100,59
1665540000,54
1665540900,48
1665541800,41
1665542700,46
1665543600,64
1665544500,62
1665545400,55
1665546300,71
1665547200,65
1665548100,90
1665549000,69
1665549900,91
1665550800,83
1665551700,246
1665552600,196
1665553500,110
1665554400,54
1665555300,73
1665556200,79
1665557100,356
1665558000,747
1665558900,648
1665559800,425
1665560700,174
1665561600,100
1665562500,130
1665563400,81
1665564300,95
1665565200,57
1665566100,85
1665567000,65
1665567900,62
1665568800,68
1665569700,125
1665570600,84
1665571500,80
1665572400,97
1665573300,74
1665574200,67
1665575100,59
1665576000,215
1665576900,756
1665577800,776
1665578700,657
1665579600,730
1665580500,543
1665581400,362
1665582300,144
1665583200,476
1665584100,600
1665585000,561
1665585900,273
1665586800,199
1665587700,155
1665588600,178
1665589500,188
1665590400,205
1665591300,196
1665592200,238
1665593100,229
1665594000,393
1665594900,301
1665595800,339
1665596700,306
1665597600,265
1665598500,194
1665599400,170
1665600300,142
1665601200,152
1665602100,153
1665603000,150
1665603900,146
1665604800,146
1665605700,149
1665606600,155
1665607500,146
1665608400,153
1665609300,123
1665610200,86
1665611100,70
1665612000,77
1665612900,65
1665613800,69
1665614700,82
1665615600,71
1665616500,63
1665617400,50
1665618300,54
1665619200,49
1665620100,67
1665621000,70
1665621900,54
1665622800,42
1665623700,57
1665624600,47
1665625500,51
1665626400,42
1665627300,64
1665628200,44
1665629100,53
1665630000,48
1665630900,56
1665631800,42
1665632700,55
1665633600,253
1665634500,87
1665635400,68
1665636300,88
1665637200,80
1665638100,237
1665639000,1114
1665639900,1222
1665640800,1104
1665641700,967
1665642600,335
1665643500,111
1665644400,99
1665645300,94
1665646200,106
1665647100,94
1665648000,132
1665648900,127
1665649800,129
1665650700,121
1665651600,390
1665652500,254
1665653400,233
1665654300,161
1665655200,196
1665656100,138
1665657000,111
1665657900,83
1665658800,102
1665659700,81
1665660600,131
1665661500,147
1665662400,584
1665663300,156
1665664200,449
1665665100,83
1665666000,93
1665666900,213
1665667800,177
1665668700,364
1665669600,418
1665670500,586
1665671400,211
1665672300,110
1665673200,118
1665674100,138
1665675000,146
1665675900,151
1665676800,272
1665677700,138
1665678600,140
1665679500,164
1665680400,171
1665681300,232
1665682200,310
1665683100,212
1665684000,245
1665684900,228
1665685800,164
1665686700,161
1665687600,157
1665688500,136
1665689400,124
1665690300,155
1665691200,163
1665692100,167
1665693000,164
1665693900,143
1665694800,112
1665695700,127
1665696600,139
1665697500,127
1665698400,108
1665699300,110
1665700200,72
1665701100,53
1665702000,59
1665702900,53
1665703800,57
1665704700,64
1665705600,88
1665706500,59
1665707400,58
1665708300,60
1665709200,58
1665710100,49
1665711000,55
1665711900,56
1665712800,53
1665713700,56
1665714600,90
1665715500,69
1665716400,78
1665717300,69
1665718200,64
1665719100,54
1665720000,175
1665720900,315
1665721800,120
1665722700,124
1665723600,131
1665724500,155
1665725400,97
1665726300,105
1665727200,110
1665728100,99
1665729000,71
1665729900,85
1665730800,131
1665731700,131
1665732600,95
1665733500,104
1665734400,254
1665735300,482
1665736200,290
1665737100,436
1665738000,110
1665738900,121
1665739800,114
1665740700,99
1665741600,109
1665742500,300
1665743400,188
1665744300,221
1665745200,178
1665746100,155
1665747000,135
1665747900,125
1665748800,148
1665749700,247
1665750600,112
1665751500,80
1665752400,83
1665753300,59
1665754200,80
1665755100,100
1665756000,118
1665756900,119
1665757800,126
1665758700,127
1665759600,122
1665760500,339
1665761400,477
1665762300,195
1665763200,162
1665764100,178
1665765000,193
1665765900,232
1665766800,243
1665767700,200
1665768600,226
1665769500,222
1665770400,273
1665771300,194
1665772200,243
1665773100,150
1665774000,156
1665774900,141
1665775800,134
1665776700,143
1665777600,119
1665778500,82
1665779400,73
1665780300,103
1665781200,83
1665782100,85
1665783000,58
1665783900,61
1665784800,54
1665785700,66
1665786600,50
1665787500,53
1665788400,41
1665789300,60
1665790200,39
1665791100,47
1665792000,51
1665792900,66
1665793800,55
1665794700,61
1665795600,50
1665796500,44
1665797400,44
1665798300,53
1665799200,47
1665800100,51
1665801000,81
1665801900,70
1665802800,74
1665803700,61
1665804600,71
1665805500,59
1665806400,89
1665807300,256
1665808200,436
1665809100,112
1665810000,98
1665810900,147
1665811800,112
1665812700,113
1665813600,122
1665814500,156
1665815400,147
1665816300,143
1665817200,182
1665818100,97
1665819000,92
1665819900,106
1665820800,88
1665821700,80
1665822600,74
1665823500,112
1665824400,98
1665825300,123
1665826200,152
1665827100,174
1665828000,160
1665828900,293
1665829800,256
1665830700,202
1665831600,213
1665832500,186
1665833400,168
1665834300,152
1665835200,140
1665836100,139
1665837000,191
1665837900,105
1665838800,126
1665839700,119
1665840600,111
1665841500,130
1665842400,153
1665843300,160
1665844200,154
1665845100,174
1665846000,136
1665846900,143
1665847800,137
1665848700,153
1665849600,137
1665850500,165
1665851400,232
1665852300,216
1665853200,212
1665854100,263
1665855000,273
1665855900,615
1665856800,314
1665857700,431
1665858600,202
1665859500,219
1665860400,164
1665861300,122
1665862200,148
1665863100,131
1665864000,122
1665864900,112
1665865800,127
1665866700,108
1665867600,98
1665868500,108
1665869400,105
1665870300,102
1665871200,100
1665872100,114
1665873000,70
1665873900,71
1665874800,81
1665875700,62
1665876600,41
1665877500,75
1665878400,61
1665879300,60
1665880200,44
1665881100,57
1665882000,45
1665882900,44
1665883800,60
1665884700,42
1665885600,52
1665886500,52
1665887400,57
1665888300,43
1665889200,50
1665890100,63
1665891000,66
1665891900,65
1665892800,229
1665893700,104
1665894600,110
1665895500,124
1665896400,333
1665897300,431
1665898200,122
1665899100,210
1665900000,113
1665900900,145
1665901800,115
1665902700,186
1665903600,190
1665904500,86
1665905400,86
1665906300,101
1665907200,104
1665908100,148
1665909000,109
1665909900,253
1665910800,107
1665911700,124
1665912600,144
1665913500,277
1665914400,247
1665915300,150
1665916200,133
1665917100,119
1665918000,135
1665918900,118
1665919800,119
1665920700,740
1665921600,566
1665922500,456
1665923400,181
1665924300,200
1665925200,178
1665926100,188
1665927000,189
1665927900,190
1665928800,374
1665929700,232
1665930600,189
1665931500,1722
1665932400,2484
1665933300,2235
1665934200,1423
1665935100,1530
1665936000,1557
1665936900,1696
1665937800,1212
1665938700,1379
1665939600,1191
1665940500,1079
1665941400,946
1665942300,1206
1665943200,952
1665944100,878
1665945000,161
1665945900,146
1665946800,147
1665947700,155
1665948600,138
1665949500,124
1665950400,111
1665951300,118
1665952200,94
1665953100,100
1665954000,58
1665954900,49
1665955800,45
1665956700,60
1665957600,41
1665958500,49
1665959400,56
1665960300,44
1665961200,47
1665962100,54
1665963000,50
1665963900,48
1665964800,76
1665965700,62
1665966600,54
1665967500,46
1665968400,59
1665969300,44
1665970200,80
1665971100,88
1665972000,53
1665972900,48
1665973800,53
1665974700,72
1665975600,65
1665976500,79
1665977400,64
1665978300,64
1665979200,57
1665980100,86
1665981000,55
1665981900,64
1665982800,93
1665983700,109
1665984600,217
1665985500,265
1665986400,1003
1665987300,651
1665988200,624
1665989100,617
1665990000,176
1665990900,187
1665991800,188
1665992700,140
1665993600,94
1665994500,265
1665995400,153
1665996300,64
1665997200,47
1665998100,63
1665999000,63
1665999900,64
1666000800,60
1666001700,81
1666002600,60
1666003500,67
1666004400,86
1666005300,90
1666006200,75
1666007100,90
1666008000,1002
1666008900,690
1666009800,665
1666010700,685
1666011600,918
1666012500,318
1666013400,241
1666014300,244
1666015200,225
1666016100,268
1666017000,239
1666017900,212
1666018800,215
1666019700,201
1666020600,230
1666021500,220
1666022400,202
1666023300,207
1666024200,211
1666025100,203
1666026000,233
1666026900,250
1666027800,248
1666028700,223
1666029600,234
1666030500,220
1666031400,166
1666032300,172
1666033200,145
1666034100,143
1666035000,157
1666035900,186
1666036800,122
1666037700,118
1666038600,84
1666039500,63
1666040400,52
1666041300,54
1666042200,44
1666043100,60
1666044000,67
1666044900,68
1666045800,48
1666046700,62
1666047600,45
1666048500,47
1666049400,60
1666050300,44
1666051200,51
1666052100,57
1666053000,54
1666053900,85
1666054800,77
1666055700,70
1666056600,83
1666057500,80
1666058400,98
1666059300,49
1666060200,62
1666061100,83
1666062000,79
1666062900,70
1666063800,66
1666064700,55
1666065600,47
1666066500,52
1666067400,57
1666068300,66
1666069200,69
1666070100,90
1666071000,96
1666071900,133
1666072800,610
1666073700,673
1666074600,446
1666075500,396
1666076400,314
1666077300,91
1666078200,81
1666079100,87
1666080000,85
1666080900,76
1666081800,112
1666082700,737
1666083600,674
1666084500,223
1666085400,344
1666086300,478
1666087200,421
1666088100,344
1666089000,213
1666089900,167
1666090800,174
1666091700,183
1666092600,124
1666093500,159
1666094400,164
1666095300,204
1666096200,185
1666097100,188
1666098000,162
1666098900,145
1666099800,98
1666100700,105
1666101600,87
1666102500,88
1666103400,85
1666104300,99
1666105200,83
1666106100,105
1666107000,113
1666107900,132
1666108800,108
1666109700,385
1666110600,373
1666111500,286
1666112400,214
1666113300,170
1666114200,201
1666115100,208
1666116000,226
1666116900,171
1666117800,181
1666118700,173
1666119600,154
1666120500,146
1666121400,170
1666122300,109
1666123200,100
1666124100,79
1666125000,64
1666125900,50
1666126800,72
1666127700,63
1666128600,76
1666129500,66
1666130400,75
1666131300,52
1666132200,52
1666133100,74
1666134000,49
1666134900,57
1666135800,56
1666136700,62
1666137600,58
1666138500,55
1666139400,56
1666140300,67
1666141200,60
1666142100,101
1666143000,79
1666143900,84
1666144800,90
1666145700,91
1666146600,47
1666147500,51
1666148400,86
1666149300,66
1666150200,74
1666151100,60
1666152000,50
1666152900,48
1666153800,73
1666154700,293
1666155600,361
1666156500,475
1666157400,380
1666158300,394
1666159200,295
1666160100,243
1666161000,56
1666161900,62
1666162800,45
1666163700,98
1666164600,101
1666165500,160
1666166400,118
1666167300,127
1666168200,90
1666169100,129
1666170000,151
1666170900,138
1666171800,154
1666172700,156
1666173600,225
1666174500,197
1666175400,245
1666176300,282
1666177200,730
1666178100,532
1666179000,179
1666179900,145
1666180800,137
1666181700,182
1666182600,151
1666183500,298
1666184400,162
1666185300,180
1666186200,666
1666187100,1253
1666188000,1053
1666188900,897
1666189800,468
1666190700,404
1666191600,513
1666192500,912
1666193400,296
1666194300,403
1666195200,175
1666196100,251
1666197000,198
1666197900,197
1666198800,274
1666199700,289
1666200600,285
1666201500,272
1666202400,297
1666203300,314
1666204200,298
1666205100,216
1666206000,226
1666206900,185
1666207800,163
1666208700,152
1666209600,139
1666210500,112
1666211400,107
1666212300,119
1666213200,105
1666214100,113
1666215000,117
1666215900,103
1666216800,83
1666217700,106
1666218600,86
1666219500,93
1666220400,83
1666221300,87
1666222200,83
1666223100,93
1666224000,110
1666224900,89
1666225800,121
1666226700,132
1666227600,110
1666228500,85
1666229400,79
1666230300,50
1666231200,52
1666232100,45
1666233000,63
1666233900,46
1666234800,45
1666235700,82
1666236600,69
1666237500,74
1666238400,66
1666239300,65
1666240200,79
1666241100,232
1666242000,91
1666242900,123
1666243800,126
1666244700,106
1666245600,104
1666246500,85
1666247400,82
1666248300,78
1666249200,75
1666250100,126
1666251000,127
1666251900,83
1666252800,117
1666253700,155
1666254600,172
1666255500,125
1666256400,131
1666257300,160
1666258200,172
1666259100,427
1666260000,368
1666260900,151
1666261800,187
1666262700,634
1666263600,238
1666264500,554
1666265400,156
1666266300,208
1666267200,231
1666268100,168
1666269000,145
1666269900,141
1666270800,138
1666271700,141
1666272600,144
1666273500,166
1666274400,135
1666275300,374
1666276200,412
1666277100,558
1666278000,439
1666278900,170
1666279800,182
1666280700,1630
1666281600,2137
1666282500,2164
1666283400,1467
1666284300,1124
1666285200,602
1666286100,504
1666287000,845
1666287900,1014
1666288800,752
1666289700,938
1666290600,415
1666291500,283
1666292400,219
1666293300,210
1666294200,235
1666295100,236
1666296000,240
1666296900,250
1666297800,234
1666298700,178
1666299600,125
1666300500,121
1666301400,104
1666302300,83
1666303200,82
1666304100,70
1666305000,67
1666305900,51
1666306800,59
1666307700,49
1666308600,48
1666309500,62
1666310400,48
1666311300,50
1666312200,55
1666313100,56
1666314000,45
1666314900,55
1666315800,73
1666316700,70
1666317600,62
1666318500,83
1666319400,61
1666320300,56
1666321200,50
1666322100,66
1666323000,69
1666323900,80
1666324800,91
1666325700,280
1666326600,385
1666327500,191
1666328400,155
1666329300,120
1666330200,106
1666331100,134
1666332000,95
1666332900,81
1666333800,81
1666334700,60
1666335600,60
1666336500,66
1666337400,277
1666338300,483
1666339200,84
1666340100,117
1666341000,324
1666341900,84
1666342800,100
1666343700,94
1666344600,78
1666345500,73
1666346400,85
1666347300,164
1666348200,110
1666349100,109
1666350000,127
1666350900,99
1666351800,94
1666352700,88
1666353600,103
1666354500,84
1666355400,93
1666356300,83
1666357200,77
1666358100,71
1666359000,75
1666359900,86
1666360800,60
1666361700,68
1666362600,67
1666363500,73
1666364400,60
1666365300,69
1666366200,96
1666367100,140
1666368000,178
1666368900,312
1666369800,229
1666370700,211
1666371600,161
1666372500,225
1666373400,585
1666374300,266
1666375200,493
1666376100,156
1666377000,160
1666377900,126
1666378800,135
1666379700,116
1666380600,119
1666381500,110
1666382400,129
1666383300,86
1666384200,87
1666385100,154
1666386000,140
1666386900,127
1666387800,105
1666388700,100
1666389600,84
1666390500,74
1666391400,76
1666392300,71
1666393200,61
1666394100,73
1666395000,69
1666395900,66
1666396800,58
1666397700,79
1666398600,58
1666399500,66
1666400400,65
1666401300,70
1666402200,64
1666403100,59
1666404000,78
1666404900,59
1666405800,70
1666406700,87
1666407600,118
1666408500,98
1666409400,107
1666410300,97
1666411200,103
1666412100,273
1666413000,150
1666413900,94
1666414800,343
1666415700,238
1666416600,144
1666417500,118
1666418400,134
1666419300,141
1666420200,112
1666421100,96
1666422000,111
1666422900,147
1666423800,124
1666424700,109
1666425600,120
1666426500,135
1666427400,128
1666428300,103
1666429200,98
1666430100,102
1666431000,108
1666431900,147
1666432800,168
1666433700,197
1666434600,368
1666435500,192
1666436400,172
1666437300,173
1666438200,112
1666439100,120
1666440000,101
1666440900,88
1666441800,82
1666442700,84
1666443600,69
1666444500,75
1666445400,95
1666446300,158
1666447200,526
1666448100,174
1666449000,422
1666449900,99
1666450800,95
1666451700,89
1666452600,122
1666453500,105
1666454400,99
1666455300,130
1666456200,141
1666457100,120
1666458000,160
1666458900,118
1666459800,181
1666460700,194
1666461600,176
1666462500,193
1666463400,154
1666464300,166
1666465200,209
1666466100,208
1666467000,215
1666467900,245
1666468800,198
1666469700,138
1666470600,109
1666471500,98
1666472400,108
1666473300,96
1666474200,107
1666475100,78
1666476000,87
1666476900,79
1666477800,87
1666478700,91
1666479600,105
1666480500,98
1666481400,104
1666482300,112
1666483200,97
1666484100,85
1666485000,84
1666485900,110
1666486800,62
1666487700,72
1666488600,74
1666489500,83
1666490400,122
1666491300,112
1666492200,119
1666493100,97
1666494000,85
1666494900,97
1666495800,112
1666496700,108
1666497600,167
1666498500,207
1666499400,144
1666500300,134
1666501200,160
1666502100,337
1666503000,275
1666503900,123
1666504800,187
1666505700,144
1666506600,98
1666507500,281
1666508400,108
1666509300,139
1666510200,68
1666511100,105
1666512000,82
1666512900,71
1666513800,52
1666514700,63
1666515600,349
1666516500,205
1666517400,111
1666518300,110
1666519200,100
1666520100,102
1666521000,103
1666521900,115
1666522800,94
1666523700,61
1666524600,66
1666525500,72
1666526400,65
1666527300,61
1666528200,61
1666529100,77
1666530000,59
1666530900,65
1666531800,65
1666532700,75
1666533600,72
1666534500,84
1666535400,93
1666536300,93
1666537200,88
1666538100,114
1666539000,138
1666539900,166
1666540800,197
1666541700,480
1666542600,756
1666543500,915
1666544400,412
1666545300,447
1666546200,500
1666547100,532
1666548000,546
1666548900,356
1666549800,264
1666550700,262
1666551600,332
1666552500,289
1666553400,334
1666554300,165
1666555200,91
1666556100,68
1666557000,40
1666557900,48
1666558800,47
1666559700,54
1666560600,41
1666561500,46
1666562400,55
1666563300,43
1666564200,44
1666565100,41
1666566000,73
1666566900,57
1666567800,63
1666568700,63
1666569600,70
1666570500,103
1666571400,101
1666572300,72
1666573200,54
1666574100,45
1666575000,68
1666575900,86
1666576800,67
1666577700,66
1666578600,46
1666579500,58
1666580400,39
1666581300,74
1666582200,70
1666583100,78
1666584000,71
1666584900,69
1666585800,84
1666586700,70
1666587600,237
1666588500,99
1666589400,131
1666590300,110
1666591200,200
1666592100,252
1666593000,217
1666593900,78
1666594800,172
1666595700,129
1666596600,119
1666597500,75
1666598400,60
1666599300,96
1666600200,87
1666601100,94
1666602000,87
1666602900,114
1666603800,176
1666604700,161
1666605600,501
1666606500,340
1666607400,178
1666608300,216
1666609200,153
1666610100,193
1666611000,193
1666611900,219
1666612800,177
1666613700,132
1666614600,140
1666615500,354
1666616400,332
1666617300,432
1666618200,194
1666619100,184
1666620000,216
1666620900,210
1666621800,207
1666622700,210
1666623600,211
1666624500,172
1666625400,184
1666626300,224
1666627200,201
1666628100,188
1666629000,92
1666629900,79
1666630800,82
1666631700,75
1666632600,105
1666633500,76
1666634400,85
1666635300,93
1666636200,105
1666637100,97
1666638000,99
1666638900,110
1666639800,108
1666640700,140
1666641600,86
1666642500,65
1666643400,48
1666644300,54
1666645200,60
1666646100,56
1666647000,48
1666647900,63
1666648800,53
1666649700,56
1666650600,47
1666651500,67
1666652400,48
1666653300,53
1666654200,54
1666655100,73
1666656000,99
1666656900,46
1666657800,66
1666658700,46
1666659600,54
1666660500,53
1666661400,82
1666662300,61
1666663200,72
1666664100,78
1666665000,99
1666665900,73
1666666800,146
1666667700,104
1666668600,59
1666669500,66
1666670400,58
1666671300,81
1666672200,66
1666673100,90
1666674000,87
1666674900,101
1666675800,87
1666676700,103
1666677600,87
1666678500,67
1666679400,60
1666680300,65
1666681200,123
1666682100,86
1666683000,121
1666683900,186
1666684800,199
1666685700,75
1666686600,81
1666687500,260
1666688400,522
1666689300,441
1666690200,363
1666691100,141
1666692000,131
1666692900,145
1666693800,632
1666694700,232
1666695600,562
1666696500,90
1666697400,102
1666698300,160
1666699200,107
1666700100,107
1666701000,114
1666701900,124
1666702800,107
1666703700,109
1666704600,118
1666705500,113
1666706400,114
1666707300,206
1666708200,182
1666709100,121
1666710000,111
1666710900,102
1666711800,139
1666712700,122
1666713600,130
1666714500,128
1666715400,125
1666716300,117
1666717200,112
1666718100,131
1666719000,109
1666719900,119
1666720800,108
1666721700,123
1666722600,104
1666723500,117
1666724400,121
1666725300,123
1666726200,121
1666727100,176
1666728000,227
1666728900,184
1666729800,212
1666730700,192
1666731600,196
1666732500,174
1666733400,143
1666734300,82
1666735200,87
1666736100,74
1666737000,80
1666737900,92
1666738800,72
1666739700,74
1666740600,70
1666741500,85
1666742400,86
1666743300,88
1666744200,88
1666745100,91
1666746000,58
1666746900,68
1666747800,65
1666748700,62
1666749600,60
1666750500,89
1666751400,93
1666752300,100
1666753200,102
1666754100,107
1666755000,84
1666755900,86
1666756800,101
1666757700,103
1666758600,89
1666759500,146
1666760400,180
1666761300,184
1666762200,292
1666763100,264
1666764000,271
1666764900,113
1666765800,358
1666766700,124
1666767600,109
1666768500,196
1666769400,366
1666770300,195
1666771200,143
1666772100,714
1666773000,720
1666773900,609
1666774800,278
1666775700,572
1666776600,701
1666777500,611
1666778400,172
1666779300,108
1666780200,127
1666781100,202
1666782000,460
1666782900,273
1666783800,368
1666784700,167
1666785600,124
1666786500,92
1666787400,108
1666788300,93
1666789200,79
1666790100,88
1666791000,77
1666791900,69
1666792800,63
1666793700,83
1666794600,62
1666795500,71
1666796400,64
1666797300,81
1666798200,62
1666799100,68
1666800000,75
1666800900,67
1666801800,66
1666802700,63
1666803600,83
1666804500,92
1666805400,122
1666806300,115
1666807200,116
1666808100,94
1666809000,86
1666809900,81
1666810800,78
1666811700,149
1666812600,104
1666813500,231
1666814400,95
1666815300,103
1666816200,98
1666817100,113
1666818000,134
1666818900,122
1666819800,71
1666820700,74
1666821600,60
1666822500,67
1666823400,80
1666824300,62
1666825200,77
1666826100,77
1666827000,101
1666827900,83
1666828800,81
1666829700,73
1666830600,78
1666831500,43
1666832400,50
1666833300,61
1666834200,52
1666835100,50
1666836000,68
1666836900,90
1666837800,66
1666838700,75
1666839600,65
1666840500,61
1666841400,43
1666842300,61
1666843200,79
1666844100,108
1666845000,105
1666845900,109
1666846800,114
1666847700,92
1666848600,55
1666849500,207
1666850400,283
1666851300,924
1666852200,1234
1666853100,1243
1666854000,1276
1666854900,682
1666855800,180
1666856700,142
1666857600,772
1666858500,346
1666859400,1091
1666860300,915
1666861200,889
1666862100,937
1666863000,980
1666863900,1174
1666864800,339
1666865700,136
1666866600,179
1666867500,220
1666868400,264
1666869300,149
1666870200,127
1666871100,170
1666872000,125
1666872900,126
1666873800,118
1666874700,139
1666875600,295
1666876500,176
1666877400,487
1666878300,282
1666879200,135
1666880100,146
1666881000,121
1666881900,147
1666882800,154
1666883700,159
1666884600,159
1666885500,227
1666886400,176
1666887300,423
1666888200,331
1666889100,402
1666890000,158
1666890900,154
1666891800,150
1666892700,144
1666893600,219
1666894500,248
1666895400,251
1666896300,251
1666897200,283
1666898100,249
1666899000,269
1666899900,260
1666900800,190
1666901700,168
1666902600,130
1666903500,117
1666904400,112
1666905300,121
1666906200,117
1666907100,95
1666908000,96
1666908900,97
1666909800,87
1666910700,73
1666911600,60
1666912500,62
1666913400,55
1666914300,72
1666915200,58
1666916100,57
1666917000,72
1666917900,57
1666918800,80
1666919700,77
1666920600,85
1666921500,70
1666922400,62
1666923300,68
1666924200,67
1666925100,90
1666926000,133
1666926900,115
1666927800,118
1666928700,113
1666929600,95
1666930500,61
1666931400,53
1666932300,74
1666933200,55
1666934100,63
1666935000,79
1666935900,265
1666936800,97
1666937700,109
1666938600,90
1666939500,59
1666940400,61
1666941300,66
1666942200,75
1666943100,103
1666944000,225
1666944900,397
1666945800,172
1666946700,88
1666947600,89
1666948500,269
1666949400,162
1666950300,206
1666951200,127
1666952100,117
1666953000,162
1666953900,211
1666954800,165
1666955700,106
1666956600,119
1666957500,133
1666958400,147
1666959300,149
1666960200,296
1666961100,91
1666962000,67
1666962900,65
1666963800,70
1666964700,75
1666965600,61
1666966500,69
1666967400,72
1666968300,79
1666969200,468
1666970100,290
1666971000,197
1666971900,135
1666972800,122
1666973700,152
1666974600,117
1666975500,151
1666976400,168
1666977300,197
1666978200,194
1666979100,232
1666980000,532
1666980900,588
1666981800,494
1666982700,526
1666983600,294
1666984500,259
1666985400,270
1666986300,294
1666987200,390
1666988100,356
1666989000,392
1666989900,244
1666990800,210
1666991700,162
1666992600,139
1666993500,113
1666994400,105
1666995300,105
1666996200,80
1666997100,68
1666998000,64
1666998900,82
1666999800,85
1667000700,91
1667001600,81
1667002500,98
1667003400,69
1667004300,72
1667005200,74
1667006100,69
1667007000,65
1667007900,67
1667008800,75
1667009700,59
1667010600,69
1667011500,72
1667012400,88
1667013300,105
1667014200,113
1667015100,88
1667016000,97
1667016900,53
1667017800,60
1667018700,48
1667019600,66
1667020500,311
1667021400,170
1667022300,148
1667023200,137
1667024100,173
1667025000,123
1667025900,102
1667026800,79
1667027700,88
1667028600,74
1667029500,55
1667030400,83
1667031300,60
1667032200,99
1667033100,105
1667034000,81
1667034900,71
1667035800,56
1667036700,58
1667037600,66
1667038500,63
1667039400,120
1667040300,86
1667041200,68
1667042100,174
1667043000,94
1667043900,114
1667044800,100
1667045700,147
1667046600,151
1667047500,169
1667048400,157
1667049300,170
1667050200,206
1667051100,142
1667052000,119
1667052900,137
1667053800,144
1667054700,192
1667055600,184
1667056500,173
1667057400,160
1667058300,163
1667059200,195
1667060100,174
1667061000,180
1667061900,171
1667062800,185
1667063700,254
1667064600,288
1667065500,355
1667066400,310
1667067300,273
1667068200,280
1667069100,268
1667070000,276
1667070900,169
1667071800,171
1667072700,179
1667073600,168
1667074500,179
1667075400,154
1667076300,149
1667077200,117
1667078100,92
1667079000,45
1667079900,54
1667080800,55
1667081700,105
1667082600,70
1667083500,96
1667084400,83
1667085300,79
1667086200,71
1667087100,59
1667088000,60
1667088900,46
1667089800,66
1667090700,46
1667091600,54
1667092500,55
1667093400,58
1667094300,45
1667095200,55
1667096100,60
1667097000,48
1667097900,52
1667098800,57
1667099700,60
1667100600,75
1667101500,95
1667102400,103
1667103300,82
1667104200,67
1667105100,88
1667106000,90
1667106900,230
1667107800,105
1667108700,716
1667109600,197
1667110500,371
1667111400,287
1667112300,191
1667113200,156
1667114100,128
1667115000,104
1667115900,260
1667116800,459
1667117700,417
1667118600,117
1667119500,100
1667120400,98
1667121300,219
1667122200,422
1667123100,56
1667124000,52
1667124900,78
1667125800,69
1667126700,80
1667127600,78
1667128500,88
1667129400,69
1667130300,78
1667131200,78
1667132100,68
1667133000,66
1667133900,86
1667134800,99
1667135700,334
1667136600,194
1667137500,98
1667138400,109
1667139300,99
1667140200,101
1667141100,103
1667142000,103
1667142900,501
1667143800,281
1667144700,163
1667145600,158
1667146500,214
1667147400,253
1667148300,292
1667149200,265
1667150100,270
1667151000,267
1667151900,249
1667152800,239
1667153700,332
1667154600,248
1667155500,348
1667156400,191
1667157300,192
1667158200,126
1667159100,164
1667160000,150
1667160900,152
1667161800,108
1667162700,115
1667163600,113
1667164500,83
1667165400,65
1667166300,59
1667167200,68
1667168100,43
1667169000,53
1667169900,50
1667170800,59
1667171700,45
1667172600,53
1667173500,56
1667174400,53
1667175300,45
1667176200,56
1667177100,53
1667178000,56
1667178900,72
1667179800,127
1667180700,99
1667181600,90
1667182500,84
1667183400,86
1667184300,69
1667185200,62
1667186100,81
1667187000,94
1667187900,93
1667188800,82
1667189700,103
1667190600,61
1667191500,73
1667192400,76
1667193300,89
1667194200,91
1667195100,102
1667196000,114
1667196900,298
1667197800,213
1667198700,241
1667199600,494
1667200500,96
1667201400,99
1667202300,136
1667203200,378
1667204100,114
1667205000,125
1667205900,169
1667206800,149
1667207700,83
1667208600,81
1667209500,89
1667210400,79
1667211300,88
1667212200,117
1667213100,138
1667214000,132
1667214900,153
1667215800,251
1667216700,128
1667217600,115
1667218500,124
1667219400,92
1667220300,80
1667221200,80
1667222100,92
1667223000,131
1667223900,124
1667224800,96
1667225700,110
1667226600,97
1667227500,110
1667228400,147
1667229300,145
1667230200,342
1667231100,353
1667232000,293
1667232900,166
1667233800,91
1667234700,89
1667235600,102
1667236500,84
1667237400,97
1667238300,97
1667239200,92
1667240100,84
1667241000,111
1667241900,213
1667242800,278
1667243700,271
1667244600,277
1667245500,324
1667246400,261
1667247300,278
1667248200,235
1667249100,230
1667250000,204
1667250900,197
1667251800,174
1667252700,197
1667253600,167
1667254500,171
1667255400,158
1667256300,62
1667257200,46
1667258100,51
1667259000,92
1667259900,74
1667260800,84
1667261700,76
1667262600,67
1667263500,60
1667264400,63
1667265300,56
1667266200,60
1667267100,54
1667268000,78
1667268900,57
1667269800,65
1667270700,69
1667271600,62
1667272500,64
1667273400,59
1667274300,85
1667275200,183
1667276100,145
1667277000,381
1667277900,301
1667278800,408
1667279700,76
1667280600,64
1667281500,58
1667282400,53
1667283300,66
1667284200,59
1667285100,79
1667286000,84
1667286900,100
1667287800,230
1667288700,105
1667289600,110
1667290500,643
1667291400,508
1667292300,375
1667293200,345
1667294100,745
1667295000,939
1667295900,705
1667296800,228
1667297700,174
1667298600,521
1667299500,210
1667300400,516
1667301300,150
1667302200,244
1667303100,154
1667304000,146
1667304900,136
1667305800,102
1667306700,121
1667307600,125
1667308500,119
1667309400,131
1667310300,111
1667311200,119
1667312100,149
1667313000,142
1667313900,110
1667314800,246
1667315700,136
1667316600,95
1667317500,74
1667318400,81
1667319300,86
1667320200,174
1667321100,198
1667322000,267
1667322900,298
1667323800,288
1667324700,303
1667325600,297
1667326500,284
1667327400,289
1667328300,310
1667329200,312
1667330100,332
1667331000,340
1667331900,318
1667332800,295
1667333700,202
1667334600,217
1667335500,223
1667336400,206
1667337300,197
1667338200,168
1667339100,127
1667340000,132
1667340900,101
1667341800,98
1667342700,106
1667343600,88
1667344500,82
1667345400,85
1667346300,82
1667347200,55
1667348100,67
1667349000,58
1667349900,62
1667350800,52
1667351700,71
1667352600,55
1667353500,62
1667354400,205
1667355300,135
1667356200,76
1667357100,58
1667358000,67
1667358900,53
1667359800,63
1667360700,80
1667361600,77
1667362500,71
1667363400,80
1667364300,71
1667365200,53
1667366100,71
1667367000,90
1667367900,82
1667368800,231
1667369700,162
1667370600,102
1667371500,514
1667372400,120
1667373300,100
1667374200,51
1667375100,40
1667376000,70
1667376900,63
1667377800,73
1667378700,66
1667379600,79
1667380500,47
1667381400,64
1667382300,68
1667383200,63
1667384100,66
1667385000,86
1667385900,99
1667386800,65
1667387700,331
1667388600,92
1667389500,91
1667390400,82
1667391300,83
1667392200,75
1667393100,67
1667394000,61
1667394900,75
1667395800,66
1667396700,63
1667397600,64
1667398500,73
1667399400,68
1667400300,75
1667401200,88
1667402100,87
1667403000,84
1667403900,59
1667404800,77
1667405700,61
1667406600,65
1667407500,61
1667408400,75
1667409300,63
1667410200,405
1667411100,479
1667412000,187
1667412900,194
1667413800,191
1667414700,482
1667415600,542
1667416500,508
1667417400,412
1667418300,212
1667419200,180
1667420100,183
1667421000,185
1667421900,212
1667422800,202
1667423700,142
1667424600,131
1667425500,112
1667426400,86
1667427300,61
1667428200,81
1667429100,58
1667430000,67
1667430900,64
1667431800,84
1667432700,81
1667433600,87
1667434500,105
1667435400,64
1667436300,59
1667437200,46
1667438100,68
1667439000,51
1667439900,52
1667440800,74
1667441700,84
1667442600,67
1667443500,101
1667444400,285
1667445300,61
1667446200,73
1667447100,66
1667448000,112
1667448900,99
1667449800,91
1667450700,90
1667451600,100
1667452500,84
1667453400,89
1667454300,80
1667455200,57
1667456100,230
1667457000,69
1667457900,736
1667458800,961
1667459700,741
1667460600,294
1667461500,153
1667462400,137
1667463300,139
1667464200,160
1667465100,516
1667466000,906
1667466900,766
1667467800,709
1667468700,683
1667469600,837
1667470500,633
1667471400,431
1667472300,276
1667473200,346
1667474100,188
1667475000,436
1667475900,626
1667476800,958
1667477700,682
1667478600,678
1667479500,231
1667480400,128
1667481300,129
1667482200,139
1667483100,181
1667484000,147
1667484900,787
1667485800,741
1667486700,657
1667487600,535
1667488500,289
1667489400,133
1667490300,141
1667491200,191
1667492100,188
1667493000,186
1667493900,206
1667494800,236
1667495700,305
1667496600,242
1667497500,252
1667498400,291
1667499300,253
1667500200,268
1667501100,261
1667502000,260
1667502900,220
1667503800,213
1667504700,203
1667505600,212
1667506500,197
1667507400,184
1667508300,384
1667509200,526
1667510100,371
1667511000,147
1667511900,135
1667512800,104
1667513700,105
1667514600,104
1667515500,92
1667516400,86
1667517300,57
1667518200,53
1667519100,43
1667520000,74
1667520900,66
1667521800,63
1667522700,76
1667523600,54
1667524500,52
1667525400,51
1667526300,58
1667527200,53
1667528100,43
1667529000,66
1667529900,46
1667530800,49
1667531700,66
1667532600,48
1667533500,50
1667534400,72
1667535300,74
1667536200,77
1667537100,74
1667538000,92
1667538900,100
1667539800,334
1667540700,110
1667541600,168
1667542500,118
1667543400,64
1667544300,84
1667545200,54
1667546100,43
1667547000,55
1667547900,44
1667548800,49
1667549700,52
1667550600,97
1667551500,89
1667552400,76
1667553300,79
1667554200,55
1667555100,49
1667556000,44
1667556900,60
1667557800,67
1667558700,57
1667559600,72
1667560500,84
1667561400,88
1667562300,88
1667563200,95
1667564100,84
1667565000,58
1667565900,96
1667566800,174
1667567700,344
1667568600,108
1667569500,121
1667570400,295
1667571300,467
1667572200,321
1667573100,239
1667574000,274
1667574900,149
1667575800,121
1667576700,138
1667577600,163
1667578500,176
1667579400,234
1667580300,212
1667581200,186
1667582100,274
1667583000,198
1667583900,332
1667584800,221
1667585700,236
1667586600,239
1667587500,221
1667588400,245
1667589300,139
1667590200,136
1667591100,132
1667592000,145
1667592900,130
1667593800,151
1667594700,155
1667595600,121
1667596500,112
1667597400,96
1667598300,94
1667599200,82
1667600100,93
1667601000,91
1667601900,65
1667602800,57
1667603700,81
1667604600,72
1667605500,71
1667606400,71
1667607300,70
1667608200,73
1667609100,74
1667610000,91
1667610900,72
1667611800,56
1667612700,69
1667613600,63
1667614500,56
1667615400,66
1667616300,66
1667617200,65
1667618100,56
1667619000,74
1667619900,56
1667620800,67
1667621700,69
1667622600,113
1667623500,103
1667624400,147
1667625300,302
1667626200,586
1667627100,228
1667628000,98
1667628900,123
1667629800,134
1667630700,481
1667631600,217
1667632500,410
1667633400,165
1667634300,164
1667635200,153
1667636100,120
1667637000,133
1667637900,138
1667638800,187
1667639700,244
1667640600,186
1667641500,164
1667642400,168
1667643300,160
1667644200,153
1667645100,159
1667646000,154
1667646900,182
1667647800,202
1667648700,134
1667649600,104
1667650500,91
1667651400,134
1667652300,396
1667653200,117
1667654100,128
1667655000,140
1667655900,92
1667656800,182
1667657700,100
1667658600,75
1667659500,88
1667660400,111
1667661300,140
1667662200,125
1667663100,209
1667664000,212
1667664900,201
1667665800,207
1667666700,250
1667667600,240
1667668500,266
1667669400,292
1667670300,269
1667671200,247
1667672100,288
1667673000,276
1667673900,210
1667674800,216
1667675700,198
1667676600,170
1667677500,148
1667678400,170
1667679300,174
1667680200,139
1667681100,79
1667682000,75
1667682900,58
1667683800,49
1667684700,42
1667685600,58
1667686500,41
1667687400,45
1667688300,57
1667689200,42
1667690100,47
1667691000,46
1667691900,74
1667692800,58
1667693700,63
1667694600,73
1667695500,111
1667696400,58
1667697300,71
1667698200,68
1667699100,59
1667700000,76
1667700900,70
1667701800,53
1667702700,53
1667703600,55
1667704500,61
1667705400,62
1667706300,63
1667707200,79
1667708100,61
1667709000,63
1667709900,68
1667710800,107
1667711700,204
1667712600,140
1667713500,272
1667714400,145
1667715300,268
1667716200,209
1667717100,341
1667718000,192
1667718900,135
1667719800,101
1667720700,216
1667721600,210
1667722500,101
1667723400,100
1667724300,108
1667725200,90
1667726100,95
1667727000,100
1667727900,155
1667728800,600
1667729700,226
1667730600,213
1667731500,169
1667732400,451
1667733300,415
1667734200,539
1667735100,197
1667736000,132
1667736900,121
1667737800,142
1667738700,338
1667739600,207
1667740500,132
1667741400,381
1667742300,144
1667743200,145
1667744100,168
1667745000,167
1667745900,415
1667746800,162
1667747700,185
1667748600,206
1667749500,183
1667750400,179
1667751300,133
1667752200,114
1667753100,120
1667754000,126
1667754900,120
1667755800,127
1667756700,237
1667757600,264
1667758500,125
1667759400,118
1667760300,129
1667761200,142
1667762100,105
1667763000,88
1667763900,86
1667764800,90
1667765700,71
1667766600,71
1667767500,114
1667768400,116
1667769300,119
1667770200,93
1667771100,61
1667772000,40
1667772900,46
1667773800,53
1667774700,46
1667775600,40
1667776500,52
1667777400,47
1667778300,45
1667779200,41
1667780100,53
1667781000,46
1667781900,42
1667782800,83
1667783700,109
1667784600,97
1667785500,82
1667786400,90
1667787300,78
1667788200,80
1667789100,60
1667790000,56
1667790900,44
1667791800,42
1667792700,50
1667793600,51
1667794500,50
1667795400,41
1667796300,72
1667797200,61
1667798100,64
1667799000,54
1667799900,95
1667800800,75
1667801700,73
1667802600,240
1667803500,277
1667804400,466
1667805300,121
1667806200,87
1667807100,76
1667808000,94
1667808900,109
1667809800,149
1667810700,117
1667811600,131
1667812500,207
1667813400,166
1667814300,98
1667815200,85
1667816100,100
1667817000,99
1667817900,106
1667818800,102
1667819700,119
1667820600,117
1667821500,111
1667822400,137
1667823300,143
1667824200,425
1667825100,169
1667826000,120
1667826900,141
1667827800,196
1667828700,191
1667829600,204
1667830500,201
1667831400,211
1667832300,218
1667833200,911
1667834100,2277
1667835000,2289
1667835900,2068
1667836800,1211
1667837700,1460
1667838600,1074
1667839500,1192
1667840400,993
1667841300,1040
1667842200,1168
1667843100,1002
1667844000,1224
1667844900,893
1667845800,1088
1667846700,716
1667847600,387
1667848500,146
1667849400,435
1667850300,226
1667851200,375
1667852100,140
1667853000,138
1667853900,114
1667854800,124
1667855700,123
1667856600,97
1667857500,85
1667858400,106
1667859300,44
1667860200,50
1667861100,55
1667862000,55
1667862900,59
1667863800,79
1667864700,58
1667865600,51
1667866500,77
1667867400,98
1667868300,91
1667869200,115
1667870100,97
1667871000,94
1667871900,86
1667872800,59
1667873700,46
1667874600,53
1667875500,106
1667876400,74
1667877300,65
1667878200,102
1667879100,82
1667880000,82
1667880900,67
1667881800,61
1667882700,58
1667883600,53
1667884500,70
1667885400,49
1667886300,81
1667887200,75
1667888100,82
1667889000,74
1667889900,89
1667890800,204
1667891700,176
1667892600,83
1667893500,91
1667894400,63
1667895300,56
1667896200,57
1667897100,83
1667898000,63
1667898900,65
1667899800,362
1667900700,379
1667901600,115
1667902500,110
1667903400,162
1667904300,129
1667905200,147
1667906100,127
1667907000,159
1667907900,78
1667908800,85
1667909700,87
1667910600,91
1667911500,533
1667912400,295
1667913300,245
1667914200,84
1667915100,148
1667916000,142
1667916900,109
1667917800,111
1667918700,106
1667919600,95
1667920500,84
1667921400,69
1667922300,78
1667923200,83
1667924100,77
1667925000,69
1667925900,77
1667926800,81
1667927700,77
1667928600,68
1667929500,81
1667930400,79
1667931300,88
1667932200,88
1667933100,100
1667934000,83
1667934900,71
1667935800,92
1667936700,128
1667937600,206
1667938500,162
1667939400,158
1667940300,155
1667941200,146
1667942100,123
1667943000,120
1667943900,105
1667944800,95
1667945700,92
1667946600,67
1667947500,56
1667948400,39
1667949300,49
1667950200,51
1667951100,50
1667952000,40
1667952900,51
1667953800,54
1667954700,50
1667955600,42
1667956500,50
1667957400,54
1667958300,47
1667959200,44
1667960100,61
1667961000,89
1667961900,72
1667962800,68
1667963700,64
1667964600,76
1667965500,57
1667966400,66
1667967300,67
1667968200,79
1667969100,55
1667970000,71
1667970900,89
1667971800,98
1667972700,372
1667973600,732
1667974500,610
1667975400,335
1667976300,198
1667977200,144
1667978100,164
1667979000,241
1667979900,441
1667980800,389
1667981700,1148
1667982600,1284
1667983500,1138
1667984400,658
1667985300,448
1667986200,534
1667987100,537
1667988000,383
1667988900,207
1667989800,185
1667990700,168
1667991600,286
1667992500,130
1667993400,163
1667994300,141
1667995200,138
1667996100,133
1667997000,116
1667997900,220
1667998800,500
1667999700,1265
1668000600,906
1668001500,842
1668002400,1027
1668003300,312
1668004200,170
1668005100,204
1668006000,278
1668006900,203
1668007800,176
1668008700,180
1668009600,162
1668010500,172
1668011400,173
1668012300,207
1668013200,182
1668014100,222
1668015000,240
1668015900,230
1668016800,259
1668017700,238
1668018600,254
1668019500,233
1668020400,280
1668021300,232
1668022200,242
1668023100,177
1668024000,156
1668024900,168
1668025800,156
1668026700,173
1668027600,195
1668028500,172
1668029400,160
1668030300,170
1668031200,152
1668032100,122
1668033000,103
1668033900,174
1668034800,112
1668035700,81
1668036600,62
1668037500,69
1668038400,58
1668039300,66
1668040200,69
1668041100,55
1668042000,42
1668042900,60
1668043800,42
1668044700,49
1668045600,44
1668046500,60
1668047400,43
1668048300,46
1668049200,57
1668050100,46
1668051000,49
1668051900,41
1668052800,61
1668053700,51
1668054600,65
1668055500,66
1668056400,75
1668057300,87
1668058200,103
1668059100,97
1668060000,91
1668060900,206
1668061800,86
1668062700,303
1668063600,130
1668064500,115
1668065400,475
1668066300,190
1668067200,351
1668068100,76
1668069000,75
1668069900,50
1668070800,40
1668071700,55
1668072600,47
1668073500,59
1668074400,65
1668075300,88
1668076200,88
1668077100,78
1668078000,62
1668078900,193
1668079800,112
1668080700,108
1668081600,119
1668082500,114
1668083400,113
1668084300,111
1668085200,120
1668086100,100
1668087000,74
1668087900,102
1668088800,129
1668089700,147
1668090600,219
1668091500,173
1668092400,201
1668093300,195
1668094200,235
1668095100,203
1668096000,235
1668096900,207
1668097800,198
1668098700,197
1668099600,214
1668100500,179
1668101400,225
1668102300,217
1668103200,210
1668104100,198
1668105000,245
1668105900,268
1668106800,284
1668107700,227
1668108600,221
1668109500,226
1668110400,175
1668111300,154
1668112200,249
1668113100,222
1668114000,200
1668114900,195
1668115800,158
1668116700,92
1668117600,98
1668118500,102
1668119400,86
1668120300,73
1668121200,103
1668122100,64
1668123000,57
1668123900,53
1668124800,64
1668125700,58
1668126600,49
1668127500,56
1668128400,62
1668129300,69
1668130200,62
1668131100,78
1668132000,67
1668132900,81
1668133800,70
1668134700,91
1668135600,58
1668136500,55
1668137400,44
1668138300,67
1668139200,45
1668140100,61
1668141000,86
1668141900,83
1668142800,109
1668143700,193
1668144600,135
1668145500,265
1668146400,163
1668147300,163
1668148200,99
1668149100,65
1668150000,72
1668150900,67
1668151800,86
1668152700,52
1668153600,47
1668154500,48
1668155400,52
1668156300,47
1668157200,56
1668158100,85
1668159000,70
1668159900,74
1668160800,66
1668161700,93
1668162600,82
1668163500,84
1668164400,67
1668165300,201
1668166200,82
1668167100,82
1668168000,82
1668168900,81
1668169800,66
1668170700,58
1668171600,67
1668172500,74
1668173400,120
1668174300,102
1668175200,135
1668176100,142
1668177000,136
1668177900,139
1668178800,152
1668179700,125
1668180600,98
1668181500,94
1668182400,94
1668183300,122
1668184200,128
1668185100,162
1668186000,197
1668186900,284
1668187800,207
1668188700,200
1668189600,234
1668190500,207
1668191400,181
1668192300,182
1668193200,347
1668194100,293
1668195000,189
1668195900,160
1668196800,130
1668197700,102
1668198600,123
1668199500,200
1668200400,171
1668201300,152
1668202200,141
1668203100,143
1668204000,120
1668204900,119
1668205800,111
1668206700,94
1668207600,61
1668208500,69
1668209400,74
1668210300,67
1668211200,61
1668212100,66
1668213000,71
1668213900,55
1668214800,63
1668215700,62
1668216600,76
1668217500,71
1668218400,79
1668219300,81
1668220200,88
1668221100,81
1668222000,79
1668222900,93
1668223800,55
1668224700,61
1668225600,60
1668226500,80
1668227400,73
1668228300,120
1668229200,356
1668230100,174
1668231000,161
1668231900,164
1668232800,323
1668233700,114
1668234600,130
1668235500,99
1668236400,130
1668237300,103
1668238200,130
1668239100,501
1668240000,247
1668240900,411
1668241800,50
1668242700,64
1668243600,65
1668244500,65
1668245400,56
1668246300,90
1668247200,90
1668248100,99
1668249000,127
1668249900,181
1668250800,146
1668251700,137
1668252600,146
1668253500,154
1668254400,171
1668255300,134
1668256200,114
1668257100,119
1668258000,125
1668258900,106
1668259800,97
1668260700,118
1668261600,147
1668262500,108
1668263400,261
1668264300,293
1668265200,125
1668266100,178
1668267000,165
1668267900,190
1668268800,152
1668269700,161
1668270600,167
1668271500,148
1668272400,128
1668273300,142
1668274200,195
1668275100,172
1668276000,176
1668276900,175
1668277800,210
1668278700,190
1668279600,225
1668280500,243
1668281400,256
1668282300,242
1668283200,230
1668284100,240
1668285000,151
1668285900,146
1668286800,152
1668287700,171
1668288600,122
1668289500,120
1668290400,109
1668291300,72
1668292200,79
1668293100,77
1668294000,85
1668294900,72
1668295800,81
1668296700,86
1668297600,82
1668298500,77
1668299400,78
1668300300,94
1668301200,49
1668302100,64
1668303000,66
1668303900,73
1668304800,47
1668305700,50
1668306600,56
1668307500,48
1668308400,44
1668309300,42
1668310200,79
1668311100,64
1668312000,75
1668312900,69
1668313800,71
1668314700,48
1668315600,236
1668316500,96
1668317400,109
1668318300,255
1668319200,125
1668320100,170
1668321000,202
1668321900,306
1668322800,108
1668323700,158
1668324600,53
1668325500,110
1668326400,179
1668327300,175
1668328200,94
1668329100,94
1668330000,80
1668330900,122
1668331800,124
1668332700,711
1668333600,524
1668334500,69
1668335400,151
1668336300,117
1668337200,178
1668338100,611
1668339000,257
1668339900,488
1668340800,82
1668341700,80
1668342600,795
1668343500,929
1668344400,689
1668345300,535
1668346200,385
1668347100,130
1668348000,139
1668348900,117
1668349800,118
1668350700,230
1668351600,486
1668352500,116
1668353400,121
1668354300,104
1668355200,116
1668356100,87
1668357000,94
1668357900,119
1668358800,185
1668359700,288
1668360600,642
1668361500,327
1668362400,506
1668363300,243
1668364200,224
1668365100,250
1668366000,319
1668366900,289
1668367800,242
1668368700,237
1668369600,177
1668370500,140
1668371400,124
1668372300,142
1668373200,96
1668374100,80
1668375000,61
1668375900,90
1668376800,77
1668377700,64
1668378600,78
1668379500,68
1668380400,62
1668381300,39
1668382200,62
1668383100,41
1668384000,50
1668384900,49
1668385800,81
1668386700,68
1668387600,64
1668388500,79
1668389400,90
1668390300,86
1668391200,79
1668392100,75
1668393000,75
1668393900,100
1668394800,84
1668395700,98
1668396600,115
1668397500,116
1668398400,103
1668399300,104
1668400200,74
1668401100,63
1668402000,71
1668402900,83
1668403800,94
1668404700,83
1668405600,142
1668406500,186
1668407400,230
1668408300,76
1668409200,324
1668410100,269
1668411000,126
1668411900,234
1668412800,230
1668413700,131
1668414600,128
1668415500,128
1668416400,133
1668417300,374
1668418200,475
1668419100,385
1668420000,292
1668420900,234
1668421800,290
1668422700,330
1668423600,451
1668424500,564
1668425400,206
1668426300,128
1668427200,153
1668428100,155
1668429000,150
1668429900,419
1668430800,203
1668431700,332
1668432600,580
1668433500,482
1668434400,223
1668435300,276
1668436200,258
1668437100,205
1668438000,195
1668438900,149
1668439800,517
1668440700,696
1668441600,482
1668442500,461
1668443400,380
1668444300,654
1668445200,548
1668446100,420
1668447000,287
1668447900,337
1668448800,426
1668449700,269
1668450600,248
1668451500,231
1668452400,218
1668453300,218
1668454200,209
1668455100,224
1668456000,336
1668456900,711
1668457800,332
1668458700,500
1668459600,172
1668460500,129
1668461400,143
1668462300,116
1668463200,139
1668464100,100
1668465000,148
1668465900,102
1668466800,105
1668467700,89
1668468600,78
1668469500,54
1668470400,53
1668471300,75
1668472200,53
1668473100,97
1668474000,94
1668474900,114
1668475800,91
1668476700,96
1668477600,64
1668478500,65
1668479400,51
1668480300,50
1668481200,75
1668482100,77
1668483000,80
1668483900,73
1668484800,97
1668485700,80
1668486600,262
1668487500,81
1668488400,101
1668489300,78
1668490200,123
1668491100,128
1668492000,138
1668492900,128
1668493800,77
1668494700,85
1668495600,82
1668496500,182
1668497400,138
1668498300,77
1668499200,169
1668500100,80
1668501000,80
1668501900,82
1668502800,83
1668503700,78
1668504600,144
1668505500,252
1668506400,213
1668507300,126
1668508200,144
1668509100,150
1668510000,93
1668510900,78
1668511800,67
1668512700,89
1668513600,95
1668514500,102
1668515400,93
1668516300,149
1668517200,106
1668518100,85
1668519000,79
1668519900,138
1668520800,87
1668521700,82
1668522600,125
1668523500,139
1668524400,128
1668525300,113
1668526200,113
1668527100,105
1668528000,86
1668528900,88
1668529800,94
1668530700,111
1668531600,123
1668532500,196
1668533400,252
1668534300,287
1668535200,244
1668536100,235
1668537000,219
1668537900,241
1668538800,185
1668539700,153
1668540600,151
1668541500,211
1668542400,201
1668543300,184
1668544200,195
1668545100,172
1668546000,168
1668546900,205
1668547800,218
1668548700,160
1668549600,135
1668550500,121
1668551400,65
1668552300,64
1668553200,49
1668554100,68
1668555000,72
1668555900,96
1668556800,84
1668557700,78
1668558600,80
1668559500,78
1668560400,64
1668561300,41
1668562200,58
1668563100,44
1668564000,49
1668564900,65
1668565800,82
1668566700,66
1668567600,74
1668568500,64
1668569400,79
1668570300,69
1668571200,75
1668572100,68
1668573000,73
1668573900,75
1668574800,71
1668575700,87
1668576600,76
1668577500,72
1668578400,63
1668579300,85
1668580200,264
1668581100,267
1668582000,215
1668582900,522
1668583800,221
1668584700,775
1668585600,129
1668586500,237
1668587400,662
1668588300,634
1668589200,627
1668590100,698
1668591000,151
1668591900,145
1668592800,233
1668593700,196
1668594600,206
1668595500,619
1668596400,909
1668597300,811
1668598200,721
1668599100,460
1668600000,149
1668600900,160
1668601800,137
1668602700,197
1668603600,156
1668604500,120
1668605400,118
1668606300,114
1668607200,122
1668608100,117
1668609000,136
1668609900,117
1668610800,125
1668611700,107
1668612600,162
1668613500,149
1668614400,152
1668615300,195
1668616200,172
1668617100,193
1668618000,479
1668618900,561
1668619800,695
1668620700,239
1668621600,205
1668622500,204
1668623400,202
1668624300,197
1668625200,225
1668626100,287
1668627000,260
1668627900,218
1668628800,183
1668629700,172
1668630600,163
1668631500,124
1668632400,111
1668633300,109
1668634200,80
1668635100,72
1668636000,88
1668636900,87
1668637800,108
1668638700,97
1668639600,108
1668640500,89
1668641400,104
1668642300,74
1668643200,79
1668644100,63
1668645000,53
1668645900,63
1668646800,89
1668647700,83
1668648600,75
1668649500,89
1668650400,85
1668651300,76
1668652200,52
1668653100,62
1668654000,60
1668654900,62
1668655800,93
1668656700,104
1668657600,100
1668658500,85
1668659400,97
1668660300,104
1668661200,67
1668662100,224
1668663000,181
1668663900,159
1668664800,139
1668665700,86
1668666600,71
1668667500,99
1668668400,79
1668669300,80
1668670200,62
1668671100,84
1668672000,63
1668672900,48
1668673800,40
1668674700,58
1668675600,54
1668676500,65
1668677400,245
1668678300,620
1668679200,446
1668680100,185
1668681000,414
1668681900,1101
1668682800,919
1668683700,308
1668684600,148
1668685500,150
1668686400,147
1668687300,297
1668688200,392
1668689100,1189
1668690000,1129
1668690900,976
1668691800,1032
1668692700,289
1668693600,187
1668694500,166
1668695400,183
1668696300,173
1668697200,188
1668698100,190
1668699000,268
1668699900,346
1668700800,219
1668701700,359
1668702600,215
1668703500,201
1668704400,122
1668705300,77
1668706200,68
1668707100,67
1668708000,57
1668708900,95
1668709800,121
1668710700,116
1668711600,119
1668712500,99
1668713400,98
1668714300,123
1668715200,113
1668716100,127
1668717000,115
1668717900,97
1668718800,95
1668719700,90
1668720600,81
1668721500,69
1668722400,95
1668723300,154
1668724200,188
1668725100,150
1668726000,147
1668726900,88
1668727800,98
1668728700,61
1668729600,69
1668730500,65
1668731400,77
1668732300,75
1668733200,86
1668734100,96
1668735000,96
1668735900,94
1668736800,84
1668737700,95
1668738600,94
1668739500,110
1668740400,80
1668741300,82
1668742200,68
1668743100,70
1668744000,84
1668744900,92
1668745800,105
1668746700,97
1668747600,99
1668748500,83
1668749400,98
1668750300,81
1668751200,90
1668752100,83
1668753000,237
1668753900,78
1668754800,94
1668755700,107
1668756600,120
1668757500,204
1668758400,148
1668759300,122
1668760200,129
1668761100,112
1668762000,135
1668762900,601
1668763800,701
1668764700,729
1668765600,439
1668766500,216
1668767400,326
1668768300,150
1668769200,222
1668770100,167
1668771000,175
1668771900,173
1668772800,156
1668773700,244
1668774600,338
1668775500,315
1668776400,139
1668777300,101
1668778200,91
1668779100,79
1668780000,71
1668780900,74
1668781800,85
1668782700,72
1668783600,100
1668784500,92
1668785400,115
1668786300,92
1668787200,85
1668788100,102
1668789000,296
1668789900,140
1668790800,172
1668791700,200
1668792600,103
1668793500,87
1668794400,146
1668795300,179
1668796200,173
1668797100,188
1668798000,157
1668798900,193
1668799800,221
1668800700,205
1668801600,228
1668802500,235
1668803400,210
1668804300,530
1668805200,242
1668806100,434
1668807000,150
1668807900,163
1668808800,126
1668809700,129
1668810600,113
1668811500,109
1668812400,122
1668813300,91
1668814200,97
1668815100,97
1668816000,102
1668816900,96
1668817800,99
1668818700,72
1668819600,80
1668820500,71
1668821400,68
1668822300,80
1668823200,97
1668824100,100
1668825000,87
1668825900,95
1668826800,98
1668827700,105
1668828600,94
1668829500,92
1668830400,67
1668831300,63
1668832200,55
1668833100,81
1668834000,304
1668834900,229
1668835800,234
1668836700,152
1668837600,162
1668838500,182
1668839400,125
1668840300,103
1668841200,123
1668842100,111
1668843000,110
1668843900,96
1668844800,245
1668845700,115
1668846600,178
1668847500,123
1668848400,130
1668849300,115
1668850200,95
1668851100,116
1668852000,144
1668852900,215
1668853800,237
1668854700,237
1668855600,182
1668856500,215
1668857400,177
1668858300,185
1668859200,202
1668860100,283
1668861000,155
1668861900,146
1668862800,162
1668863700,171
1668864600,177
1668865500,116
1668866400,114
1668867300,106
1668868200,87
1668869100,137
1668870000,135
1668870900,158
1668871800,166
1668872700,259
1668873600,247
1668874500,233
1668875400,266
1668876300,782
1668877200,302
1668878100,710
1668879000,372
1668879900,279
1668880800,126
1668881700,105
1668882600,98
1668883500,119
1668884400,105
1668885300,98
1668886200,124
1668887100,115
1668888000,124
1668888900,110
1668889800,96
1668890700,95
1668891600,98
1668892500,103
1668893400,74
1668894300,114
1668895200,118
1668896100,188
1668897000,115
1668897900,115
1668898800,107
1668899700,117
1668900600,85
1668901500,79
1668902400,90
1668903300,89
1668904200,105
1668905100,102
1668906000,113
1668906900,112
1668907800,106
1668908700,115
1668909600,124
1668910500,125
1668911400,93
1668912300,81
1668913200,75
1668914100,96
1668915000,99
1668915900,106
1668916800,97
1668917700,119
1668918600,97
1668919500,109
1668920400,262
1668921300,237
1668922200,136
1668923100,126
1668924000,126
1668924900,119
1668925800,147
1668926700,325
1668927600,161
1668928500,166
1668929400,60
1668930300,55
1668931200,190
1668932100,186
1668933000,74
1668933900,309
1668934800,108
1668935700,158
1668936600,344
1668937500,267
1668938400,128
1668939300,115
1668940200,97
1668941100,92
1668942000,86
1668942900,91
1668943800,100
1668944700,95
1668945600,103
1668946500,100
1668947400,116
1668948300,136
1668949200,502
1668950100,144
1668951000,126
1668951900,103
1668952800,136
1668953700,134
1668954600,124
1668955500,327
1668956400,398
1668957300,437
1668958200,370
1668959100,569
1668960000,271
1668960900,384
1668961800,153
1668962700,163
1668963600,168
1668964500,216
1668965400,453
1668966300,321
1668967200,186
1668968100,91
1668969000,58
1668969900,78
1668970800,56
1668971700,66
1668972600,59
1668973500,77
1668974400,62
1668975300,83
1668976200,82
1668977100,81
1668978000,58
1668978900,62
1668979800,51
1668980700,49
1668981600,39
1668982500,50
1668983400,99
1668984300,52
1668985200,40
1668986100,45
1668987000,56
1668987900,59
1668988800,67
1668989700,81
1668990600,94
1668991500,70
1668992400,47
1668993300,46
1668994200,55
1668995100,39
1668996000,48
1668996900,69
1668997800,74
1668998700,65
1668999600,68
1669000500,73
1669001400,60
1669002300,41
1669003200,57
1669004100,82
1669005000,92
1669005900,105
1669006800,122
1669007700,157
1669008600,370
1669009500,177
1669010400,280
1669011300,175
1669012200,193
1669013100,83
1669014000,44
1669014900,83
1669015800,64
1669016700,80
1669017600,84
1669018500,65
1669019400,46
1669020300,38
1669021200,46
1669022100,51
1669023000,46
1669023900,38
1669024800,75
1669025700,78
1669026600,85
1669027500,72
1669028400,72
1669029300,83
1669030200,84
1669031100,91
1669032000,86
1669032900,82
1669033800,56
1669034700,65
1669035600,65
1669036500,70
1669037400,58
1669038300,60
1669039200,70
1669040100,62
1669041000,66
1669041900,56
1669042800,73
1669043700,76
1669044600,81
1669045500,66
1669046400,73
1669047300,60
1669048200,60
1669049100,59
1669050000,64
1669050900,67
1669051800,56
1669052700,64
1669053600,65
1669054500,70
1669055400,57
1669056300,65
1669057200,64
1669058100,84
1669059000,73
1669059900,74
1669060800,67
1669061700,65
1669062600,66
1669063500,56
1669064400,71
1669065300,62
1669066200,46
1669067100,38
1669068000,52
1669068900,49
1669069800,44
1669070700,42
1669071600,60
1669072500,83
1669073400,73
1669074300,90
1669075200,52
1669076100,62
1669077000,39
1669077900,48
1669078800,39
1669079700,78
1669080600,65
1669081500,63
1669082400,70
1669083300,76
1669084200,57
1669085100,39
1669086000,47
1669086900,49
1669087800,57
1669088700,63
1669089600,83
1669090500,92
1669091400,74
1669092300,66
1669093200,56
1669094100,57
1669095000,41
1669095900,46
1669096800,38
1669097700,81
1669098600,71
1669099500,69
1669100400,66
1669101300,68
1669102200,78
1669103100,62
1669104000,57
1669104900,38
1669105800,60
1669106700,60
1669107600,88
1669108500,70
1669109400,80
1669110300,65
1669111200,62
1669112100,73
1669113000,86
1669113900,66
1669114800,56
1669115700,66
1669116600,66
1669117500,71
1669118400,56
1669119300,64
1669120200,65
1669121100,67
1669122000,65
1669122900,57
1669123800,79
1669124700,85
1669125600,87
1669126500,80
1669127400,89
1669128300,84
1669129200,61
1669130100,60
1669131000,55
1669131900,75
1669132800,59
1669133700,64
1669134600,57
1669135500,71
1669136400,65
1669137300,65
1669138200,72
1669139100,241
1669140000,239
1669140900,228
1669141800,228
1669142700,211
1669143600,279
1669144500,216
1669145400,179
1669146300,154
1669147200,182
1669148100,167
1669149000,164
1669149900,153
1669150800,181
1669151700,142
1669152600,66
1669153500,64
1669154400,70
1669155300,66
1669156200,59
1669157100,79
1669158000,110
1669158900,94
1669159800,77
1669160700,61
1669161600,66
1669162500,44
1669163400,45
1669164300,41
1669165200,72
1669166100,64
1669167000,68
1669167900,68
1669168800,70
1669169700,43
1669170600,38
1669171500,63
1669172400,64
1669173300,63
1669174200,53
1669175100,75
1669176000,70
1669176900,74
1669177800,70
1669178700,100
1669179600,69
1669180500,38
1669181400,47
1669182300,49
1669183200,78
1669184100,91
1669185000,364
1669185900,100
1669186800,297
1669187700,138
1669188600,62
1669189500,59
1669190400,455
1669191300,225
1669192200,89
1669193100,221
1669194000,616
1669194900,835
1669195800,1022
1669196700,345
1669197600,470
1669198500,183
1669199400,154
1669200300,98
1669201200,92
1669202100,73
1669203000,135
1669203900,60
1669204800,80
1669205700,89
1669206600,100
1669207500,386
1669208400,397
1669209300,400
1669210200,224
1669211100,84
1669212000,84
1669212900,89
1669213800,71
1669214700,78
1669215600,65
1669216500,75
1669217400,53
1669218300,63
1669219200,53
1669220100,78
1669221000,131
1669221900,188
1669222800,157
1669223700,174
1669224600,165
1669225500,163
1669226400,192
1669227300,182
1669228200,175
1669229100,159
1669230000,207
1669230900,217
1669231800,203
1669232700,181
1669233600,186
1669234500,176
1669235400,175
1669236300,193
1669237200,143
1669238100,103
1669239000,81
1669239900,80
1669240800,60
1669241700,67
1669242600,69
1669243500,56
1669244400,66
1669245300,61
1669246200,71
1669247100,56
1669248000,65
1669248900,60
1669249800,71
1669250700,57
1669251600,74
1669252500,83
1669253400,86
1669254300,86
1669255200,77
1669256100,95
1669257000,61
1669257900,61
1669258800,53
1669259700,71
1669260600,91
1669261500,92
1669262400,116
1669263300,114
1669264200,125
1669265100,102
1669266000,80
1669266900,72
1669267800,268
1669268700,876
1669269600,1197
1669270500,1219
1669271400,579
1669272300,122
1669273200,118
1669274100,147
1669275000,211
1669275900,88
1669276800,59
1669277700,321
1669278600,115
1669279500,435
1669280400,764
1669281300,1529
1669282200,1448
1669283100,1138
1669284000,712
1669284900,275
1669285800,157
1669286700,168
1669287600,176
1669288500,249
1669289400,147
1669290300,291
1669291200,337
1669292100,248
1669293000,306
1669293900,89
1669294800,95
1669295700,81
1669296600,89
1669297500,68
1669298400,75
1669299300,74
1669300200,81
1669301100,70
1669302000,69
1669302900,85
1669303800,75
1669304700,91
1669305600,85
1669306500,114
1669307400,178
1669308300,772
1669309200,786
1669310100,789
1669311000,735
1669311900,289
1669312800,272
1669313700,336
1669314600,321
1669315500,316
1669316400,348
1669317300,368
1669318200,325
1669319100,342
1669320000,225
1669320900,217
1669321800,213
1669322700,177
1669323600,198
1669324500,120
1669325400,123
1669326300,110
1669327200,130
1669328100,135
1669329000,129
1669329900,110
1669330800,85
1669331700,63
1669332600,52
1669333500,59
1669334400,59
1669335300,58
1669336200,47
1669337100,61
1669338000,58
1669338900,55
1669339800,54
1669340700,63
1669341600,57
1669342500,45
1669343400,54
1669344300,70
1669345200,69
1669346100,72
1669347000,58
1669347900,70
1669348800,75
1669349700,83
1669350600,86
1669351500,86
1669352400,73
1669353300,86
1669354200,76
1669355100,232
1669356000,101
1669356900,334
1669357800,376
1669358700,436
1669359600,206
1669360500,152
1669361400,151
1669362300,162
1669363200,111
1669364100,495
1669365000,588
1669365900,410
1669366800,400
1669367700,595
1669368600,739
1669369500,645
1669370400,513
1669371300,260
1669372200,136
1669373100,165
1669374000,162
1669374900,101
1669375800,120
1669376700,146
1669377600,134
1669378500,113
1669379400,101
1669380300,103
1669381200,154
1669382100,170
1669383000,155
1669383900,148
1669384800,122
1669385700,124
1669386600,115
1669387500,135
1669388400,116
1669389300,128
1669390200,165
1669391100,187
1669392000,249
1669392900,269
1669393800,222
1669394700,296
1669395600,270
1669396500,275
1669397400,261
1669398300,275
1669399200,252
1669400100,281
1669401000,244
1669401900,272
1669402800,285
1669403700,454
1669404600,548
1669405500,486
1669406400,222
1669407300,215
1669408200,211
1669409100,205
1669410000,132
1669410900,119
1669411800,99
1669412700,82
1669413600,101
1669414500,89
1669415400,61
1669416300,55
1669417200,68
1669418100,57
1669419000,52
1669419900,68
1669420800,55
1669421700,60
1669422600,54
1669423500,89
1669424400,66
1669425300,75
1669426200,58
1669427100,60
1669428000,58
1669428900,49
1669429800,68
1669430700,50
1669431600,57
1669432500,48
1669433400,70
1669434300,49
1669435200,84
1669436100,82
1669437000,89
1669437900,86
1669438800,109
1669439700,352
1669440600,250
1669441500,354
1669442400,118
1669443300,192
1669444200,115
1669445100,144
1669446000,121
1669446900,109
1669447800,95
1669448700,79
1669449600,70
1669450500,68
1669451400,46
1669452300,76
1669453200,93
1669454100,67
1669455000,76
1669455900,48
1669456800,169
1669457700,71
1669458600,211
1669459500,102
1669460400,156
1669461300,222
1669462200,162
1669463100,158
1669464000,151
1669464900,168
1669465800,112
1669466700,119
1669467600,116
1669468500,105
1669469400,102
1669470300,112
1669471200,95
1669472100,105
1669473000,87
1669473900,110
1669474800,124
1669475700,152
1669476600,226
1669477500,221
1669478400,201
1669479300,219
1669480200,192
1669481100,218
1669482000,198
1669482900,258
1669483800,218
1669484700,223
1669485600,214
1669486500,198
1669487400,200
1669488300,208
1669489200,249
1669490100,535
1669491000,340
1669491900,388
1669492800,158
1669493700,130
1669494600,151
1669495500,130
1669496400,130
1669497300,97
1669498200,152
1669499100,115
1669500000,117
1669500900,94
1669501800,100
1669502700,89
1669503600,96
1669504500,85
1669505400,82
1669506300,54
1669507200,50
1669508100,50
1669509000,49
1669509900,39
1669510800,55
1669511700,45
1669512600,49
1669513500,40
1669514400,60
1669515300,42
1669516200,71
1669517100,79
1669518000,102
1669518900,68
1669519800,57
1669520700,39
1669521600,61
1669522500,41
1669523400,48
1669524300,79
1669525200,284
1669526100,91
1669527000,116
1669527900,102
1669528800,119
1669529700,117
1669530600,143
1669531500,260
1669532400,388
1669533300,207
1669534200,120
1669535100,206
1669536000,279
1669536900,161
1669537800,121
1669538700,96
1669539600,150
1669540500,82
1669541400,198
1669542300,119
1669543200,154
1669544100,132
1669545000,158
1669545900,179
1669546800,163
1669547700,112
1669548600,118
1669549500,155
1669550400,99
1669551300,88
1669552200,192
1669553100,649
1669554000,210
1669554900,132
1669555800,143
1669556700,145
1669557600,118
1669558500,233
1669559400,144
1669560300,144
1669561200,142
1669562100,182
1669563000,209
1669563900,129
1669564800,138
1669565700,139
1669566600,198
1669567500,191
1669568400,272
1669569300,263
1669570200,697
1669571100,410
1669572000,436
1669572900,236
1669573800,208
1669574700,421
1669575600,234
1669576500,212
1669577400,195
1669578300,198
1669579200,195
1669580100,176
1669581000,139
1669581900,126
1669582800,93
1669583700,81
1669584600,39
1669585500,57
1669586400,58
1669587300,76
1669588200,55
1669589100,58
1669590000,52
1669590900,49
1669591800,49
1669592700,39
1669593600,58
1669594500,43
1669595400,49
1669596300,40
1669597200,61
1669598100,72
1669599000,67
1669599900,70
1669600800,78
1669601700,56
1669602600,39
1669603500,62
1669604400,118
1669605300,118
1669606200,125
1669607100,143
1669608000,136
1669608900,81
1669609800,67
1669610700,59
1669611600,60
1669612500,42
1669613400,51
1669614300,45
1669615200,86
1669616100,227
1669617000,387
1669617900,113
1669618800,171
1669619700,81
1669620600,61
1669621500,38
1669622400,139
1669623300,79
1669624200,103
1669625100,118
1669626000,139
1669626900,103
1669627800,85
1669628700,160
1669629600,426
1669630500,98
1669631400,124
1669632300,126
1669633200,138
1669634100,141
1669635000,140
1669635900,182
1669636800,149
1669637700,237
1669638600,171
1669639500,118
1669640400,203
1669641300,213
1669642200,227
1669643100,238
1669644000,354
1669644900,214
1669645800,199
1669646700,198
1669647600,202
1669648500,284
1669649400,303
1669650300,108
1669651200,85
1669652100,86
1669653000,66
1669653900,88
1669654800,68
1669655700,75
1669656600,69
1669657500,90
1669658400,69
1669659300,77
1669660200,74
1669661100,84
1669662000,69
1669662900,76
1669663800,77
1669664700,81
1669665600,70
1669666500,81
1669667400,92
1669668300,91
1669669200,77
1669670100,64
1669671000,51
1669671900,48
1669672800,39
1669673700,48
1669674600,105
1669675500,166
1669676400,79
1669677300,58
1669678200,56
1669679100,65
1669680000,64
1669680900,68
1669681800,79
1669682700,58
1669683600,44
1669684500,43
1669685400,74
1669686300,58
1669687200,74
1669688100,65
1669689000,85
1669689900,61
1669690800,123
1669691700,91
1669692600,85
1669693500,55
1669694400,56
1669695300,39
1669696200,73
1669697100,73
1669698000,71
1669698900,104
1669699800,149
1669700700,110
1669701600,139
1669702500,92
1669703400,125
1669704300,62
1669705200,64
1669706100,55
1669707000,70
1669707900,66
1669708800,160
1669709700,73
1669710600,86
1669711500,690
1669712400,470
1669713300,464
1669714200,334
1669715100,185
1669716000,203
1669716900,180
1669717800,213
1669718700,199
1669719600,642
1669720500,217
1669721400,619
1669722300,167
1669723200,144
1669724100,145
1669725000,169
1669725900,139
1669726800,129
1669727700,99
1669728600,127
1669729500,107
1669730400,113
1669731300,110
1669732200,142
1669733100,132
1669734000,146
1669734900,156
1669735800,251
1669736700,223
1669737600,230
1669738500,285
1669739400,265
1669740300,242
1669741200,235
1669742100,268
1669743000,265
1669743900,281
1669744800,268
1669745700,303
1669746600,302
1669747500,301
1669748400,264
1669749300,286
1669750200,260
1669751100,204
1669752000,216
1669752900,230
1669753800,214
1669754700,235
1669755600,195
1669756500,292
1669757400,129
1669758300,119
1669759200,137
1669760100,147
1669761000,144
1669761900,138
1669762800,98
1669763700,64
1669764600,58
1669765500,65
1669766400,63
1669767300,57
1669768200,53
1669769100,65
1669770000,48
1669770900,55
1669771800,56
1669772700,58
1669773600,47
1669774500,54
1669775400,61
1669776300,50
1669777200,45
1669778100,100
1669779000,76
1669779900,58
1669780800,61
1669781700,47
1669782600,66
1669783500,61
1669784400,71
1669785300,74
1669786200,267
1669787100,112
1669788000,185
1669788900,125
1669789800,625
1669790700,327
1669791600,443
1669792500,312
1669793400,389
1669794300,349
1669795200,536
1669796100,381
1669797000,246
1669797900,392
1669798800,667
1669799700,583
1669800600,292
1669801500,596
1669802400,678
1669803300,755
1669804200,592
1669805100,704
1669806000,735
1669806900,339
1669807800,277
1669808700,135
1669809600,141
1669810500,180
1669811400,757
1669812300,1247
1669813200,889
1669814100,647
1669815000,256
1669815900,129
1669816800,152
1669817700,134
1669818600,143
1669819500,109
1669820400,117
1669821300,117
1669822200,114
1669823100,124
1669824000,140
1669824900,181
1669825800,200
1669826700,677
1669827600,824
1669828500,790
1669829400,774
1669830300,320
1669831200,241
1669832100,220
1669833000,258
1669833900,252
1669834800,246
1669835700,255
1669836600,240
1669837500,247
1669838400,228
1669839300,196
1669840200,192
1669841100,206
1669842000,199
1669842900,198
1669843800,177
1669844700,155
1669845600,140
1669846500,159
1669847400,170
1669848300,149
1669849200,152
1669850100,133
1669851000,96
1669851900,80
1669852800,84
1669853700,82
1669854600,85
1669855500,72
1669856400,81
1669857300,94
1669858200,97
1669859100,89
1669860000,93
1669860900,86
1669861800,80
1669862700,76
1669863600,77
1669864500,89
1669865400,81
1669866300,79
1669867200,77
1669868100,91
1669869000,74
1669869900,82
1669870800,78
1669871700,136
1669872600,141
1669873500,162
1669874400,284
1669875300,302
1669876200,162
1669877100,176
1669878000,231
1669878900,558
1669879800,750
1669880700,380
1669881600,379
1669882500,345
1669883400,352
1669884300,271
1669885200,293
1669886100,347
1669887000,283
1669887900,310
1669888800,455
1669889700,402
1669890600,231
1669891500,230
1669892400,713
1669893300,188
1669894200,337
1669895100,109
1669896000,226
1669896900,500
1669897800,372
1669898700,202
1669899600,159
1669900500,155
1669901400,104
1669902300,120
1669903200,415
1669904100,593
1669905000,290
1669905900,190
1669906800,217
1669907700,238
1669908600,411
1669909500,824
1669910400,681
1669911300,272
1669912200,275
1669913100,233
1669914000,254
1669914900,460
1669915800,818
1669916700,745
1669917600,506
1669918500,185
1669919400,180
1669920300,170
1669921200,321
1669922100,271
1669923000,255
1669923900,220
1669924800,160
1669925700,133
1669926600,131
1669927500,104
1669928400,114
1669929300,90
1669930200,98
1669931100,88
1669932000,111
1669932900,90
1669933800,87
1669934700,69
1669935600,57
1669936500,38
1669937400,47
1669938300,47
1669939200,51
1669940100,39
1669941000,46
1669941900,51
1669942800,47
1669943700,39
1669944600,47
1669945500,52
1669946400,48
1669947300,52
1669948200,67
1669949100,72
1669950000,2539
1669950900,2570
1669951800,2571
1669952700,1431
1669953600,1022
1669954500,1161
1669955400,880
1669956300,944
1669957200,938
1669958100,882
1669959000,191
1669959900,196
1669960800,234
1669961700,151
1669962600,161
1669963500,181
1669964400,143
1669965300,110
1669966200,90
1669967100,114
1669968000,118
1669968900,319
1669969800,515
1669970700,302
1669971600,77
1669972500,215
1669973400,497
1669974300,590
1669975200,342
1669976100,106
1669977000,370
1669977900,128
1669978800,109
1669979700,159
1669980600,138
1669981500,115
1669982400,123
1669983300,112
1669984200,113
1669985100,95
1669986000,132
1669986900,103
1669987800,215
1669988700,192
1669989600,130
1669990500,142
1669991400,335
1669992300,347
1669993200,403
1669994100,192
1669995000,253
1669995900,249
1669996800,553
1669997700,193
1669998600,223
1669999500,210
1670000400,231
1670001300,320
1670002200,231
1670003100,206
1670004000,196
1670004900,189
1670005800,183
1670006700,144
1670007600,184
1670008500,194
1670009400,175
1670010300,168
1670011200,173
1670012100,166
1670013000,154
1670013900,146
1670014800,128
1670015700,97
1670016600,72
1670017500,98
1670018400,94
1670019300,81
1670020200,73
1670021100,87
1670022000,64
1670022900,56
1670023800,47
1670024700,60
1670025600,47
1670026500,39
1670027400,47
1670028300,72
1670029200,71
1670030100,62
1670031000,71
1670031900,63
1670032800,47
1670033700,39
1670034600,64
1670035500,66
1670036400,68
1670037300,72
1670038200,68
1670039100,75
1670040000,64
1670040900,72
1670041800,70
1670042700,84
1670043600,308
1670044500,132
1670045400,100
1670046300,133
1670047200,342
1670048100,175
1670049000,158
1670049900,124
1670050800,91
1670051700,68
1670052600,91
1670053500,67
1670054400,102
1670055300,101
1670056200,125
1670057100,101
1670058000,93
1670058900,95
1670059800,106
1670060700,92
1670061600,82
1670062500,126
1670063400,147
1670064300,229
1670065200,165
1670066100,231
1670067000,188
1670067900,187
1670068800,183
1670069700,143
1670070600,135
1670071500,112
1670072400,125
1670073300,100
1670074200,117
1670075100,91
1670076000,157
1670076900,140
1670077800,158
1670078700,135
1670079600,143
1670080500,141
1670081400,150
1670082300,168
1670083200,152
1670084100,226
1670085000,216
1670085900,226
1670086800,254
1670087700,246
1670088600,213
1670089500,273
1670090400,310
1670091300,302
1670092200,282
1670093100,273
1670094000,296
1670094900,212
1670095800,204
1670096700,264
1670097600,283
1670098500,261
1670099400,241
1670100300,243
1670101200,224
1670102100,143
1670103000,201
1670103900,139
1670104800,129
1670105700,107
1670106600,57
1670107500,48
1670108400,40
1670109300,56
1670110200,46
1670111100,49
1670112000,41
1670112900,60
1670113800,41
1670114700,47
1670115600,47
1670116500,52
1670117400,49
1670118300,56
1670119200,78
1670120100,56
1670121000,65
1670121900,63
1670122800,84
1670123700,72
1670124600,103
1670125500,77
1670126400,86
1670127300,73
1670128200,41
1670129100,66
1670130000,254
1670130900,101
1670131800,133
1670132700,210
1670133600,432
1670134500,407
1670135400,143
1670136300,211
1670137200,132
1670138100,127
1670139000,374
1670139900,640
1670140800,338
1670141700,300
1670142600,134
1670143500,174
1670144400,119
1670145300,129
1670146200,171
1670147100,111
1670148000,127
1670148900,124
1670149800,125
1670150700,199
1670151600,167
1670152500,196
1670153400,111
1670154300,115
1670155200,102
1670156100,112
1670157000,310
1670157900,130
1670158800,112
1670159700,412
1670160600,167
1670161500,150
1670162400,185
1670163300,154
1670164200,161
1670165100,114
1670166000,107
1670166900,132
1670167800,131
1670168700,98
1670169600,103
1670170500,105
1670171400,149
1670172300,194
1670173200,150
1670174100,204
1670175000,232
1670175900,255
1670176800,216
1670177700,199
1670178600,215
1670179500,283
1670180400,280
1670181300,280
1670182200,257
1670183100,262
1670184000,273
1670184900,268
1670185800,285
1670186700,221
1670187600,220
1670188500,182
1670189400,148
1670190300,122
1670191200,112
1670192100,85
1670193000,70
1670193900,52
1670194800,40
1670195700,47
1670196600,51
1670197500,48
1670198400,38
1670199300,56
1670200200,45
1670201100,45
1670202000,98
1670202900,91
1670203800,74
1670204700,49
1670205600,62
1670206500,55
1670207400,59
1670208300,50
1670209200,73
1670210100,76
1670211000,73
1670211900,88
1670212800,149
1670213700,89
1670214600,86
1670215500,100
1670216400,97
1670217300,75
1670218200,92
1670219100,107
1670220000,85
1670220900,100
1670221800,279
1670222700,192
1670223600,685
1670224500,224
1670225400,97
1670226300,127
1670227200,172
1670228100,116
1670229000,432
1670229900,418
1670230800,343
1670231700,608
1670232600,655
1670233500,681
1670234400,204
1670235300,389
1670236200,90
1670237100,139
1670238000,136
1670238900,132
1670239800,114
1670240700,129
1670241600,150
1670242500,221
1670243400,206
1670244300,299
1670245200,169
1670246100,169
1670247000,166
1670247900,155
1670248800,146
1670249700,117
1670250600,160
1670251500,174
1670252400,166
1670253300,362
1670254200,198
1670255100,352
1670256000,240
1670256900,208
1670257800,266
1670258700,288
1670259600,252
1670260500,243
1670261400,239
1670262300,224
1670263200,260
1670264100,317
1670265000,338
1670265900,216
1670266800,218
1670267700,231
1670268600,196
1670269500,153
1670270400,151
1670271300,152
1670272200,168
1670273100,200
1670274000,210
1670274900,160
1670275800,120
1670276700,135
1670277600,101
1670278500,61
1670279400,52
1670280300,65
1670281200,50
1670282100,49
1670283000,67
1670283900,49
1670284800,58
1670285700,48
1670286600,70
1670287500,50
1670288400,56
1670289300,59
1670290200,121
1670291100,83
1670292000,76
1670292900,93
1670293800,62
1670294700,74
1670295600,107
1670296500,75
1670297400,56
1670298300,66
1670299200,67
1670300100,65
1670301000,59
1670301900,70
1670302800,98
1670303700,78
1670304600,89
1670305500,75
1670306400,100
1670307300,114
1670308200,120
1670309100,113
1670310000,367
1670310900,577
1670311800,377
1670312700,394
1670313600,251
1670314500,69
1670315400,54
1670316300,73
1670317200,57
1670318100,122
1670319000,955
1670319900,882
1670320800,359
1670321700,229
1670322600,319
1670323500,440
1670324400,470
1670325300,239
1670326200,176
1670327100,183
1670328000,138
1670328900,124
1670329800,174
1670330700,242
1670331600,124
1670332500,104
1670333400,107
1670334300,148
1670335200,128
1670336100,120
1670337000,161
1670337900,187
1670338800,168
1670339700,223
1670340600,216
1670341500,214
1670342400,218
1670343300,228
1670344200,163
1670345100,207
1670346000,232
1670346900,300
1670347800,315
1670348700,308
1670349600,316
1670350500,299
1670351400,269
1670352300,249
1670353200,234
1670354100,227
1670355000,221
1670355900,217
1670356800,198
1670357700,214
1670358600,227
1670359500,203
1670360400,256
1670361300,145
1670362200,148
1670363100,133
1670364000,81
1670364900,63
1670365800,85
1670366700,64
1670367600,71
1670368500,69
1670369400,76
1670370300,68
1670371200,64
1670372100,76
1670373000,41
1670373900,49
1670374800,58
1670375700,77
1670376600,57
1670377500,51
1670378400,44
1670379300,56
1670380200,45
1670381100,41
1670382000,56
1670382900,47
1670383800,68
1670384700,62
1670385600,81
1670386500,65
1670387400,58
1670388300,47
1670389200,64
1670390100,62
1670391000,76
1670391900,145
1670392800,384
1670393700,161
1670394600,282
1670395500,167
1670396400,96
1670397300,54
1670398200,38
1670399100,39
1670400000,75
1670400900,57
1670401800,71
1670402700,57
1670403600,82
1670404500,59
1670405400,76
1670406300,53
1670407200,72
1670408100,46
1670409000,56
1670409900,61
1670410800,69
1670411700,198
1670412600,83
1670413500,237
1670414400,221
1670415300,207
1670416200,103
1670417100,97
1670418000,107
1670418900,134
1670419800,372
1670420700,613
1670421600,543
1670422500,76
1670423400,81
1670424300,77
1670425200,110
1670426100,86
1670427000,123
1670427900,89
1670428800,159
1670429700,665
1670430600,1353
1670431500,1303
1670432400,1287
1670433300,1278
1670434200,854
1670435100,354
1670436000,288
1670436900,354
1670437800,327
1670438700,771
1670439600,863
1670440500,838
1670441400,658
1670442300,298
1670443200,317
1670444100,262
1670445000,210
1670445900,158
1670446800,201
1670447700,130
1670448600,123
1670449500,95
1670450400,74
1670451300,59
1670452200,65
1670453100,67
1670454000,65
1670454900,67
1670455800,59
1670456700,75
1670457600,65
1670458500,64
1670459400,55
1670460300,70
1670461200,39
1670462100,60
1670463000,52
1670463900,69
1670464800,57
1670465700,57
1670466600,65
1670467500,73
1670468400,59
1670469300,37
1670470200,42
1670471100,47
1670472000,45
1670472900,36
1670473800,59
1670474700,71
1670475600,58
1670476500,65
1670477400,92
1670478300,157
1670479200,189
1670480100,115
1670481000,589
1670481900,878
1670482800,595
1670483700,517
1670484600,229
1670485500,111
1670486400,242
1670487300,287
1670488200,283
1670489100,534
1670490000,354
1670490900,848
1670491800,529
1670492700,464
1670493600,145
1670494500,563
1670495400,200
1670496300,256
1670497200,91
1670498100,67
1670499000,94
1670499900,99
1670500800,91
1670501700,89
1670502600,92
1670503500,122
1670504400,101
1670505300,105
1670506200,117
1670507100,126
1670508000,98
1670508900,106
1670509800,95
1670510700,120
1670511600,145
1670512500,185
1670513400,195
1670514300,386
1670515200,507
1670516100,152
1670517000,172
1670517900,180
1670518800,185
1670519700,253
1670520600,204
1670521500,205
1670522400,206
1670523300,620
1670524200,625
1670525100,371
1670526000,389
1670526900,388
1670527800,329
1670528700,315
1670529600,300
1670530500,304
1670531400,341
1670532300,303
1670533200,281
1670534100,312
1670535000,251
1670535900,171
1670536800,184
1670537700,177
1670538600,164
1670539500,206
1670540400,85
1670541300,68
1670542200,85
1670543100,75
1670544000,92
1670544900,62
1670545800,62
1670546700,70
1670547600,70
1670548500,70
1670549400,61
1670550300,78
1670551200,64
1670552100,69
1670553000,59
1670553900,79
1670554800,59
1670555700,60
1670556600,65
1670557500,97
1670558400,104
1670559300,94
1670560200,97
1670561100,71
1670562000,66
1670562900,61
1670563800,70
1670564700,84
1670565600,325
1670566500,347
1670567400,139
1670568300,175
1670569200,143
1670570100,78
1670571000,202
1670571900,282
1670572800,565
1670573700,229
1670574600,261
1670575500,181
1670576400,461
1670577300,413
1670578200,266
1670579100,322
1670580000,320
1670580900,519
1670581800,185
1670582700,81
1670583600,73
1670584500,69
1670585400,104
1670586300,90
1670587200,123
1670588100,110
1670589000,111
1670589900,99
1670590800,155
1670591700,149
1670592600,142
1670593500,341
1670594400,179
1670595300,161
1670596200,433
1670597100,172
1670598000,178
1670598900,197
1670599800,203
1670600700,417
1670601600,667
1670602500,396
1670603400,228
1670604300,218
1670605200,271
1670606100,243
1670607000,262
1670607900,220
1670608800,224
1670609700,203
1670610600,213
1670611500,206
1670612400,231
1670613300,238
1670614200,225
1670615100,214
1670616000,198
1670616900,169
1670617800,180
1670618700,117
1670619600,105
1670620500,104
1670621400,102
1670622300,143
1670623200,91
1670624100,92
1670625000,88
1670625900,67
1670626800,76
1670627700,79
1670628600,72
1670629500,69
1670630400,66
1670631300,81
1670632200,57
1670633100,68
1670634000,59
1670634900,83
1670635800,58
1670636700,78
1670637600,76
1670638500,85
1670639400,97
1670640300,102
1670641200,109
1670642100,125
1670643000,117
1670643900,112
1670644800,93
1670645700,69
1670646600,55
1670647500,62
1670648400,239
1670649300,159
1670650200,96
1670651100,143
1670652000,354
1670652900,505
1670653800,137
1670654700,443
1670655600,260
1670656500,433
1670657400,54
1670658300,38
1670659200,72
1670660100,70
1670661000,73
1670661900,60
1670662800,67
1670663700,68
1670664600,121
1670665500,169
1670666400,117
1670667300,136
1670668200,155
1670669100,162
1670670000,143
1670670900,185
1670671800,140
1670672700,140
1670673600,128
1670674500,109
1670675400,143
1670676300,160
1670677200,140
1670678100,127
1670679000,148
1670679900,116
1670680800,100
1670681700,89
1670682600,145
1670683500,152
1670684400,141
1670685300,165
1670686200,171
1670687100,172
1670688000,227
1670688900,204
1670689800,169
1670690700,172
1670691600,248
1670692500,205
1670693400,227
1670694300,227
1670695200,215
1670696100,259
1670697000,240
1670697900,236
1670698800,269
1670699700,260
1670700600,248
1670701500,281
1670702400,257
1670703300,233
1670704200,308
1670705100,155
1670706000,168
1670706900,163
1670707800,132
1670708700,111
1670709600,117
1670710500,108
1670711400,111
1670712300,64
1670713200,57
1670714100,50
1670715000,62
1670715900,64
1670716800,67
1670717700,56
1670718600,42
1670719500,56
1670720400,41
1670721300,48
1670722200,38
1670723100,60
1670724000,38
1670724900,48
1670725800,39
1670726700,73
1670727600,63
1670728500,61
1670729400,68
1670730300,83
1670731200,81
1670732100,50
1670733000,61
1670733900,74
1670734800,220
1670735700,78
1670736600,122
1670737500,175
1670738400,341
1670739300,214
1670740200,146
1670741100,172
1670742000,231
1670742900,139
1670743800,255
1670744700,274
1670745600,119
1670746500,144
1670747400,186
1670748300,280
1670749200,115
1670750100,209
1670751000,158
1670751900,92
1670752800,89
1670753700,66
1670754600,125
1670755500,121
1670756400,118
1670757300,132
1670758200,167
1670759100,268
1670760000,111
1670760900,122
1670761800,81
1670762700,552
1670763600,661
1670764500,243
1670765400,114
1670766300,120
1670767200,124
1670768100,73
1670769000,78
1670769900,77
1670770800,81
1670771700,77
1670772600,93
1670773500,77
1670774400,83
1670775300,79
1670776200,141
1670777100,194
1670778000,936
1670778900,2349
1670779800,3649
1670780700,3050
1670781600,2125
1670782500,1654
1670783400,1380
1670784300,1212
1670785200,1168
1670786100,1382
1670787000,1200
1670787900,299
1670788800,148
1670789700,120
1670790600,123
1670791500,93
1670792400,72
1670793300,62
1670794200,66
1670795100,62
1670796000,58
1670796900,64
1670797800,88
1670798700,84
1670799600,77
1670800500,89
1670801400,81
1670802300,52
1670803200,39
1670804100,59
1670805000,38
1670805900,48
1670806800,43
1670807700,52
1670808600,42
1670809500,40
1670810400,62
1670811300,57
1670812200,62
1670813100,56
1670814000,62
1670814900,38
1670815800,47
1670816700,53
1670817600,78
1670818500,75
1670819400,80
1670820300,88
1670821200,52
1670822100,50
1670823000,47
1670823900,90
1670824800,145
1670825700,163
1670826600,213
1670827500,388
1670828400,536
1670829300,679
1670830200,672
1670831100,641
1670832000,617
1670832900,120
1670833800,112
1670834700,98
1670835600,94
1670836500,98
1670837400,93
1670838300,74
1670839200,82
1670840100,70
1670841000,108
1670841900,143
1670842800,169
1670843700,120
1670844600,246
1670845500,1097
1670846400,1241
1670847300,900
1670848200,637
1670849100,620
1670850000,135
1670850900,108
1670851800,171
1670852700,146
1670853600,209
1670854500,399
1670855400,1081
1670856300,828
1670857200,747
1670858100,836
1670859000,862
1670859900,1017
1670860800,766
1670861700,274
1670862600,207
1670863500,173
1670864400,167
1670865300,174
1670866200,162
1670867100,191
1670868000,151
1670868900,279
1670869800,158
1670870700,151
1670871600,161
1670872500,146
1670873400,149
1670874300,149
1670875200,120
1670876100,129
1670877000,131
1670877900,125
1670878800,111
1670879700,116
1670880600,69
1670881500,72
1670882400,73
1670883300,72
1670884200,66
1670885100,74
1670886000,89
1670886900,76
1670887800,85
1670888700,85
1670889600,77
1670890500,66
1670891400,98
1670892300,118
1670893200,231
1670894100,184
1670895000,117
1670895900,129
1670896800,114
1670897700,120
1670898600,99
1670899500,101
1670900400,78
1670901300,73
1670902200,66
1670903100,74
1670904000,78
1670904900,66
1670905800,73
1670906700,79
1670907600,75
1670908500,67
1670909400,85
1670910300,86
1670911200,82
1670912100,90
1670913000,105
1670913900,94
1670914800,80
1670915700,100
1670916600,152
1670917500,150
1670918400,109
1670919300,106
1670920200,73
1670921100,77
1670922000,71
1670922900,162
1670923800,630
1670924700,199
1670925600,157
1670926500,160
1670927400,135
1670928300,123
1670929200,138
1670930100,123
1670931000,97
1670931900,103
1670932800,104
1670933700,160
1670934600,93
1670935500,100
1670936400,86
1670937300,212
1670938200,105
1670939100,125
1670940000,120
1670940900,70
1670941800,90
1670942700,87
1670943600,96
1670944500,93
1670945400,112
1670946300,87
1670947200,83
1670948100,90
1670949000,81
1670949900,86
1670950800,78
1670951700,98
1670952600,77
1670953500,86
1670954400,87
1670955300,434
1670956200,289
1670957100,197
1670958000,225
1670958900,207
1670959800,217
1670960700,219
1670961600,229
1670962500,530
1670963400,231
1670964300,473
1670965200,182
1670966100,141
1670967000,91
1670967900,82
1670968800,79
1670969700,73
1670970600,80
1670971500,85
1670972400,79
1670973300,90
1670974200,80
1670975100,61
1670976000,69
1670976900,74
1670977800,70
1670978700,61
1670979600,77
1670980500,68
1670981400,69
1670982300,63
1670983200,73
1670984100,68
1670985000,61
1670985900,74
1670986800,76
1670987700,85
1670988600,76
1670989500,94
1670990400,65
1670991300,71
1670992200,74
1670993100,79
1670994000,69
1670994900,52
1670995800,73
1670996700,102
1670997600,282
1670998500,241
1670999400,349
1671000300,422
1671001200,303
1671002100,554
1671003000,317
1671003900,139
1671004800,342
1671005700,268
1671006600,156
1671007500,143
1671008400,154
1671009300,562
1671010200,580
1671011100,718
1671012000,301
1671012900,141
1671013800,289
1671014700,350
1671015600,149
1671016500,177
1671017400,118
1671018300,111
1671019200,119
1671020100,121
1671021000,122
1671021900,148
1671022800,184
1671023700,276
1671024600,100
1671025500,92
1671026400,141
1671027300,494
1671028200,177
1671029100,181
1671030000,170
1671030900,199
1671031800,379
1671032700,470
1671033600,214
1671034500,221
1671035400,223
1671036300,206
1671037200,198
1671038100,242
1671039000,303
1671039900,202
1671040800,251
1671041700,286
1671042600,684
1671043500,263
1671044400,543
1671045300,276
1671046200,286
1671047100,273
1671048000,266
1671048900,154
1671049800,155
1671050700,177
1671051600,268
1671052500,137
1671053400,115
1671054300,107
1671055200,61
1671056100,68
1671057000,78
1671057900,54
1671058800,73
1671059700,81
1671060600,76
1671061500,67
1671062400,77
1671063300,53
1671064200,59
1671065100,56
1671066000,68
1671066900,55
1671067800,53
1671068700,72
1671069600,53
1671070500,62
1671071400,56
1671072300,71
1671073200,53
1671074100,77
1671075000,85
1671075900,83
1671076800,79
1671077700,95
1671078600,110
1671079500,72
1671080400,64
1671081300,59
1671082200,81
1671083100,101
1671084000,119
1671084900,283
1671085800,112
1671086700,97
1671087600,105
1671088500,115
1671089400,139
1671090300,154
1671091200,127
1671092100,224
1671093000,261
1671093900,372
1671094800,411
1671095700,187
1671096600,249
1671097500,200
1671098400,150
1671099300,231
1671100200,171
1671101100,119
1671102000,129
1671102900,193
1671103800,128
1671104700,323
1671105600,333
1671106500,388
1671107400,111
1671108300,251
1671109200,169
1671110100,155
1671111000,135
1671111900,162
1671112800,164
1671113700,143
1671114600,130
1671115500,168
1671116400,168
1671117300,170
1671118200,185
1671119100,180
1671120000,208
1671120900,223
1671121800,208
1671122700,197
1671123600,208
1671124500,254
1671125400,218
1671126300,218
1671127200,214
1671128100,224
1671129000,195
1671129900,208
1671130800,220
1671131700,203
1671132600,192
1671133500,194
1671134400,199
1671135300,201
1671136200,348
1671137100,179
1671138000,141
1671138900,114
1671139800,112
1671140700,87
1671141600,66
1671142500,61
1671143400,47
1671144300,51
1671145200,39
1671146100,57
1671147000,37
1671147900,45
1671148800,50
1671149700,41
1671150600,58
1671151500,58
1671152400,72
1671153300,51
1671154200,47
1671155100,49
1671156000,49
1671156900,55
1671157800,64
1671158700,79
1671159600,62
1671160500,69
1671161400,60
1671162300,52
1671163200,50
1671164100,52
1671165000,73
1671165900,92
1671166800,98
1671167700,92
1671168600,115
1671169500,281
1671170400,85
1671171300,230
1671172200,114
1671173100,119
1671174000,139
1671174900,180
1671175800,672
1671176700,265
1671177600,662
1671178500,569
1671179400,439
1671180300,939
1671181200,809
1671182100,779
1671183000,720
1671183900,751
1671184800,230
1671185700,392
1671186600,320
1671187500,464
1671188400,746
1671189300,364
1671190200,277
1671191100,131
1671192000,613
1671192900,231
1671193800,138
1671194700,132
1671195600,131
1671196500,132
1671197400,160
1671198300,165
1671199200,166
1671200100,339
1671201000,314
1671201900,132
1671202800,137
1671203700,189
1671204600,257
1671205500,282
1671206400,222
1671207300,209
1671208200,216
1671209100,201
1671210000,174
1671210900,195
1671211800,222
1671212700,184
1671213600,240
1671214500,250
1671215400,195
1671216300,201
1671217200,227
1671218100,232
1671219000,281
1671219900,167
1671220800,175
1671221700,171
1671222600,172
1671223500,180
1671224400,144
1671225300,127
1671226200,117
1671227100,102
1671228000,98
1671228900,104
1671229800,97
1671230700,59
1671231600,55
1671232500,74
1671233400,61
1671234300,61
1671235200,67
1671236100,61
1671237000,67
1671237900,78
1671238800,89
1671239700,71
1671240600,78
1671241500,74
1671242400,65
1671243300,55
1671244200,63
1671245100,92
1671246000,65
1671246900,59
1671247800,93
1671248700,93
1671249600,85
1671250500,65
1671251400,84
1671252300,111
1671253200,237
1671254100,236
1671255000,112
1671255900,135
1671256800,127
1671257700,120
1671258600,133
1671259500,123
1671260400,202
1671261300,82
1671262200,91
1671263100,187
1671264000,408
1671264900,384
1671265800,162
1671266700,106
1671267600,105
1671268500,107
1671269400,132
1671270300,211
1671271200,203
1671272100,155
1671273000,172
1671273900,178
1671274800,170
1671275700,168
1671276600,121
1671277500,114
1671278400,108
1671279300,114
1671280200,94
1671281100,99
1671282000,102
1671282900,122
1671283800,110
1671284700,116
1671285600,122
1671286500,132
1671287400,151
1671288300,134
1671289200,159
1671290100,170
1671291000,227
1671291900,290
1671292800,269
1671293700,463
1671294600,234
1671295500,257
1671296400,212
1671297300,234
1671298200,282
1671299100,232
1671300000,194
1671300900,198
1671301800,228
1671302700,234
1671303600,192
1671304500,201
1671305400,201
1671306300,187
1671307200,168
1671308100,217
1671309000,178
1671309900,176
1671310800,176
1671311700,157
1671312600,139
1671313500,114
1671314400,102
1671315300,70
1671316200,78
1671317100,82
1671318000,77
1671318900,69
1671319800,79
1671320700,77
1671321600,73
1671322500,66
1671323400,85
1671324300,69
1671325200,68
1671326100,74
1671327000,82
1671327900,92
1671328800,84
1671329700,98
1671330600,78
1671331500,75
1671332400,67
1671333300,88
1671334200,68
1671335100,95
1671336000,90
1671336900,104
1671337800,100
1671338700,115
1671339600,124
1671340500,234
1671341400,153
1671342300,254
1671343200,438
1671344100,214
1671345000,210
1671345900,193
1671346800,124
1671347700,265
1671348600,132
1671349500,111
1671350400,146
1671351300,107
1671352200,77
1671353100,62
1671354000,79
1671354900,126
1671355800,76
1671356700,93
1671357600,94
1671358500,113
1671359400,219
1671360300,120
1671361200,377
1671362100,250
1671363000,420
1671363900,156
1671364800,170
1671365700,98
1671366600,77
1671367500,66
1671368400,99
1671369300,83
1671370200,88
1671371100,86
1671372000,85
1671372900,66
1671373800,75
1671374700,74
1671375600,80
1671376500,78
1671377400,76
1671378300,96
1671379200,77
1671380100,85
1671381000,88
1671381900,178
1671382800,219
1671383700,231
1671384600,656
1671385500,522
1671386400,315
1671387300,340
1671388200,348
1671389100,347
1671390000,329
1671390900,216
1671391800,206
1671392700,209
1671393600,211
1671394500,200
1671395400,202
1671396300,194
1671397200,218
1671398100,188
1671399000,181
1671399900,132
1671400800,106
1671401700,110
1671402600,94
1671403500,78
1671404400,77
1671405300,82
1671406200,78
1671407100,70
1671408000,85
1671408900,78
1671409800,69
1671410700,60
1671411600,92
1671412500,113
1671413400,120
1671414300,96
1671415200,117
1671416100,61
1671417000,66
1671417900,71
1671418800,94
1671419700,88
1671420600,95
1671421500,86
1671422400,92
1671423300,85
1671424200,80
1671425100,91
1671426000,91
1671426900,87
1671427800,72
1671428700,81
1671429600,76
1671430500,112
1671431400,270
1671432300,349
1671433200,658
1671434100,173
1671435000,482
1671435900,167
1671436800,142
1671437700,163
1671438600,284
1671439500,309
1671440400,221
1671441300,363
1671442200,607
1671443100,893
1671444000,831
1671444900,697
1671445800,650
1671446700,199
1671447600,448
1671448500,127
1671449400,157
1671450300,97
1671451200,195
1671452100,1024
1671453000,1382
1671453900,1034
1671454800,741
1671455700,712
1671456600,406
1671457500,768
1671458400,260
1671459300,184
1671460200,538
1671461100,829
1671462000,794
1671462900,827
1671463800,619
1671464700,299
1671465600,319
1671466500,384
1671467400,371
1671468300,311
1671469200,296
1671470100,233
1671471000,252
1671471900,240
1671472800,286
1671473700,210
1671474600,160
1671475500,175
1671476400,161
1671477300,180
1671478200,133
1671479100,152
1671480000,151
1671480900,136
1671481800,138
1671482700,124
1671483600,140
1671484500,129
1671485400,54
1671486300,44
1671487200,58
1671488100,50
1671489000,68
1671489900,61
1671490800,77
1671491700,57
1671492600,61
1671493500,54
1671494400,52
1671495300,43
1671496200,57
1671497100,52
1671498000,51
1671498900,47
1671499800,70
1671500700,66
1671501600,67
1671502500,93
1671503400,95
1671504300,81
1671505200,78
1671506100,89
1671507000,79
1671507900,73
1671508800,51
1671509700,72
1671510600,63
1671511500,85
1671512400,86
1671513300,107
1671514200,76
1671515100,86
1671516000,80
1671516900,100
1671517800,77
1671518700,98
1671519600,121
1671520500,189
1671521400,78
1671522300,189
1671523200,120
1671524100,108
1671525000,265
1671525900,134
1671526800,287
1671527700,572
1671528600,513
1671529500,665
1671530400,221
1671531300,284
1671532200,202
1671533100,147
1671534000,119
1671534900,168
1671535800,122
1671536700,138
1671537600,108
1671538500,99
1671539400,72
1671540300,80
1671541200,204
1671542100,210
1671543000,333
1671543900,178
1671544800,146
1671545700,140
1671546600,112
1671547500,95
1671548400,114
1671549300,116
1671550200,127
1671551100,192
1671552000,251
1671552900,272
1671553800,284
1671554700,328
1671555600,319
1671556500,254
1671557400,298
1671558300,308
1671559200,319
1671560100,453
1671561000,312
1671561900,340
1671562800,313
1671563700,262
1671564600,216
1671565500,209
1671566400,191
1671567300,200
1671568200,148
1671569100,100
1671570000,86
1671570900,86
1671571800,75
1671572700,60
1671573600,52
1671574500,67
1671575400,58
1671576300,57
1671577200,54
1671578100,66
1671579000,58
1671579900,58
1671580800,78
1671581700,160
1671582600,94
1671583500,84
1671584400,70
1671585300,62
1671586200,61
1671587100,64
1671588000,89
1671588900,81
1671589800,78
1671590700,80
1671591600,82
1671592500,88
1671593400,75
1671594300,80
1671595200,76
1671596100,79
1671597000,76
1671597900,84
1671598800,84
1671599700,86
1671600600,101
1671601500,295
1671602400,139
1671603300,368
1671604200,179
1671605100,485
1671606000,287
1671606900,432
1671607800,234
1671608700,218
1671609600,631
1671610500,310
1671611400,270
1671612300,95
1671613200,103
1671614100,717
1671615000,734
1671615900,905
1671616800,1036
1671617700,383
1671618600,844
1671619500,609
1671620400,228
1671621300,790
1671622200,922
1671623100,808
1671624000,648
1671624900,601
1671625800,306
1671626700,130
1671627600,131
1671628500,110
1671629400,104
1671630300,95
1671631200,101
1671632100,111
1671633000,113
1671633900,122
1671634800,183
1671635700,198
1671636600,211
1671637500,297
1671638400,434
1671639300,245
1671640200,256
1671641100,274
1671642000,239
1671642900,224
1671643800,281
1671644700,320
1671645600,371
1671646500,369
1671647400,385
1671648300,341
1671649200,325
1671650100,289
1671651000,296
1671651900,244
1671652800,279
1671653700,204
1671654600,187
1671655500,120
1671656400,99
1671657300,80
1671658200,68
1671659100,75
1671660000,62
1671660900,61
1671661800,61
1671662700,54
1671663600,65
1671664500,82
1671665400,74
1671666300,67
1671667200,65
1671668100,64
1671669000,57
1671669900,57
1671670800,53
1671671700,74
1671672600,53
1671673500,61
1671674400,53
1671675300,87
1671676200,76
1671677100,99
1671678000,120
1671678900,133
1671679800,127
1671680700,72
1671681600,77
1671682500,81
1671683400,68
1671684300,69
1671685200,81
1671686100,90
1671687000,86
1671687900,90
1671688800,90
1671689700,163
1671690600,325
1671691500,244
1671692400,376
1671693300,408
1671694200,715
1671695100,699
1671696000,468
1671696900,526
1671697800,293
1671698700,245
1671699600,389
1671700500,202
1671701400,272
1671702300,105
1671703200,107
1671704100,110
1671705000,114
1671705900,103
1671706800,101
1671707700,168
1671708600,155
1671709500,156
1671710400,111
1671711300,118
1671712200,113
1671713100,129
1671714000,93
1671714900,94
1671715800,87
1671716700,105
1671717600,92
1671718500,100
1671719400,103
1671720300,110
1671721200,135
1671722100,182
1671723000,249
1671723900,257
1671724800,219
1671725700,214
1671726600,223
1671727500,227
1671728400,284
1671729300,217
1671730200,233
1671731100,242
1671732000,293
1671732900,888
1671733800,2799
1671734700,2829
1671735600,2801
1671736500,1690
1671737400,1466
1671738300,1238
1671739200,1087
1671740100,1300
1671741000,1135
1671741900,1155
1671742800,1120
1671743700,275
1671744600,240
1671745500,399
1671746400,378
1671747300,164
1671748200,153
1671749100,82
1671750000,76
1671750900,65
1671751800,75
1671752700,70
1671753600,59
1671754500,50
1671755400,59
1671756300,64
1671757200,64
1671758100,73
1671759000,107
1671759900,113
1671760800,91
1671761700,78
1671762600,51
1671763500,73
1671764400,51
1671765300,60
1671766200,70
1671767100,95
1671768000,73
1671768900,81
1671769800,80
1671770700,109
1671771600,83
1671772500,75
1671773400,157
1671774300,293
1671775200,255
1671776100,173
1671777000,295
1671777900,433
1671778800,868
1671779700,604
1671780600,159
1671781500,155
1671782400,124
1671783300,523
1671784200,341
1671785100,489
1671786000,795
1671786900,2266
1671787800,1855
1671788700,1492
1671789600,1194
1671790500,718
1671791400,157
1671792300,139
1671793200,148
1671794100,221
1671795000,192
1671795900,177
1671796800,149
1671797700,145
1671798600,135
1671799500,134
1671800400,164
1671801300,174
1671802200,161
1671803100,146
1671804000,157
1671804900,151
1671805800,180
1671806700,177
1671807600,331
1671808500,639
1671809400,331
1671810300,297
1671811200,286
1671812100,268
1671813000,273
1671813900,285
1671814800,556
1671815700,280
1671816600,492
1671817500,205
1671818400,200
1671819300,179
1671820200,210
1671821100,196
1671822000,220
1671822900,180
1671823800,174
1671824700,155
1671825600,180
1671826500,155
1671827400,80
1671828300,88
1671829200,81
1671830100,72
1671831000,50
1671831900,58
1671832800,45
1671833700,46
1671834600,45
1671835500,52
1671836400,48
1671837300,39
1671838200,47
1671839100,51
1671840000,109
1671840900,56
1671841800,65
1671842700,76
1671843600,86
1671844500,76
1671845400,82
1671846300,93
1671847200,82
1671848100,147
1671849000,98
1671849900,110
1671850800,76
1671851700,82
1671852600,46
1671853500,67
1671854400,47
1671855300,54
1671856200,45
1671857100,65
1671858000,87
1671858900,98
1671859800,114
1671860700,156
1671861600,304
1671862500,244
1671863400,111
1671864300,116
1671865200,102
1671866100,122
1671867000,106
1671867900,133
1671868800,591
1671869700,590
1671870600,153
1671871500,268
1671872400,205
1671873300,180
1671874200,575
1671875100,484
1671876000,251
1671876900,561
1671877800,194
1671878700,462
1671879600,181
1671880500,245
1671881400,149
1671882300,130
1671883200,154
1671884100,221
1671885000,134
1671885900,150
1671886800,199
1671887700,153
1671888600,138
1671889500,135
1671890400,302
1671891300,188
1671892200,217
1671893100,202
1671894000,278
1671894900,694
1671895800,807
1671896700,451
1671897600,322
1671898500,252
1671899400,267
1671900300,289
1671901200,231
1671902100,271
1671903000,255
1671903900,253
1671904800,238
1671905700,232
1671906600,222
1671907500,304
1671908400,170
1671909300,143
1671910200,147
1671911100,151
1671912000,156
1671912900,146
1671913800,104
1671914700,87
1671915600,87
1671916500,107
1671917400,68
1671918300,93
1671919200,108
1671920100,111
1671921000,81
1671921900,88
1671922800,93
1671923700,87
1671924600,74
1671925500,82
1671926400,88
1671927300,67
1671928200,59
1671929100,66
1671930000,76
1671930900,67
1671931800,63
1671932700,46
1671933600,57
1671934500,39
1671935400,45
1671936300,43
1671937200,88
1671938100,71
1671939000,76
1671939900,68
1671940800,78
1671941700,45
1671942600,46
1671943500,39
1671944400,47
1671945300,54
1671946200,54
1671947100,81
1671948000,88
1671948900,134
1671949800,174
1671950700,204
1671951600,611
1671952500,593
1671953400,414
1671954300,372
1671955200,415
1671956100,599
1671957000,747
1671957900,811
1671958800,492
1671959700,597
1671960600,882
1671961500,705
1671962400,515
1671963300,654
1671964200,714
1671965100,259
1671966000,195
1671966900,170
1671967800,167
1671968700,202
1671969600,186
1671970500,200
1671971400,190
1671972300,204
1671973200,193
1671974100,215
1671975000,458
1671975900,437
1671976800,624
1671977700,234
1671978600,232
1671979500,236
1671980400,262
1671981300,494
1671982200,409
1671983100,233
1671984000,209
1671984900,204
1671985800,206
1671986700,267
1671987600,263
1671988500,262
1671989400,272
1671990300,258
1671991200,270
1671992100,246
1671993000,310
1671993900,258
1671994800,545
1671995700,216
1671996600,207
1671997500,180
1671998400,178
1671999300,157
1672000200,175
1672001100,142
1672002000,164
1672002900,156
1672003800,129
1672004700,65
1672005600,45
1672006500,50
1672007400,46
1672008300,36
1672009200,43
1672010100,53
1672011000,41
1672011900,43
1672012800,40
1672013700,58
1672014600,39
1672015500,51
1672016400,57
1672017300,75
1672018200,55
1672019100,94
1672020000,86
1672020900,103
1672021800,74
1672022700,74
1672023600,45
1672024500,56
1672025400,56
1672026300,66
1672027200,74
1672028100,102
1672029000,110
1672029900,106
1672030800,116
1672031700,121
1672032600,82
1672033500,52
1672034400,55
1672035300,54
1672036200,58
1672037100,41
1672038000,73
1672038900,374
1672039800,444
1672040700,313
1672041600,178
1672042500,100
1672043400,92
1672044300,61
1672045200,54
1672046100,160
1672047000,408
1672047900,68
1672048800,247
1672049700,259
1672050600,153
1672051500,183
1672052400,178
1672053300,254
1672054200,196
1672055100,191
1672056000,167
1672056900,163
1672057800,179
1672058700,174
1672059600,165
1672060500,138
1672061400,182
1672062300,129
1672063200,118
1672064100,128
1672065000,126
1672065900,160
1672066800,189
1672067700,189
1672068600,188
1672069500,202
1672070400,195
1672071300,195
1672072200,182
1672073100,202
1672074000,224
1672074900,1202
1672075800,2852
1672076700,2863
1672077600,2336
1672078500,1567
1672079400,1460
1672080300,1195
1672081200,1133
1672082100,1420
1672083000,1034
1672083900,1092
1672084800,1155
1672085700,298
1672086600,251
1672087500,155
1672088400,184
1672089300,138
1672090200,128
1672091100,118
1672092000,115
1672092900,82
1672093800,66
1672094700,88
1672095600,67
1672096500,74
1672097400,66
1672098300,87
1672099200,67
1672100100,78
1672101000,81
1672101900,77
1672102800,61
1672103700,61
1672104600,68
1672105500,67
1672106400,67
1672107300,69
1672108200,88
1672109100,101
1672110000,110
1672110900,104
1672111800,116
1672112700,108
1672113600,110
1672114500,83
1672115400,63
1672116300,73
1672117200,38
1672118100,50
1672119000,78
1672119900,99
1672120800,76
1672121700,85
1672122600,72
1672123500,94
1672124400,60
1672125300,47
1672126200,60
1672127100,333
1672128000,579
1672128900,565
1672129800,477
1672130700,829
1672131600,821
1672132500,601
1672133400,376
1672134300,499
1672135200,585
1672136100,634
1672137000,659
1672137900,648
1672138800,176
1672139700,188
1672140600,188
1672141500,207
1672142400,301
1672143300,1284
1672144200,1353
1672145100,897
1672146000,203
1672146900,183
1672147800,204
1672148700,199
1672149600,316
1672150500,663
1672151400,883
1672152300,739
1672153200,702
1672154100,559
1672155000,222
1672155900,172
1672156800,221
1672157700,232
1672158600,260
1672159500,226
1672160400,223
1672161300,222
1672162200,230
1672163100,223
1672164000,219
1672164900,225
1672165800,251
1672166700,250
1672167600,302
1672168500,268
1672169400,219
1672170300,177
1672171200,187
1672172100,189
1672173000,190
1672173900,166
1672174800,119
1672175700,99
1672176600,86
1672177500,86
1672178400,90
1672179300,89
1672180200,78
1672181100,87
1672182000,93
1672182900,88
1672183800,81
1672184700,87
1672185600,76
1672186500,68
1672187400,61
1672188300,65
1672189200,78
1672190100,60
1672191000,70
1672191900,77
1672192800,100
1672193700,77
1672194600,87
1672195500,77
1672196400,97
1672197300,65
1672198200,68
1672199100,60
1672200000,77
1672200900,64
1672201800,80
1672202700,93
1672203600,122
1672204500,219
1672205400,176
1672206300,147
1672207200,205
1672208100,165
1672209000,107
1672209900,133
1672210800,107
1672211700,71
1672212600,77
1672213500,68
1672214400,81
1672215300,80
1672216200,93
1672217100,83
1672218000,86
1672218900,93
1672219800,95
1672220700,86
1672221600,125
1672222500,270
1672223400,185
1672224300,154
1672225200,143
1672226100,136
1672227000,139
1672227900,135
1672228800,167
1672229700,150
1672230600,265
1672231500,433
1672232400,292
1672233300,413
1672234200,191
1672235100,165
1672236000,153
1672236900,146
1672237800,261
1672238700,137
1672239600,140
1672240500,135
1672241400,152
1672242300,141
1672243200,190
1672244100,121
1672245000,184
1672245900,199
1672246800,530
1672247700,354
1672248600,500
1672249500,205
1672250400,210
1672251300,214
1672252200,234
1672253100,223
1672254000,210
1672254900,244
1672255800,252
1672256700,240
1672257600,242
1672258500,238
1672259400,257
1672260300,245
1672261200,223
1672262100,184
1672263000,133
1672263900,163
1672264800,97
1672265700,114
1672266600,75
1672267500,66
1672268400,61
1672269300,75
1672270200,71
1672271100,61
1672272000,76
1672272900,92
1672273800,86
1672274700,76
1672275600,83
1672276500,89
1672277400,81
1672278300,51
1672279200,60
1672280100,64
1672281000,61
1672281900,57
1672282800,58
1672283700,69
1672284600,51
1672285500,60
1672286400,59
1672287300,89
1672288200,55
1672289100,61
1672290000,78
1672290900,105
1672291800,84
1672292700,83
1672293600,76
1672294500,96
1672295400,70
1672296300,228
1672297200,75
1672298100,70
1672299000,68
1672299900,92
1672300800,113
1672301700,117
1672302600,211
1672303500,96
1672304400,150
1672305300,458
1672306200,562
1672307100,416
1672308000,88
1672308900,92
1672309800,147
1672310700,150
1672311600,372
1672312500,241
1672313400,366
1672314300,108
1672315200,72
1672316100,94
1672317000,107
1672317900,143
1672318800,288
1672319700,148
1672320600,131
1672321500,145
1672322400,130
1672323300,129
1672324200,149
1672325100,162
1672326000,181
1672326900,199
1672327800,215
1672328700,189
1672329600,220
1672330500,217
1672331400,264
1672332300,252
1672333200,252
1672334100,281
1672335000,293
1672335900,275
1672336800,280
1672337700,250
1672338600,235
1672339500,263
1672340400,267
1672341300,214
1672342200,167
1672343100,176
1672344000,205
1672344900,212
1672345800,194
1672346700,206
1672347600,196
1672348500,148
1672349400,85
1672350300,83
1672351200,95
1672352100,74
1672353000,77
1672353900,83
1672354800,79
1672355700,70
1672356600,78
1672357500,79
1672358400,77
1672359300,73
1672360200,74
1672361100,74
1672362000,56
1672362900,60
1672363800,58
1672364700,67
1672365600,53
1672366500,60
1672367400,61
1672368300,64
1672369200,68
1672370100,71
1672371000,83
1672371900,72
1672372800,87
1672373700,59
1672374600,85
1672375500,151
1672376400,325
1672377300,209
1672378200,103
1672379100,162
1672380000,467
1672380900,117
1672381800,101
1672382700,102
1672383600,52
1672384500,55
1672385400,53
1672386300,94
1672387200,114
1672388100,239
1672389000,146
1672389900,179
1672390800,130
1672391700,113
1672392600,96
1672393500,95
1672394400,83
1672395300,85
1672396200,108
1672397100,133
1672398000,254
1672398900,170
1672399800,156
1672400700,164
1672401600,162
1672402500,155
1672403400,123
1672404300,155
1672405200,150
1672406100,310
1672407000,251
1672407900,434
1672408800,108
1672409700,108
1672410600,85
1672411500,123
1672412400,171
1672413300,171
1672414200,204
1672415100,195
1672416000,228
1672416900,209
1672417800,213
1672418700,233
1672419600,225
1672420500,223
1672421400,277
1672422300,280
1672423200,290
1672424100,229
1672425000,246
1672425900,256
1672426800,209
1672427700,219
1672428600,216
1672429500,210
1672430400,244
1672431300,265
1672432200,242
1672433100,210
1672434000,211
1672434900,174
1672435800,177
1672436700,94
1672437600,94
1672438500,85
1672439400,116
1672440300,82
1672441200,68
1672442100,57
1672443000,73
1672443900,56
1672444800,56
1672445700,53
1672446600,59
1672447500,53
1672448400,48
1672449300,60
1672450200,57
1672451100,56
1672452000,43
1672452900,52
1672453800,48
1672454700,47
1672455600,39
1672456500,65
1672457400,70
1672458300,72
1672459200,77
1672460100,65
1672461000,73
1672461900,40
1672462800,128
1672463700,225
1672464600,167
1672465500,136
1672466400,86
1672467300,83
1672468200,87
1672469100,79
1672470000,49
1672470900,47
1672471800,49
1672472700,52
1672473600,39
1672474500,54
1672475400,68
1672476300,102
1672477200,85
1672478100,86
1672479000,85
1672479900,118
1672480800,93
1672481700,77
1672482600,306
1672483500,157
1672484400,677
1672485300,173
1672486200,338
1672487100,125
1672488000,120
1672488900,107
1672489800,98
1672490700,110
1672491600,281
1672492500,145
1672493400,129
1672494300,154
1672495200,648
1672496100,580
1672497000,577
1672497900,400
1672498800,235
1672499700,178
1672500600,267
1672501500,286
1672502400,277
1672503300,288
1672504200,154
1672505100,135
1672506000,128
1672506900,133
1672507800,228
1672508700,115
1672509600,131
1672510500,123
1672511400,154
1672512300,136
1672513200,143
1672514100,137
1672515000,125
1672515900,137
1672516800,116
1672517700,113
1672518600,101
1672519500,109
1672520400,116
1672521300,92
1672522200,108
1672523100,76
1672524000,100
1672524900,84
1672525800,88
1672526700,91
1672527600,95
1672528500,103
1672529400,92
1672530300,111
1672531200,117
1672532100,150
1672533000,188
1672533900,388
1672534800,196
1672535700,243
1672536600,419
1672537500,274
1672538400,235
1672539300,314
1672540200,156
1672541100,124
1672542000,151
1672542900,107
1672543800,95
1672544700,96
1672545600,84
1672546500,50
1672547400,58
1672548300,61
1672549200,62
1672550100,56
1672551000,82
1672551900,87
1672552800,85
1672553700,73
1672554600,76
1672555500,126
1672556400,66
1672557300,110
1672558200,108
1672559100,182
1672560000,78
1672560900,78
1672561800,413
1672562700,259
1672563600,213
1672564500,1050
1672565400,767
1672566300,330
1672567200,259
1672568100,156
1672569000,193
1672569900,165
1672570800,155
1672571700,135
1672572600,100
1672573500,101
1672574400,105
1672575300,104
1672576200,174
1672577100,226
1672578000,306
1672578900,191
1672579800,196
1672580700,183
1672581600,212
1672582500,267
1672583400,217
1672584300,202
1672585200,211
1672586100,185
1672587000,262
1672587900,325
1672588800,218
1672589700,229
1672590600,276
1672591500,561
1672592400,336
1672593300,460
1672594200,272
1672595100,287
1672596000,306
1672596900,312
1672597800,287
1672598700,318
1672599600,270
1672600500,222
1672601400,184
1672602300,185
1672603200,183
1672604100,151
1672605000,169
1672605900,146
1672606800,147
1672607700,97
1672608600,64
1672609500,89
1672610400,89
1672611300,99
1672612200,69
1672613100,112
1672614000,67
1672614900,70
1672615800,59
1672616700,53
1672617600,51
1672618500,48
1672619400,41
1672620300,50
1672621200,49
1672622100,43
1672623000,42
1672623900,47
1672624800,51
1672625700,38
1672626600,46
1672627500,66
1672628400,63
1672629300,55
1672630200,62
1672631100,84
1672632000,51
1672632900,139
1672633800,84
1672634700,72
1672635600,56
1672636500,63
1672637400,55
1672638300,71
1672639200,48
1672640100,56
1672641000,71
1672641900,255
1672642800,359
1672643700,210
1672644600,77
1672645500,71
1672646400,66
1672647300,74
1672648200,253
1672649100,194
1672650000,1127
1672650900,2637
1672651800,1260
1672652700,656
1672653600,466
1672654500,148
1672655400,146
1672656300,179
1672657200,163
1672658100,171
1672659000,198
1672659900,191
1672660800,186
1672661700,196
1672662600,186
1672663500,185
1672664400,175
1672665300,197
1672666200,536
1672667100,850
1672668000,798
1672668900,718
1672669800,158
1672670700,124
1672671600,125
1672672500,118
1672673400,183
1672674300,172
1672675200,255
1672676100,2241
1672677000,2861
1672677900,2633
1672678800,1440
1672679700,1197
1672680600,1357
1672681500,1204
1672682400,1262
1672683300,1178
1672684200,981
1672685100,281
1672686000,213
1672686900,250
1672687800,229
1672688700,199
1672689600,214
1672690500,173
1672691400,161
1672692300,109
1672693200,87
1672694100,60
1672695000,54
1672695900,46
1672696800,50
1672697700,41
1672698600,62
1672699500,41
1672700400,49
1672701300,52
1672702200,52
1672703100,41
1672704000,47
1672704900,54
1672705800,46
1672706700,46
1672707600,46
1672708500,72
1672709400,58
1672710300,64
1672711200,133
1672712100,68
1672713000,60
1672713900,58
1672714800,71
1672715700,58
1672716600,54
1672717500,54
1672718400,70
1672719300,52
1672720200,127
1672721100,94
1672722000,114
1672722900,93
1672723800,150
1672724700,261
1672725600,159
1672726500,143
1672727400,174
1672728300,129
1672729200,355
1672730100,691
1672731000,423
1672731900,367
1672732800,186
1672733700,100
1672734600,92
1672735500,103
1672736400,164
1672737300,308
1672738200,1148
1672739100,427
1672740000,192
1672740900,154
1672741800,166
1672742700,201
1672743600,923
1672744500,742
1672745400,935
1672746300,375
1672747200,132
1672748100,120
1672749000,158
1672749900,202
1672750800,145
1672751700,236
1672752600,139
1672753500,163
1672754400,169
1672755300,431
1672756200,1272
1672757100,949
1672758000,832
1672758900,912
1672759800,357
1672760700,348
1672761600,250
1672762500,217
1672763400,184
1672764300,739
1672765200,259
1672766100,191
1672767000,134
1672767900,138
1672768800,188
1672769700,194
1672770600,182
1672771500,159
1672772400,172
1672773300,164
1672774200,193
1672775100,177
1672776000,183
1672776900,182
1672777800,177
1672778700,145
1672779600,131
1672780500,104
1672781400,111
1672782300,74
1672783200,76
1672784100,110
1672785000,80
1672785900,59
1672786800,37
1672787700,57
1672788600,37
1672789500,45
1672790400,42
1672791300,52
1672792200,47
1672793100,62
1672794000,65
1672794900,59
1672795800,55
1672796700,39
1672797600,57
1672798500,38
1672799400,45
1672800300,40
1672801200,56
1672802100,40
1672803000,54
1672803900,55
1672804800,67
1672805700,54
1672806600,49
1672807500,50
1672808400,59
1672809300,74
1672810200,82
1672811100,254
1672812000,126
1672812900,302
1672813800,174
1672814700,216
1672815600,107
1672816500,89
1672817400,43
1672818300,62
1672819200,74
1672820100,68
1672821000,74
1672821900,75
1672822800,79
1672823700,51
1672824600,46
1672825500,46
1672826400,50
1672827300,44
1672828200,77
1672829100,217
1672830000,149
1672830900,171
1672831800,793
1672832700,213
1672833600,448
1672834500,87
1672835400,115
1672836300,417
1672837200,686
1672838100,465
1672839000,144
1672839900,118
1672840800,145
1672841700,310
1672842600,381
1672843500,124
1672844400,151
1672845300,185
1672846200,251
1672847100,303
1672848000,296
1672848900,255
1672849800,246
1672850700,234
1672851600,209
1672852500,243
1672853400,246
1672854300,306
1672855200,330
1672856100,309
1672857000,283
1672857900,261
1672858800,138
1672859700,132
1672860600,187
1672861500,220
1672862400,226
1672863300,198
1672864200,211
1672865100,205
1672866000,172
1672866900,155
1672867800,171
1672868700,125
1672869600,118
1672870500,89
1672871400,74
1672872300,64
1672873200,63
1672874100,93
1672875000,73
1672875900,70
1672876800,65
1672877700,87
1672878600,60
1672879500,63
1672880400,53
1672881300,65
1672882200,62
1672883100,58
1672884000,75
1672884900,44
1672885800,47
1672886700,41
1672887600,64
1672888500,43
1672889400,49
1672890300,42
1672891200,59
1672892100,54
1672893000,59
1672893900,79
1672894800,84
1672895700,78
1672896600,75
1672897500,81
1672898400,274
1672899300,160
1672900200,221
1672901100,216
1672902000,167
1672902900,81
1672903800,88
1672904700,77
1672905600,101
1672906500,75
1672907400,78
1672908300,49
1672909200,68
1672910100,48
1672911000,54
1672911900,137
1672912800,386
1672913700,152
1672914600,128
1672915500,93
1672916400,99
1672917300,95
1672918200,137
1672919100,118
1672920000,103
1672920900,99
1672921800,90
1672922700,118
1672923600,344
1672924500,292
1672925400,134
1672926300,167
1672927200,190
1672928100,146
1672929000,144
1672929900,152
1672930800,149
1672931700,156
1672932600,200
1672933500,233
1672934400,226
1672935300,333
1672936200,257
1672937100,288
1672938000,303
1672938900,798
1672939800,322
1672940700,354
1672941600,162
1672942500,157
1672943400,168
1672944300,146
1672945200,153
1672946100,145
1672947000,147
1672947900,139
1672948800,140
1672949700,149
1672950600,143
1672951500,145
1672952400,172
1672953300,129
1672954200,110
1672955100,103
1672956000,107
1672956900,91
1672957800,75
1672958700,58
1672959600,47
1672960500,35
1672961400,47
1672962300,47
1672963200,45
1672964100,37
1672965000,57
1672965900,38
1672966800,45
1672967700,39
1672968600,58
1672969500,39
1672970400,63
1672971300,62
1672972200,75
1672973100,104
1672974000,60
1672974900,65
1672975800,59
1672976700,51
1672977600,59
1672978500,78
1672979400,88
1672980300,84
1672981200,105
1672982100,115
1672983000,166
1672983900,98
1672984800,99
1672985700,80
1672986600,88
1672987500,81
1672988400,108
1672989300,120
1672990200,183
1672991100,139
1672992000,181
1672992900,75
1672993800,70
1672994700,61
1672995600,72
1672996500,73
1672997400,69
1672998300,311
1672999200,257
1673000100,143
1673001000,140
1673001900,160
1673002800,175
1673003700,151
1673004600,171
1673005500,98
1673006400,99
1673007300,101
1673008200,97
1673009100,117
1673010000,134
1673010900,143
1673011800,138
1673012700,369
1673013600,731
1673014500,527
1673015400,204
1673016300,194
1673017200,189
1673018100,594
1673019000,210
1673019900,235
1673020800,784
1673021700,328
1673022600,559
1673023500,239
1673024400,219
1673025300,225
1673026200,217
1673027100,194
1673028000,218
1673028900,204
1673029800,230
1673030700,184
1673031600,335
1673032500,152
1673033400,181
1673034300,172
1673035200,189
1673036100,161
1673037000,155
1673037900,154
1673038800,142
1673039700,102
1673040600,81
1673041500,86
1673042400,83
1673043300,73
1673044200,83
1673045100,40
1673046000,46
1673046900,38
1673047800,56
1673048700,40
1673049600,43
1673050500,89
1673051400,91
1673052300,88
1673053200,77
1673054100,84
1673055000,69
1673055900,73
1673056800,53
1673057700,59
1673058600,38
1673059500,46
1673060400,57
1673061300,90
1673062200,64
1673063100,74
1673064000,68
1673064900,85
1673065800,93
1673066700,109
1673067600,364
1673068500,174
1673069400,158
1673070300,156
1673071200,135
1673072100,101
1673073000,85
1673073900,75
1673074800,84
1673075700,60
1673076600,55
1673077500,45
1673078400,54
1673079300,60
1673080200,53
1673081100,77
1673082000,86
1673082900,108
1673083800,92
1673084700,97
1673085600,77
1673086500,84
1673087400,64
1673088300,97
1673089200,156
1673090100,160
1673091000,91
1673091900,178
1673092800,190
1673093700,202
1673094600,160
1673095500,164
1673096400,177
1673097300,153
1673098200,122
1673099100,107
1673100000,134
1673100900,177
1673101800,141
1673102700,189
1673103600,157
1673104500,192
1673105400,344
1673106300,303
1673107200,358
1673108100,316
1673109000,345
1673109900,301
1673110800,325
1673111700,310
1673112600,294
1673113500,245
1673114400,208
1673115300,295
1673116200,326
1673117100,401
1673118000,328
1673118900,204
1673119800,187
1673120700,229
1673121600,214
1673122500,246
1673123400,214
1673124300,195
1673125200,162
1673126100,133
1673127000,120
1673127900,105
1673128800,168
1673129700,83
1673130600,94
1673131500,105
1673132400,124
1673133300,115
1673134200,84
1673135100,64
1673136000,82
1673136900,54
1673137800,43
1673138700,41
1673139600,52
1673140500,70
1673141400,67
1673142300,72
1673143200,82
1673144100,70
1673145000,67
1673145900,72
1673146800,78
1673147700,84
1673148600,82
1673149500,82
1673150400,88
1673151300,63
1673152200,110
1673153100,86
1673154000,128
1673154900,249
1673155800,142
1673156700,245
1673157600,188
1673158500,214
1673159400,388
1673160300,309
1673161200,543
1673162100,923
1673163000,462
1673163900,313
1673164800,205
1673165700,104
1673166600,87
1673167500,104
1673168400,105
1673169300,151
1673170200,136
1673171100,140
1673172000,215
1673172900,154
1673173800,209
1673174700,328
1673175600,195
1673176500,181
1673177400,163
1673178300,120
1673179200,102
1673180100,80
1673181000,101
1673181900,187
1673182800,712
1673183700,204
1673184600,137
1673185500,154
1673186400,141
1673187300,179
1673188200,294
1673189100,313
1673190000,276
1673190900,264
1673191800,195
1673192700,419
1673193600,105
1673194500,146
1673195400,174
1673196300,326
1673197200,118
1673198100,119
1673199000,126
1673199900,119
1673200800,178
1673201700,254
1673202600,291
1673203500,341
1673204400,493
1673205300,261
1673206200,223
1673207100,201
1673208000,371
1673208900,229
1673209800,214
1673210700,177
1673211600,138
1673212500,112
1673213400,94
1673214300,90
1673215200,68
1673216100,69
1673217000,66
1673217900,72
1673218800,90
1673219700,79
1673220600,100
1673221500,81
1673222400,86
1673223300,80
1673224200,66
1673225100,52
1673226000,54
1673226900,77
1673227800,81
1673228700,90
1673229600,95
1673230500,116
1673231400,98
1673232300,85
1673233200,81
1673234100,99
1673235000,79
1673235900,85
1673236800,81
1673237700,100
1673238600,132
1673239500,87
1673240400,75
1673241300,79
1673242200,82
1673243100,79
1673244000,88
1673244900,266
1673245800,177
1673246700,217
1673247600,123
1673248500,157
1673249400,329
1673250300,135
1673251200,211
1673252100,224
1673253000,223
1673253900,241
1673254800,207
1673255700,240
1673256600,218
1673257500,176
1673258400,179
1673259300,231
1673260200,131
1673261100,93
1673262000,122
1673262900,115
1673263800,92
1673264700,105
1673265600,149
1673266500,230
1673267400,239
1673268300,213
1673269200,96
1673270100,247
1673271000,326
1673271900,115
1673272800,86
1673273700,107
1673274600,90
1673275500,275
1673276400,169
1673277300,242
1673278200,269
1673279100,171
1673280000,147
1673280900,357
1673281800,726
1673282700,429
1673283600,409
1673284500,233
1673285400,157
1673286300,190
1673287200,178
1673288100,150
1673289000,196
1673289900,305
1673290800,144
1673291700,144
1673292600,123
1673293500,122
1673294400,149
1673295300,150
1673296200,140
1673297100,137
1673298000,124
1673298900,300
1673299800,217
1673300700,97
1673301600,108
1673302500,128
1673303400,67
1673304300,47
1673305200,48
1673306100,36
1673307000,71
1673307900,78
1673308800,67
1673309700,68
1673310600,54
1673311500,74
1673312400,45
1673313300,45
1673314200,71
1673315100,165
1673316000,142
1673316900,136
1673317800,139
1673318700,125
1673319600,67
1673320500,37
1673321400,44
1673322300,50
1673323200,73
1673324100,64
1673325000,71
1673325900,91
1673326800,74
1673327700,62
1673328600,38
1673329500,487
1673330400,2830
1673331300,2855
1673332200,2621
1673333100,1364
1673334000,1234
1673334900,1543
1673335800,1552
1673336700,1222
1673337600,981
1673338500,969
1673339400,1097
1673340300,568
1673341200,140
1673342100,90
1673343000,259
1673343900,502
1673344800,148
1673345700,122
1673346600,175
1673347500,615
1673348400,276
1673349300,331
1673350200,158
1673351100,118
1673352000,143
1673352900,126
1673353800,123
1673354700,115
1673355600,140
1673356500,137
1673357400,127
1673358300,146
1673359200,140
1673360100,152
1673361000,165
1673361900,183
1673362800,260
1673363700,618
1673364600,195
1673365500,185
1673366400,251
1673367300,155
1673368200,153
1673369100,222
1673370000,162
1673370900,177
1673371800,221
1673372700,233
1673373600,231
1673374500,263
1673375400,217
1673376300,241
1673377200,290
1673378100,192
1673379000,253
1673379900,201
1673380800,214
1673381700,307
1673382600,343
1673383500,233
1673384400,113
1673385300,113
1673386200,106
1673387100,79
1673388000,66
1673388900,39
1673389800,54
1673390700,35
1673391600,44
1673392500,41
1673393400,52
1673394300,36
1673395200,59
1673396100,60
1673397000,64
1673397900,40
1673398800,43
1673399700,59
1673400600,76
1673401500,62
1673402400,55
1673403300,72
1673404200,61
1673405100,65
1673406000,55
1673406900,71
1673407800,61
1673408700,73
1673409600,65
1673410500,81
1673411400,108
1673412300,81
1673413200,233
1673414100,235
1673415000,394
1673415900,109
1673416800,86
1673417700,94
1673418600,667
1673419500,214
1673420400,216
1673421300,237
1673422200,464
1673423100,546
1673424000,215
1673424900,381
1673425800,558
1673426700,394
1673427600,275
1673428500,366
1673429400,714
1673430300,673
1673431200,207
1673432100,614
1673433000,491
1673433900,591
1673434800,187
1673435700,182
1673436600,176
1673437500,659
1673438400,643
1673439300,657
1673440200,358
1673441100,108
1673442000,118
1673442900,109
1673443800,135
1673444700,80
1673445600,89
1673446500,848
1673447400,1111
1673448300,1110
1673449200,780
1673450100,552
1673451000,183
1673451900,187
1673452800,470
1673453700,804
1673454600,766
1673455500,399
1673456400,179
1673457300,190
1673458200,206
1673459100,217
1673460000,217
1673460900,189
1673461800,240
1673462700,231
1673463600,233
1673464500,256
1673465400,445
1673466300,591
1673467200,455
1673468100,264
1673469000,199
1673469900,177
1673470800,172
1673471700,154
1673472600,110
1673473500,103
1673474400,99
1673475300,104
1673476200,88
1673477100,90
1673478000,90
1673478900,102
1673479800,99
1673480700,85
1673481600,80
1673482500,82
1673483400,80
1673484300,71
1673485200,83
1673486100,87
1673487000,78
1673487900,71
1673488800,84
1673489700,100
1673490600,102
1673491500,106
1673492400,106
1673493300,114
1673494200,105
1673495100,94
1673496000,94
1673496900,84
1673497800,83
1673498700,107
1673499600,101
1673500500,193
1673501400,149
1673502300,234
1673503200,311
1673504100,152
1673505000,107
1673505900,482
1673506800,325
1673507700,114
1673508600,151
1673509500,134
1673510400,136
1673511300,156
1673512200,141
1673513100,198
1673514000,181
1673514900,273
1673515800,307
1673516700,362
1673517600,133
1673518500,172
1673519400,203
1673520300,175
1673521200,123
1673522100,111
1673523000,100
1673523900,107
1673524800,106
1673525700,104
1673526600,87
1673527500,92
1673528400,102
1673529300,96
1673530200,105
1673531100,99
1673532000,117
1673532900,98
1673533800,106
1673534700,106
1673535600,136
1673536500,117
1673537400,130
1673538300,172
1673539200,214
1673540100,210
1673541000,190
1673541900,229
1673542800,194
1673543700,191
1673544600,244
1673545500,222
1673546400,189
1673547300,197
1673548200,180
1673549100,201
1673550000,178
1673550900,249
1673551800,265
1673552700,244
1673553600,716
1673554500,416
1673555400,229
1673556300,177
1673557200,170
1673558100,117
1673559000,101
1673559900,91
1673560800,97
1673561700,83
1673562600,83
1673563500,57
1673564400,64
1673565300,66
1673566200,68
1673567100,57
1673568000,65
1673568900,71
1673569800,66
1673570700,58
1673571600,65
1673572500,70
1673573400,63
1673574300,49
1673575200,72
1673576100,104
1673577000,99
1673577900,100
1673578800,97
1673579700,98
1673580600,51
1673581500,55
1673582400,62
1673583300,79
1673584200,73
1673585100,119
1673586000,150
1673586900,232
1673587800,207
1673588700,286
1673589600,127
1673590500,207
1673591400,155
1673592300,243
1673593200,319
1673594100,601
1673595000,251
1673595900,326
1673596800,111
1673597700,84
1673598600,77
1673599500,59
1673600400,67
1673601300,63
1673602200,77
1673603100,59
1673604000,63
1673604900,79
1673605800,105
1673606700,100
1673607600,93
1673608500,90
1673609400,217
1673610300,737
1673611200,104
1673612100,131
1673613000,124
1673613900,174
1673614800,155
1673615700,123
1673616600,95
1673617500,85
1673618400,80
1673619300,99
1673620200,109
1673621100,94
1673622000,99
1673622900,96
1673623800,98
1673624700,79
1673625600,86
1673626500,101
1673627400,147
1673628300,150
1673629200,113
1673630100,102
1673631000,121
1673631900,137
1673632800,173
1673633700,144
1673634600,173
1673635500,177
1673636400,149
1673637300,170
1673638200,189
1673639100,217
1673640000,224
1673640900,176
1673641800,155
1673642700,167
1673643600,119
1673644500,113
1673645400,86
1673646300,94
1673647200,111
1673648100,80
1673649000,77
1673649900,74
1673650800,62
1673651700,52
1673652600,61
1673653500,60
1673654400,91
1673655300,83
1673656200,78
1673657100,93
1673658000,68
1673658900,60
1673659800,53
1673660700,60
1673661600,67
1673662500,75
1673663400,95
1673664300,98
1673665200,111
1673666100,96
1673667000,87
1673667900,69
1673668800,62
1673669700,63
1673670600,58
1673671500,79
1673672400,87
1673673300,92
1673674200,137
1673675100,115
1673676000,350
1673676900,237
1673677800,171
1673678700,137
1673679600,371
1673680500,108
1673681400,97
1673682300,226
1673683200,611
1673684100,590
1673685000,99
1673685900,130
1673686800,152
1673687700,121
1673688600,133
1673689500,707
1673690400,635
1673691300,153
1673692200,571
1673693100,202
1673694000,785
1673694900,734
1673695800,788
1673696700,455
1673697600,141
1673698500,97
1673699400,81
1673700300,101
1673701200,121
1673702100,93
1673703000,85
1673703900,101
1673704800,87
1673705700,94
1673706600,100
1673707500,120
1673708400,110
1673709300,122
1673710200,130
1673711100,504
1673712000,291
1673712900,187
1673713800,200
1673714700,173
1673715600,147
1673716500,126
1673717400,152
1673718300,164
1673719200,162
1673720100,115
1673721000,131
1673721900,217
1673722800,245
1673723700,206
1673724600,153
1673725500,156
1673726400,191
1673727300,216
1673728200,182
1673729100,168
1673730000,139
1673730900,156
1673731800,118
1673732700,95
1673733600,72
1673734500,88
1673735400,75
1673736300,508
1673737200,324
1673738100,82
1673739000,72
1673739900,47
1673740800,58
1673741700,49
1673742600,51
1673743500,45
1673744400,59
1673745300,48
1673746200,51
1673747100,38
1673748000,54
1673748900,45
1673749800,41
1673750700,44
1673751600,47
1673752500,69
1673753400,61
1673754300,107
1673755200,88
1673756100,95
1673757000,67
1673757900,285
1673758800,317
1673759700,91
1673760600,134
1673761500,136
1673762400,123
1673763300,131
1673764200,141
1673765100,280
1673766000,200
1673766900,262
1673767800,202
1673768700,138
1673769600,103
1673770500,97
1673771400,89
1673772300,71
1673773200,86
1673774100,108
1673775000,115
1673775900,99
1673776800,168
1673777700,210
1673778600,129
1673779500,123
1673780400,692
1673781300,229
1673782200,132
1673783100,151
1673784000,165
1673784900,164
1673785800,149
1673786700,119
1673787600,138
1673788500,536
1673789400,285
1673790300,511
1673791200,142
1673792100,122
1673793000,130
1673793900,161
1673794800,192
1673795700,263
1673796600,168
1673797500,177
1673798400,187
1673799300,216
1673800200,319
1673801100,204
1673802000,165
1673802900,180
1673803800,188
1673804700,214
1673805600,222
1673806500,253
1673807400,296
1673808300,494
1673809200,322
1673810100,237
1673811000,212
1673811900,211
1673812800,206
1673813700,199
1673814600,176
1673815500,176
1673816400,193
1673817300,202
1673818200,152
1673819100,140
1673820000,129
1673820900,113
1673821800,101
1673822700,85
1673823600,93
1673824500,88
1673825400,83
1673826300,60
1673827200,56
1673828100,48
1673829000,54
1673829900,61
1673830800,53
1673831700,68
1673832600,82
1673833500,86
1673834400,76
1673835300,73
1673836200,48
1673837100,61
1673838000,64
1673838900,86
1673839800,102
1673840700,119
1673841600,102
1673842500,103
1673843400,211
1673844300,102
1673845200,72
1673846100,63
1673847000,62
1673847900,99
1673848800,228
1673849700,314
1673850600,173
1673851500,149
1673852400,158
1673853300,588
1673854200,242
1673855100,129
1673856000,114
1673856900,131
1673857800,102
1673858700,398
1673859600,597
1673860500,902
1673861400,579
1673862300,230
1673863200,166
1673864100,212
1673865000,326
1673865900,191
1673866800,228
1673867700,798
1673868600,713
1673869500,237
1673870400,201
1673871300,114
1673872200,115
1673873100,136
1673874000,110
1673874900,381
1673875800,124
1673876700,147
1673877600,223
1673878500,236
1673879400,258
1673880300,226
1673881200,278
1673882100,317
1673883000,200
1673883900,165
1673884800,256
1673885700,298
1673886600,359
1673887500,380
1673888400,261
1673889300,209
1673890200,244
1673891100,257
1673892000,201
1673892900,250
1673893800,179
1673894700,205
1673895600,339
1673896500,187
1673897400,170
1673898300,171
1673899200,179
1673900100,310
1673901000,285
1673901900,199
1673902800,164
1673903700,132
1673904600,125
1673905500,99
1673906400,85
1673907300,51
1673908200,41
1673909100,44
1673910000,38
1673910900,57
1673911800,39
1673912700,45
1673913600,45
1673914500,51
1673915400,47
1673916300,63
1673917200,67
1673918100,57
1673919000,51
1673919900,68
1673920800,98
1673921700,68
1673922600,79
1673923500,65
1673924400,56
1673925300,39
1673926200,64
1673927100,64
1673928000,70
1673928900,87
1673929800,82
1673930700,93
1673931600,80
1673932500,60
1673933400,52
1673934300,66
1673935200,59
1673936100,85
1673937000,101
1673937900,98
1673938800,109
1673939700,121
1673940600,147
1673941500,106
1673942400,187
1673943300,168
1673944200,643
1673945100,405
1673946000,1043
1673946900,626
1673947800,691
1673948700,296
1673949600,172
1673950500,174
1673951400,139
1673952300,147
1673953200,239
1673954100,559
1673955000,214
1673955900,535
1673956800,128
1673957700,124
1673958600,136
1673959500,224
1673960400,433
1673961300,168
1673962200,175
1673963100,157
1673964000,175
1673964900,525
1673965800,753
1673966700,266
1673967600,263
1673968500,831
1673969400,1092
1673970300,700
1673971200,327
1673972100,244
1673973000,290
1673973900,220
1673974800,304
1673975700,294
1673976600,263
1673977500,295
1673978400,291
1673979300,279
1673980200,257
1673981100,262
1673982000,260
1673982900,273
1673983800,224
1673984700,196
1673985600,191
1673986500,156
1673987400,167
1673988300,185
1673989200,243
1673990100,95
1673991000,67
1673991900,68
1673992800,71
1673993700,71
1673994600,57
1673995500,64
1673996400,69
1673997300,65
1673998200,56
1673999100,67
1674000000,129
1674000900,77
1674001800,68
1674002700,73
1674003600,68
1674004500,48
1674005400,57
1674006300,62
1674007200,61
1674008100,56
1674009000,89
1674009900,127
1674010800,106
1674011700,106
1674012600,101
1674013500,113
1674014400,78
1674015300,83
1674016200,75
1674017100,86
1674018000,57
1674018900,63
1674019800,79
1674020700,168
1674021600,337
1674022500,628
1674023400,907
1674024300,980
1674025200,690
1674026100,501
1674027000,422
1674027900,511
1674028800,457
1674029700,209
1674030600,154
1674031500,563
1674032400,240
1674033300,325
1674034200,705
1674035100,805
1674036000,419
1674036900,199
1674037800,234
1674038700,226
1674039600,143
1674040500,222
1674041400,266
1674042300,187
1674043200,527
1674044100,200
1674045000,573
1674045900,195
1674046800,175
1674047700,187
1674048600,197
1674049500,224
1674050400,207
1674051300,197
1674052200,190
1674053100,184
1674054000,269
1674054900,172
1674055800,511
1674056700,298
1674057600,299
1674058500,239
1674059400,192
1674060300,188
1674061200,152
1674062100,284
1674063000,235
1674063900,276
1674064800,341
1674065700,265
1674066600,273
1674067500,295
1674068400,249
1674069300,245
1674070200,216
1674071100,197
1674072000,191
1674072900,128
1674073800,131
1674074700,140
1674075600,116
1674076500,104
1674077400,48
1674078300,46
1674079200,57
1674080100,106
1674081000,92
1674081900,102
1674082800,59
1674083700,74
1674084600,56
1674085500,64
1674086400,49
1674087300,101
1674088200,79
1674089100,87
1674090000,76
1674090900,98
1674091800,75
1674092700,47
1674093600,50
1674094500,108
1674095400,83
1674096300,84
1674097200,65
1674098100,72
1674099000,39
1674099900,48
1674100800,37
1674101700,75
1674102600,72
1674103500,85
1674104400,64
1674105300,85
1674106200,68
1674107100,105
1674108000,241
1674108900,267
1674109800,248
1674110700,357
1674111600,178
1674112500,141
1674113400,136
1674114300,119
1674115200,112
1674116100,84
1674117000,99
1674117900,86
1674118800,86
1674119700,78
1674120600,94
1674121500,115
1674122400,110
1674123300,118
1674124200,137
1674125100,350
1674126000,343
1674126900,443
1674127800,246
1674128700,169
1674129600,529
1674130500,168
1674131400,456
1674132300,133
1674133200,122
1674134100,127
1674135000,158
1674135900,184
1674136800,181
1674137700,165
1674138600,155
1674139500,163
1674140400,157
1674141300,159
1674142200,177
1674143100,153
1674144000,132
1674144900,137
1674145800,212
1674146700,183
1674147600,166
1674148500,997
1674149400,2712
1674150300,2743
1674151200,2607
1674152100,1364
1674153000,1255
1674153900,1218
1674154800,1316
1674155700,1303
1674156600,1218
1674157500,200
1674158400,150
1674159300,183
1674160200,172
1674161100,217
1674162000,210
1674162900,167
1674163800,131
1674164700,131
1674165600,119
1674166500,109
1674167400,62
1674168300,46
1674169200,64
1674170100,53
1674171000,44
1674171900,53
1674172800,64
1674173700,42
1674174600,52
1674175500,54
1674176400,54
1674177300,50
1674178200,51
1674179100,48
1674180000,59
1674180900,47
1674181800,38
1674182700,61
1674183600,65
1674184500,52
1674185400,57
1674186300,61
1674187200,66
1674188100,64
1674189000,145
1674189900,224
1674190800,350
1674191700,176
1674192600,411
1674193500,128
1674194400,358
1674195300,240
1674196200,221
1674197100,649
1674198000,713
1674198900,730
1674199800,499
1674200700,175
1674201600,145
1674202500,119
1674203400,160
1674204300,946
1674205200,875
1674206100,1181
1674207000,873
1674207900,717
1674208800,950
1674209700,406
1674210600,144
1674211500,170
1674212400,187
1674213300,181
1674214200,167
1674215100,419
1674216000,512
1674216900,277
1674217800,403
1674218700,142
1674219600,218
1674220500,184
1674221400,173
1674222300,169
1674223200,139
1674224100,100
1674225000,204
1674225900,234
1674226800,187
1674227700,104
1674228600,82
1674229500,88
1674230400,66
1674231300,73
1674232200,70
1674233100,131
1674234000,170
1674234900,185
1674235800,241
1674236700,252
1674237600,262
1674238500,227
1674239400,278
1674240300,267
1674241200,259
1674242100,240
1674243000,193
1674243900,197
1674244800,169
1674245700,160
1674246600,133
1674247500,200
1674248400,197
1674249300,167
1674250200,133
1674251100,84
1674252000,54
1674252900,43
1674253800,36
1674254700,57
1674255600,36
1674256500,44
1674257400,41
1674258300,52
1674259200,46
1674260100,36
1674261000,52
1674261900,47
1674262800,61
1674263700,59
1674264600,60
1674265500,46
1674266400,38
1674267300,46
1674268200,49
1674269100,45
1674270000,44
1674270900,39
1674271800,73
1674272700,50
1674273600,83
1674274500,60
1674275400,120
1674276300,131
1674277200,115
1674278100,118
1674279000,227
1674279900,245
1674280800,97
1674281700,75
1674282600,133
1674283500,111
1674284400,115
1674285300,106
1674286200,124
1674287100,137
1674288000,85
1674288900,111
1674289800,613
1674290700,379
1674291600,255
1674292500,389
1674293400,318
1674294300,424
1674295200,304
1674296100,499
1674297000,150
1674297900,126
1674298800,158
1674299700,920
1674300600,492
1674301500,383
1674302400,103
1674303300,103
1674304200,96
1674305100,146
1674306000,110
1674306900,104
1674307800,105
1674308700,137
1674309600,110
1674310500,115
1674311400,151
1674312300,144
1674313200,123
1674314100,306
1674315000,193
1674315900,119
1674316800,108
1674317700,143
1674318600,182
1674319500,154
1674320400,180
1674321300,141
1674322200,178
1674323100,281
1674324000,259
1674324900,221
1674325800,215
1674326700,233
1674327600,228
1674328500,170
1674329400,165
1674330300,142
1674331200,149
1674332100,118
1674333000,109
1674333900,117
1674334800,130
1674335700,158
1674336600,105
1674337500,113
1674338400,85
1674339300,71
1674340200,50
1674341100,80
1674342000,62
1674342900,54
1674343800,65
1674344700,48
1674345600,52
1674346500,45
1674347400,64
1674348300,42
1674349200,48
1674350100,60
1674351000,76
1674351900,63
1674352800,50
1674353700,53
1674354600,51
1674355500,48
1674356400,41
1674357300,57
1674358200,47
1674359100,72
1674360000,67
1674360900,83
1674361800,73
1674362700,87
1674363600,192
1674364500,325
1674365400,178
1674366300,175
1674367200,178
1674368100,210
1674369000,297
1674369900,177
1674370800,179
1674371700,179
1674372600,511
1674373500,259
1674374400,594
1674375300,153
1674376200,214
1674377100,438
1674378000,116
1674378900,120
1674379800,104
1674380700,114
1674381600,382
1674382500,159
1674383400,111
1674384300,98
1674385200,99
1674386100,106
1674387000,104
1674387900,109
1674388800,98
1674389700,141
1674390600,151
1674391500,482
1674392400,399
1674393300,182
1674394200,177
1674395100,171
1674396000,598
1674396900,695
1674397800,518
1674398700,206
1674399600,162
1674400500,195
1674401400,252
1674402300,472
1674403200,714
1674404100,797
1674405000,714
1674405900,736
1674406800,733
1674407700,717
1674408600,1075
1674409500,2620
1674410400,2493
1674411300,2523
1674412200,1262
1674413100,1258
1674414000,533
1674414900,1796
1674415800,1270
1674416700,1237
1674417600,1395
1674418500,245
1674419400,256
1674420300,205
1674421200,199
1674422100,156
1674423000,157
1674423900,118
1674424800,105
1674425700,100
1674426600,76
1674427500,58
1674428400,52
1674429300,70
1674430200,51
1674431100,60
1674432000,56
1674432900,68
1674433800,52
1674434700,60
1674435600,63
1674436500,61
1674437400,64
1674438300,75
1674439200,84
1674440100,57
1674441000,70
1674441900,51
1674442800,67
1674443700,49
1674444600,58
1674445500,66
1674446400,65
1674447300,75
1674448200,94
1674449100,124
1674450000,133
1674450900,104
1674451800,119
1674452700,121
1674453600,216
1674454500,179
1674455400,236
1674456300,147
1674457200,138
1674458100,174
1674459000,143
1674459900,114
1674460800,117
1674461700,136
1674462600,121
1674463500,149
1674464400,121
1674465300,105
1674466200,172
1674467100,133
1674468000,174
1674468900,127
1674469800,290
1674470700,117
1674471600,410
1674472500,618
1674473400,201
1674474300,246
1674475200,101
1674476100,113
1674477000,97
1674477900,202
1674478800,191
1674479700,143
1674480600,119
1674481500,128
1674482400,134
1674483300,146
1674484200,139
1674485100,168
1674486000,169
1674486900,191
1674487800,225
1674488700,227
1674489600,267
1674490500,244
1674491400,374
1674492300,288
1674493200,175
1674494100,251
1674495000,206
1674495900,118
1674496800,190
1674497700,186
1674498600,133
1674499500,82
1674500400,67
1674501300,72
1674502200,67
1674503100,85
1674504000,65
1674504900,74
1674505800,76
1674506700,91
1674507600,88
1674508500,173
1674509400,68
1674510300,55
1674511200,49
1674512100,46
1674513000,49
1674513900,37
1674514800,45
1674515700,49
1674516600,46
1674517500,38
1674518400,46
1674519300,50
1674520200,45
1674521100,39
1674522000,52
1674522900,91
1674523800,86
1674524700,69
1674525600,67
1674526500,81
1674527400,41
1674528300,46
1674529200,37
1674530100,58
1674531000,55
1674531900,79
1674532800,62
1674533700,84
1674534600,65
1674535500,64
1674536400,92
1674537300,101
1674538200,107
1674539100,111
1674540000,142
1674540900,122
1674541800,144
1674542700,128
1674543600,155
1674544500,351
1674545400,121
1674546300,283
1674547200,133
1674548100,117
1674549000,118
1674549900,143
1674550800,159
1674551700,154
1674552600,396
1674553500,187
1674554400,151
1674555300,363
1674556200,615
1674557100,659
1674558000,437
1674558900,123
1674559800,126
1674560700,118
1674561600,120
1674562500,136
1674563400,115
1674564300,101
1674565200,111
1674566100,110
1674567000,110
1674567900,97
1674568800,77
1674569700,86
1674570600,83
1674571500,101
1674572400,109
1674573300,118
1674574200,129
1674575100,129
1674576000,161
1674576900,204
1674577800,236
1674578700,253
1674579600,270
1674580500,251
1674581400,240
1674582300,262
1674583200,265
1674584100,238
1674585000,232
1674585900,233
1674586800,245
1674587700,221
1674588600,169
1674589500,159
1674590400,184
1674591300,169
1674592200,177
1674593100,267
1674594000,191
1674594900,166
1674595800,144
1674596700,103
1674597600,114
1674598500,88
1674599400,84
1674600300,65
1674601200,76
1674602100,78
1674603000,74
1674603900,72
1674604800,63
1674605700,64
1674606600,37
1674607500,46
1674608400,40
1674609300,61
1674610200,55
1674611100,60
1674612000,48
1674612900,56
1674613800,39
1674614700,46
1674615600,46
1674616500,78
1674617400,66
1674618300,64
1674619200,78
1674620100,71
1674621000,136
1674621900,142
1674622800,327
1674623700,157
1674624600,158
1674625500,286
1674626400,816
1674627300,776
1674628200,856
1674629100,950
1674630000,979
1674630900,440
1674631800,97
1674632700,328
1674633600,119
1674634500,112
1674635400,71
1674636300,83
1674637200,83
1674638100,386
1674639000,199
1674639900,118
1674640800,137
1674641700,137
1674642600,163
1674643500,252
1674644400,208
1674645300,226
1674646200,259
1674647100,319
1674648000,103
1674648900,128
1674649800,133
1674650700,171
1674651600,170
1674652500,209
1674653400,178
1674654300,147
1674655200,393
1674656100,184
1674657000,228
1674657900,223
1674658800,170
1674659700,177
1674660600,155
1674661500,136
1674662400,140
1674663300,207
1674664200,253
1674665100,216
1674666000,218
1674666900,292
1674667800,262
1674668700,254
1674669600,239
1674670500,316
1674671400,292
1674672300,630
1674673200,360
1674674100,542
1674675000,264
1674675900,193
1674676800,143
1674677700,198
1674678600,173
1674679500,106
1674680400,78
1674681300,74
1674682200,72
1674683100,54
1674684000,37
1674684900,47
1674685800,48
1674686700,47
1674687600,38
1674688500,46
1674689400,66
1674690300,62
1674691200,42
1674692100,41
1674693000,55
1674693900,39
1674694800,45
1674695700,37
1674696600,60
1674697500,40
1674698400,46
1674699300,37
1674700200,60
1674701100,40
1674702000,44
1674702900,40
1674703800,70
1674704700,75
1674705600,63
1674706500,77
1674707400,74
1674708300,89
1674709200,94
1674710100,56
1674711000,57
1674711900,108
1674712800,259
1674713700,227
1674714600,178
1674715500,701
1674716400,663
1674717300,641
1674718200,634
1674719100,279
1674720000,185
1674720900,157
1674721800,154
1674722700,535
1674723600,902
1674724500,879
1674725400,896
1674726300,753
1674727200,522
1674728100,273
1674729000,292
1674729900,211
1674730800,215
1674731700,253
1674732600,221
1674733500,171
1674734400,153
1674735300,148
1674736200,121
1674737100,136
1674738000,97
1674738900,113
1674739800,72
1674740700,73
1674741600,70
1674742500,84
1674743400,74
1674744300,68
1674745200,75
1674746100,83
1674747000,75
1674747900,68
1674748800,74
1674749700,128
1674750600,163
1674751500,171
1674752400,195
1674753300,170
1674754200,146
1674755100,221
1674756000,251
1674756900,272
1674757800,241
1674758700,261
1674759600,369
1674760500,314
1674761400,269
1674762300,403
1674763200,288
1674764100,253
1674765000,198
1674765900,176
1674766800,205
1674767700,196
1674768600,168
1674769500,121
1674770400,120
1674771300,95
1674772200,107
1674773100,72
1674774000,58
1674774900,64
1674775800,53
1674776700,70
1674777600,50
1674778500,57
1674779400,49
1674780300,69
1674781200,49
1674782100,51
1674783000,56
1674783900,63
1674784800,57
1674785700,51
1674786600,59
1674787500,72
1674788400,57
1674789300,50
1674790200,53
1674791100,68
1674792000,79
1674792900,138
1674793800,96
1674794700,141
1674795600,121
1674796500,124
1674797400,97
1674798300,418
1674799200,537
1674800100,601
1674801000,430
1674801900,507
1674802800,191
1674803700,184
1674804600,158
1674805500,132
1674806400,128
1674807300,214
1674808200,190
1674809100,230
1674810000,266
1674810900,156
1674811800,376
1674812700,445
1674813600,146
1674814500,131
1674815400,218
1674816300,178
1674817200,166
1674818100,207
1674819000,161
1674819900,801
1674820800,178
1674821700,655
1674822600,182
1674823500,110
1674824400,200
1674825300,449
1674826200,274
1674827100,223
1674828000,150
1674828900,127
1674829800,134
1674830700,171
1674831600,164
1674832500,190
1674833400,188
1674834300,148
1674835200,124
1674836100,164
1674837000,183
1674837900,203
1674838800,199
1674839700,1502
1674840600,2690
1674841500,2670
1674842400,2558
1674843300,1532
1674844200,1449
1674845100,1245
1674846000,1078
1674846900,1178
1674847800,1638
1674848700,953
1674849600,1055
1674850500,181
1674851400,148
1674852300,126
1674853200,124
1674854100,128
1674855000,64
1674855900,58
1674856800,40
1674857700,47
1674858600,40
1674859500,55
1674860400,43
1674861300,39
1674862200,55
1674863100,43
1674864000,46
1674864900,40
1674865800,59
1674866700,39
1674867600,47
1674868500,40
1674869400,56
1674870300,45
1674871200,39
1674872100,51
1674873000,64
1674873900,65
1674874800,54
1674875700,52
1674876600,49
1674877500,42
1674878400,68
1674879300,86
1674880200,136
1674881100,103
1674882000,109
1674882900,273
1674883800,120
1674884700,97
1674885600,130
1674886500,142
1674887400,233
1674888300,241
1674889200,167
1674890100,120
1674891000,121
1674891900,90
1674892800,66
1674893700,67
1674894600,117
1674895500,157
1674896400,79
1674897300,81
1674898200,162
1674899100,82
1674900000,119
1674900900,90
1674901800,121
1674902700,105
1674903600,139
1674904500,125
1674905400,138
1674906300,164
1674907200,126
1674908100,204
1674909000,193
1674909900,164
1674910800,163
1674911700,157
1674912600,233
1674913500,225
1674914400,247
1674915300,302
1674916200,208
1674917100,169
1674918000,180
1674918900,171
1674919800,171
1674920700,165
1674921600,265
1674922500,215
1674923400,214
1674924300,567
1674925200,256
1674926100,215
1674927000,185
1674927900,270
1674928800,216
1674929700,229
1674930600,258
1674931500,247
1674932400,194
1674933300,261
1674934200,461
1674935100,276
1674936000,191
1674936900,211
1674937800,180
1674938700,181
1674939600,206
1674940500,180
1674941400,149
1674942300,149
1674943200,171
1674944100,100
1674945000,58
1674945900,71
1674946800,62
1674947700,58
1674948600,60
1674949500,67
1674950400,63
1674951300,55
1674952200,65
1674953100,68
1674954000,62
1674954900,54
1674955800,68
1674956700,83
1674957600,72
1674958500,70
1674959400,60
1674960300,81
1674961200,81
1674962100,88
1674963000,85
1674963900,91
1674964800,60
1674965700,53
1674966600,72
1674967500,84
1674968400,122
1674969300,235
1674970200,178
1674971100,104
1674972000,111
1674972900,141
1674973800,238
1674974700,827
1674975600,342
1674976500,564
1674977400,263
1674978300,258
1674979200,328
1674980100,173
1674981000,269
1674981900,397
1674982800,84
1674983700,67
1674984600,62
1674985500,131
1674986400,69
1674987300,94
1674988200,309
1674989100,350
1674990000,149
1674990900,113
1674991800,93
1674992700,97
1674993600,156
1674994500,120
1674995400,159
1674996300,104
1674997200,113
1674998100,127
1674999000,108
1674999900,104
1675000800,144
1675001700,124
1675002600,175
1675003500,132
1675004400,179
1675005300,138
1675006200,107
1675007100,119
1675008000,152
1675008900,127
1675009800,111
1675010700,159
1675011600,191
1675012500,214
1675013400,182
1675014300,209
1675015200,225
1675016100,515
1675017000,529
1675017900,244
1675018800,383
1675019700,305
1675020600,231
1675021500,168
1675022400,204
1675023300,205
1675024200,137
1675025100,109
1675026000,89
1675026900,124
1675027800,62
1675028700,45
1675029600,36
1675030500,57
1675031400,41
1675032300,38
1675033200,46
1675034100,48
1675035000,50
1675035900,55
1675036800,60
1675037700,72
1675038600,37
1675039500,46
1675040400,37
1675041300,58
1675042200,49
1675043100,37
1675044000,47
1675044900,43
1675045800,53
1675046700,45
1675047600,120
1675048500,153
1675049400,146
1675050300,142
1675051200,128
1675052100,164
1675053000,89
1675053900,67
1675054800,75
1675055700,103
1675056600,136
1675057500,111
1675058400,121
1675059300,311
1675060200,270
1675061100,116
1675062000,122
1675062900,449
1675063800,95
1675064700,112
1675065600,300
1675066500,629
1675067400,623
1675068300,651
1675069200,182
1675070100,153
1675071000,107
1675071900,118
1675072800,204
1675073700,117
1675074600,235
1675075500,118
1675076400,95
1675077300,742
1675078200,711
1675079100,680
1675080000,261
1675080900,85
1675081800,100
1675082700,185
1675083600,132
1675084500,138
1675085400,126
1675086300,135
1675087200,114
1675088100,133
1675089000,128
1675089900,140
1675090800,132
1675091700,173
1675092600,367
1675093500,1420
1675094400,847
1675095300,819
1675096200,404
1675097100,205
1675098000,198
1675098900,282
1675099800,347
1675100700,1127
1675101600,1323
1675102500,1011
1675103400,824
1675104300,766
1675105200,538
1675106100,269
1675107000,234
1675107900,205
1675108800,181
1675109700,175
1675110600,172
1675111500,140
1675112400,164
1675113300,160
1675114200,150
1675115100,137
1675116000,134
1675116900,127
1675117800,105
1675118700,50
1675119600,46
1675120500,42
1675121400,56
1675122300,37
1675123200,47
1675124100,46
1675125000,52
1675125900,100
1675126800,79
1675127700,90
1675128600,118
1675129500,75
1675130400,56
1675131300,77
1675132200,48
1675133100,55
1675134000,46
1675134900,66
1675135800,46
1675136700,51
1675137600,44
1675138500,63
1675139400,56
1675140300,52
1675141200,47
1675142100,88
1675143000,73
1675143900,75
1675144800,67
1675145700,75
1675146600,54
1675147500,54
1675148400,44
1675149300,83
1675150200,250
1675151100,129
1675152000,176
1675152900,119
1675153800,104
1675154700,89
1675155600,85
1675156500,118
1675157400,94
1675158300,101
1675159200,87
1675160100,94
1675161000,93
1675161900,100
1675162800,183
1675163700,81
1675164600,75
1675165500,91
1675166400,77
1675167300,95
1675168200,91
1675169100,104
1675170000,87
1675170900,89
1675171800,180
1675172700,173
1675173600,273
1675174500,206
1675175400,148
1675176300,213
1675177200,251
1675178100,240
1675179000,244
1675179900,238
1675180800,238
1675181700,224
1675182600,275
1675183500,302
1675184400,326
1675185300,278
1675186200,252
1675187100,240
1675188000,269
1675188900,248
1675189800,234
1675190700,213
1675191600,276
1675192500,233
1675193400,150
1675194300,143
1675195200,154
1675196100,164
1675197000,167
1675197900,169
1675198800,157
1675199700,148
1675200600,121
1675201500,136
1675202400,61
1675203300,74
1675204200,68
1675205100,80
1675206000,72
1675206900,63
1675207800,71
1675208700,66
1675209600,55
1675210500,37
1675211400,54
1675212300,43
1675213200,44
1675214100,49
1675215000,68
1675215900,63
1675216800,43
1675217700,47
1675218600,47
1675219500,51
1675220400,39
1675221300,47
1675222200,63
1675223100,75
1675224000,60
1675224900,65
1675225800,66
1675226700,60
1675227600,50
1675228500,93
1675229400,127
1675230300,261
1675231200,186
1675232100,161
1675233000,146
1675233900,403
1675234800,106
1675235700,81
1675236600,73
1675237500,83
1675238400,348
1675239300,132
1675240200,85
1675241100,101
1675242000,308
1675242900,278
1675243800,437
1675244700,435
1675245600,138
1675246500,235
1675247400,144
1675248300,122
1675249200,177
1675250100,127
1675251000,155
1675251900,751
1675252800,381
1675253700,468
1675254600,424
1675255500,142
1675256400,129
1675257300,82
1675258200,129
1675259100,117
1675260000,111
1675260900,104
1675261800,110
1675262700,111
1675263600,111
1675264500,129
1675265400,123
1675266300,212
1675267200,140
1675268100,170
1675269000,241
1675269900,201
1675270800,156
1675271700,195
1675272600,209
1675273500,232
1675274400,253
1675275300,259
1675276200,214
1675277100,233
1675278000,247
1675278900,283
1675279800,294
1675280700,217
1675281600,189
1675282500,211
1675283400,256
1675284300,182
1675285200,169
1675286100,225
1675287000,169
1675287900,139
1675288800,115
1675289700,96
1675290600,82
1675291500,80
1675292400,69
1675293300,63
1675294200,69
1675295100,63
1675296000,57
1675296900,61
1675297800,79
1675298700,75
1675299600,76
1675300500,58
1675301400,76
1675302300,53
1675303200,53
1675304100,39
1675305000,127
1675305900,75
1675306800,82
1675307700,52
1675308600,51
1675309500,47
1675310400,38
1675311300,66
1675312200,66
1675313100,74
1675314000,81
1675314900,261
1675315800,233
1675316700,229
1675317600,183
1675318500,178
1675319400,108
1675320300,90
1675321200,101
1675322100,90
1675323000,99
1675323900,96
1675324800,108
1675325700,95
1675326600,138
1675327500,90
1675328400,97
1675329300,69
1675330200,58
1675331100,68
1675332000,95
1675332900,102
1675333800,108
1675334700,135
1675335600,126
1675336500,196
1675337400,141
1675338300,161
1675339200,166
1675340100,135
1675341000,555
1675341900,483
1675342800,336
1675343700,487
1675344600,94
1675345500,100
1675346400,103
1675347300,118
1675348200,98
1675349100,90
1675350000,82
1675350900,100
1675351800,82
1675352700,88
1675353600,95
1675354500,199
1675355400,493
1675356300,703
1675357200,306
1675358100,209
1675359000,227
1675359900,235
1675360800,235
1675361700,249
1675362600,226
1675363500,601
1675364400,1042
1675365300,893
1675366200,776
1675367100,347
1675368000,181
1675368900,204
1675369800,171
1675370700,164
1675371600,162
1675372500,238
1675373400,136
1675374300,118
1675375200,87
1675376100,61
1675377000,69
1675377900,62
1675378800,80
1675379700,61
1675380600,69
1675381500,65
1675382400,78
1675383300,60
1675384200,66
1675385100,66
1675386000,70
1675386900,66
1675387800,66
1675388700,85
1675389600,77
1675390500,67
1675391400,53
1675392300,55
1675393200,52
1675394100,47
1675395000,105
1675395900,112
1675396800,114
1675397700,103
1675398600,142
1675399500,151
1675400400,181
1675401300,76
1675402200,65
1675403100,61
1675404000,88
1675404900,297
1675405800,92
1675406700,352
1675407600,456
1675408500,182
1675409400,120
1675410300,122
1675411200,80
1675412100,100
1675413000,104
1675413900,100
1675414800,364
1675415700,121
1675416600,130
1675417500,219
1675418400,242
1675419300,142
1675420200,137
1675421100,119
1675422000,104
1675422900,95
1675423800,108
1675424700,99
1675425600,169
1675426500,161
1675427400,318
1675428300,169
1675429200,140
1675430100,175
1675431000,442
1675431900,150
1675432800,102
1675433700,104
1675434600,98
1675435500,120
1675436400,131
1675437300,187
1675438200,135
1675439100,260
1675440000,230
1675440900,675
1675441800,287
1675442700,253
1675443600,181
1675444500,181
1675445400,162
1675446300,158
1675447200,192
1675448100,247
1675449000,177
1675449900,203
1675450800,239
1675451700,200
1675452600,169
1675453500,173
1675454400,169
1675455300,163
1675456200,163
1675457100,173
1675458000,176
1675458900,131
1675459800,136
1675460700,138
1675461600,92
1675462500,88
1675463400,70
1675464300,83
1675465200,68
1675466100,75
1675467000,54
1675467900,71
1675468800,50
1675469700,58
1675470600,50
1675471500,70
1675472400,52
1675473300,51
1675474200,61
1675475100,61
1675476000,49
1675476900,39
1675477800,47
1675478700,46
1675479600,51
1675480500,40
1675481400,38
1675482300,53
1675483200,60
1675484100,141
1675485000,99
1675485900,114
1675486800,143
1675487700,159
1675488600,327
1675489500,111
1675490400,187
1675491300,144
1675492200,76
1675493100,90
1675494000,99
1675494900,105
1675495800,94
1675496700,92
1675497600,77
1675498500,79
1675499400,149
1675500300,135
1675501200,192
1675502100,99
1675503000,102
1675503900,152
1675504800,149
1675505700,93
1675506600,134
1675507500,138
1675508400,121
1675509300,108
1675510200,153
1675511100,154
1675512000,160
1675512900,135
1675513800,104
1675514700,73
1675515600,77
1675516500,72
1675517400,65
1675518300,142
1675519200,146
1675520100,139
1675521000,117
1675521900,98
1675522800,122
1675523700,101
1675524600,105
1675525500,96
1675526400,128
1675527300,141
1675528200,207
1675529100,174
1675530000,144
1675530900,147
1675531800,166
1675532700,197
1675533600,591
1675534500,697
1675535400,430
1675536300,667
1675537200,261
1675538100,173
1675539000,198
1675539900,179
1675540800,179
1675541700,141
1675542600,153
1675543500,109
1675544400,112
1675545300,97
1675546200,38
1675547100,51
1675548000,41
1675548900,44
1675549800,34
1675550700,62
1675551600,55
1675552500,45
1675553400,43
1675554300,49
1675555200,44
1675556100,36
1675557000,45
1675557900,49
1675558800,43
1675559700,39
1675560600,37
1675561500,58
1675562400,36
1675563300,46
1675564200,36
1675565100,80
1675566000,93
1675566900,85
1675567800,55
1675568700,46
1675569600,50
1675570500,36
1675571400,44
1675572300,43
1675573200,74
1675574100,230
1675575000,79
1675575900,128
1675576800,152
1675577700,238
1675578600,214
1675579500,258
1675580400,122
1675581300,129
1675582200,96
1675583100,86
1675584000,177
1675584900,180
1675585800,258
1675586700,241
1675587600,91
1675588500,149
1675589400,82
1675590300,156
1675591200,61
1675592100,176
1675593000,107
1675593900,116
1675594800,95
1675595700,91
1675596600,82
1675597500,104
1675598400,109
1675599300,172
1675600200,254
1675601100,102
1675602000,92
1675602900,80
1675603800,89
1675604700,90
1675605600,92
1675606500,81
1675607400,83
1675608300,105
1675609200,108
1675610100,208
1675611000,518
1675611900,253
1675612800,159
1675613700,196
1675614600,181
1675615500,264
1675616400,945
1675617300,249
1675618200,953
1675619100,367
1675620000,197
1675620900,183
1675621800,174
1675622700,166
1675623600,151
1675624500,185
1675625400,147
1675626300,157
1675627200,159
1675628100,154
1675629000,147
1675629900,164
1675630800,147
1675631700,149
1675632600,150
1675633500,77
1675634400,61
1675635300,53
1675636200,60
1675637100,46
1675638000,50
1675638900,54
1675639800,55
1675640700,62
1675641600,64
1675642500,67
1675643400,57
1675644300,55
1675645200,48
1675646100,51
1675647000,65
1675647900,47
1675648800,55
1675649700,49
1675650600,75
1675651500,41
1675652400,42
1675653300,69
1675654200,96
1675655100,98
1675656000,68
1675656900,44
1675657800,50
1675658700,44
1675659600,37
1675660500,37
1675661400,53
1675662300,54
1675663200,67
1675664100,55
1675665000,85
1675665900,198
1675666800,128
1675667700,65
1675668600,71
1675669500,191
1675670400,150
1675671300,151
1675672200,107
1675673100,137
1675674000,84
1675674900,86
1675675800,89
1675676700,63
1675677600,131
1675678500,113
1675679400,84
1675680300,94
1675681200,105
1675682100,74
1675683000,75
1675683900,73
1675684800,91
1675685700,117
1675686600,168
1675687500,117
1675688400,137
1675689300,144
1675690200,153
1675691100,187
1675692000,179
1675692900,225
1675693800,231
1675694700,201
1675695600,200
1675696500,189
1675697400,197
1675698300,185
1675699200,219
1675700100,258
1675701000,203
1675701900,210
1675702800,263
1675703700,280
1675704600,245
1675705500,236
1675706400,234
1675707300,377
1675708200,238
1675709100,242
1675710000,254
1675710900,253
1675711800,199
1675712700,188
1675713600,202
1675714500,188
1675715400,171
1675716300,170
1675717200,176
1675718100,98
1675719000,74
1675719900,122
1675720800,80
1675721700,66
1675722600,60
1675723500,71
1675724400,89
1675725300,74
1675726200,63
1675727100,62
1675728000,77
1675728900,57
1675729800,62
1675730700,55
1675731600,67
1675732500,50
1675733400,56
1675734300,56
1675735200,61
1675736100,82
1675737000,91
1675737900,80
1675738800,79
1675739700,62
1675740600,52
1675741500,55
1675742400,68
1675743300,52
1675744200,59
1675745100,52
1675746000,69
1675746900,55
1675747800,72
1675748700,74
1675749600,121
1675750500,136
1675751400,136
1675752300,169
1675753200,127
1675754100,246
1675755000,224
1675755900,92
1675756800,81
1675757700,99
1675758600,111
1675759500,101
1675760400,113
1675761300,150
1675762200,113
1675763100,127
1675764000,406
1675764900,121
1675765800,226
1675766700,490
1675767600,486
1675768500,138
1675769400,115
1675770300,131
1675771200,103
1675772100,123
1675773000,124
1675773900,117
1675774800,111
1675775700,104
1675776600,110
1675777500,112
1675778400,129
1675779300,114
1675780200,95
1675781100,93
1675782000,91
1675782900,92
1675783800,83
1675784700,97
1675785600,104
1675786500,112
1675787400,70
1675788300,75
1675789200,87
1675790100,75
1675791000,102
1675791900,146
1675792800,148
1675793700,224
1675794600,272
1675795500,866
1675796400,453
1675797300,584
1675798200,482
1675799100,270
1675800000,259
1675800900,284
1675801800,256
1675802700,354
1675803600,214
1675804500,190
1675805400,136
1675806300,126
1675807200,118
1675808100,79
1675809000,74
1675809900,68
1675810800,74
1675811700,82
1675812600,67
1675813500,81
1675814400,85
1675815300,98
1675816200,65
1675817100,70
1675818000,55
1675818900,71
1675819800,51
1675820700,50
1675821600,56
1675822500,62
1675823400,72
1675824300,77
1675825200,95
1675826100,94
1675827000,96
1675827900,102
1675828800,104
1675829700,104
1675830600,81
1675831500,59
1675832400,49
1675833300,58
1675834200,64
1675835100,57
1675836000,124
1675836900,243
1675837800,473
1675838700,870
1675839600,629
1675840500,626
1675841400,353
1675842300,143
1675843200,103
1675844100,103
1675845000,102
1675845900,88
1675846800,88
1675847700,84
1675848600,78
1675849500,78
1675850400,99
1675851300,79
1675852200,104
1675853100,96
1675854000,111
1675854900,113
1675855800,108
1675856700,97
1675857600,92
1675858500,114
1675859400,97
1675860300,132
1675861200,106
1675862100,132
1675863000,404
1675863900,1353
1675864800,1313
1675865700,1396
1675866600,1299
1675867500,809
1675868400,269
1675869300,190
1675870200,306
1675871100,231
1675872000,264
1675872900,517
1675873800,491
1675874700,301
1675875600,562
1675876500,325
1675877400,260
1675878300,212
1675879200,214
1675880100,181
1675881000,227
1675881900,219
1675882800,223
1675883700,185
1675884600,196
1675885500,175
1675886400,216
1675887300,227
1675888200,202
1675889100,173
1675890000,140
1675890900,141
1675891800,140
1675892700,114
1675893600,73
1675894500,71
1675895400,80
1675896300,50
1675897200,57
1675898100,59
1675899000,79
1675899900,64
1675900800,55
1675901700,64
1675902600,51
1675903500,58
1675904400,51
1675905300,71
1675906200,49
1675907100,67
1675908000,65
1675908900,66
1675909800,56
1675910700,51
1675911600,58
1675912500,77
1675913400,75
1675914300,53
1675915200,56
1675916100,65
1675917000,105
1675917900,99
1675918800,107
1675919700,100
1675920600,85
1675921500,75
1675922400,99
1675923300,313
1675924200,166
1675925100,150
1675926000,136
1675926900,141
1675927800,189
1675928700,164
1675929600,152
1675930500,130
1675931400,127
1675932300,688
1675933200,439
1675934100,589
1675935000,632
1675935900,379
1675936800,511
1675937700,201
1675938600,159
1675939500,171
1675940400,190
1675941300,121
1675942200,111
1675943100,112
1675944000,88
1675944900,802
1675945800,1658
1675946700,1215
1675947600,1306
1675948500,1034
1675949400,604
1675950300,164
1675951200,137
1675952100,146
1675953000,117
1675953900,106
1675954800,106
1675955700,112
1675956600,126
1675957500,139
1675958400,175
1675959300,194
1675960200,253
1675961100,230
1675962000,188
1675962900,192
1675963800,552
1675964700,570
1675965600,268
1675966500,299
1675967400,264
1675968300,428
1675969200,350
1675970100,233
1675971000,193
1675971900,151
1675972800,178
1675973700,146
1675974600,135
1675975500,112
1675976400,131
1675977300,119
1675978200,119
1675979100,161
1675980000,113
1675980900,111
1675981800,68
1675982700,80
1675983600,54
1675984500,62
1675985400,59
1675986300,58
1675987200,51
1675988100,49
1675989000,77
1675989900,66
1675990800,64
1675991700,51
1675992600,69
1675993500,49
1675994400,55
1675995300,56
1675996200,58
1675997100,57
1675998000,49
1675998900,64
1675999800,57
1676000700,57
1676001600,49
1676002500,61
1676003400,58
1676004300,69
1676005200,111
1676006100,151
1676007000,151
1676007900,131
1676008800,153
1676009700,321
1676010600,315
1676011500,247
1676012400,319
1676013300,145
1676014200,168
1676015100,522
1676016000,116
1676016900,125
1676017800,127
1676018700,122
1676019600,147
1676020500,183
1676021400,431
1676022300,247
1676023200,157
1676024100,101
1676025000,350
1676025900,142
1676026800,102
1676027700,105
1676028600,101
1676029500,114
1676030400,98
1676031300,111
1676032200,134
1676033100,209
1676034000,175
1676034900,127
1676035800,130
1676036700,168
1676037600,314
1676038500,237
1676039400,178
1676040300,152
1676041200,133
1676042100,137
1676043000,125
1676043900,170
1676044800,180
1676045700,218
1676046600,508
1676047500,686
1676048400,341
1676049300,717
1676050200,190
1676051100,237
1676052000,238
1676052900,218
1676053800,242
1676054700,237
1676055600,230
1676056500,208
1676057400,217
1676058300,223
1676059200,195
1676060100,176
1676061000,145
1676061900,118
1676062800,109
1676063700,125
1676064600,101
1676065500,96
1676066400,68
1676067300,40
1676068200,44
1676069100,35
1676070000,56
1676070900,36
1676071800,42
1676072700,41
1676073600,49
1676074500,37
1676075400,38
1676076300,51
1676077200,46
1676078100,60
1676079000,43
1676079900,57
1676080800,37
1676081700,44
1676082600,38
1676083500,56
1676084400,38
1676085300,37
1676086200,69
1676087100,99
1676088000,143
1676088900,110
1676089800,79
1676090700,78
1676091600,72
1676092500,69
1676093400,66
1676094300,104
1676095200,119
1676096100,274
1676097000,130
1676097900,94
1676098800,84
1676099700,139
1676100600,404
1676101500,408
1676102400,448
1676103300,215
1676104200,331
1676105100,207
1676106000,223
1676106900,167
1676107800,198
1676108700,203
1676109600,239
1676110500,347
1676111400,219
1676112300,166
1676113200,164
1676114100,207
1676115000,220
1676115900,224
1676116800,244
1676117700,227
1676118600,160
1676119500,172
1676120400,298
1676121300,210
1676122200,220
1676123100,198
1676124000,188
1676124900,162
1676125800,152
1676126700,150
1676127600,211
1676128500,148
1676129400,121
1676130300,120
1676131200,176
1676132100,380
1676133000,286
1676133900,156
1676134800,149
1676135700,193
1676136600,227
1676137500,232
1676138400,202
1676139300,195
1676140200,199
1676141100,209
1676142000,215
1676142900,232
1676143800,236
1676144700,215
1676145600,197
1676146500,198
1676147400,237
1676148300,180
1676149200,191
1676150100,130
1676151000,211
1676151900,73
1676152800,81
1676153700,71
1676154600,60
1676155500,75
1676156400,65
1676157300,65
1676158200,56
1676159100,75
1676160000,54
1676160900,70
1676161800,77
1676162700,72
1676163600,62
1676164500,56
1676165400,66
1676166300,70
1676167200,74
1676168100,64
1676169000,108
1676169900,114
1676170800,98
1676171700,105
1676172600,103
1676173500,93
1676174400,63
1676175300,59
1676176200,93
1676177100,291
1676178000,137
1676178900,118
1676179800,106
1676180700,129
1676181600,394
1676182500,260
1676183400,113
1676184300,186
1676185200,176
1676186100,207
1676187000,191
1676187900,300
1676188800,577
1676189700,602
1676190600,439
1676191500,613
1676192400,160
1676193300,148
1676194200,224
1676195100,358
1676196000,300
1676196900,172
1676197800,267
1676198700,194
1676199600,337
1676200500,170
1676201400,111
1676202300,73
1676203200,130
1676204100,173
1676205000,166
1676205900,207
1676206800,182
1676207700,179
1676208600,131
1676209500,126
1676210400,122
1676211300,165
1676212200,150
1676213100,294
1676214000,610
1676214900,680
1676215800,651
1676216700,654
1676217600,187
1676218500,183
1676219400,167
1676220300,177
1676221200,182
1676222100,155
1676223000,321
1676223900,220
1676224800,259
1676225700,184
1676226600,257
1676227500,227
1676228400,166
1676229300,278
1676230200,130
1676231100,172
1676232000,123
1676232900,87
1676233800,95
1676234700,91
1676235600,113
1676236500,146
1676237400,139
1676238300,153
1676239200,166
1676240100,117
1676241000,110
1676241900,112
1676242800,138
1676243700,125
1676244600,106
1676245500,49
1676246400,48
1676247300,86
1676248200,51
1676249100,45
1676250000,46
1676250900,41
1676251800,39
1676252700,38
1676253600,55
1676254500,36
1676255400,44
1676256300,51
1676257200,72
1676258100,37
1676259000,62
1676259900,56
1676260800,71
1676261700,58
1676262600,48
1676263500,44
1676264400,83
1676265300,79
1676266200,36
1676267100,55
1676268000,66
1676268900,66
1676269800,62
1676270700,60
1676271600,61
1676272500,99
1676273400,194
1676274300,147
1676275200,576
1676276100,1235
1676277000,755
1676277900,669
1676278800,215
1676279700,155
1676280600,141
1676281500,651
1676282400,473
1676283300,318
1676284200,218
1676285100,157
1676286000,267
1676286900,492
1676287800,644
1676288700,205
1676289600,747
1676290500,120
1676291400,112
1676292300,126
1676293200,125
1676294100,105
1676295000,127
1676295900,106
1676296800,119
1676297700,152
1676298600,152
1676299500,182
1676300400,170
1676301300,165
1676302200,152
1676303100,162
1676304000,266
1676304900,195
1676305800,278
1676306700,184
1676307600,222
1676308500,305
1676309400,295
1676310300,273
1676311200,251
1676312100,248
1676313000,255
1676313900,268
1676314800,277
1676315700,246
1676316600,233
1676317500,267
1676318400,187
1676319300,221
1676320200,328
1676321100,254
1676322000,237
1676322900,333
1676323800,198
1676324700,199
1676325600,156
1676326500,124
1676327400,144
1676328300,120
1676329200,87
1676330100,75
1676331000,80
1676331900,72
1676332800,65
1676333700,93
1676334600,94
1676335500,70
1676336400,64
1676337300,66
1676338200,73
1676339100,60
1676340000,66
1676340900,59
1676341800,53
1676342700,40
1676343600,38
1676344500,53
1676345400,46
1676346300,47
1676347200,38
1676348100,56
1676349000,113
1676349900,91
1676350800,118
1676351700,89
1676352600,78
1676353500,58
1676354400,65
1676355300,40
1676356200,50
1676357100,46
1676358000,39
1676358900,65
1676359800,61
1676360700,219
1676361600,73
1676362500,286
1676363400,160
1676364300,127
1676365200,302
1676366100,557
1676367000,157
1676367900,132
1676368800,204
1676369700,309
1676370600,121
1676371500,189
1676372400,580
1676373300,614
1676374200,383
1676375100,599
1676376000,120
1676376900,152
1676377800,119
1676378700,113
1676379600,84
1676380500,87
1676381400,74
1676382300,74
1676383200,67
1676384100,79
1676385000,186
1676385900,143
1676386800,88
1676387700,86
1676388600,90
1676389500,76
1676390400,96
1676391300,117
1676392200,275
1676393100,99
1676394000,105
1676394900,96
1676395800,110
1676396700,388
1676397600,572
1676398500,285
1676399400,284
1676400300,223
1676401200,187
1676402100,186
1676403000,154
1676403900,141
1676404800,152
1676405700,197
1676406600,200
1676407500,91
1676408400,70
1676409300,83
1676410200,74
1676411100,116
1676412000,95
1676412900,83
1676413800,36
1676414700,56
1676415600,36
1676416500,43
1676417400,36
1676418300,54
1676419200,39
1676420100,42
1676421000,56
1676421900,59
1676422800,49
1676423700,38
1676424600,43
1676425500,37
1676426400,59
1676427300,36
1676428200,66
1676429100,57
1676430000,79
1676430900,67
1676431800,57
1676432700,77
1676433600,98
1676434500,121
1676435400,89
1676436300,45
1676437200,35
1676438100,49
1676439000,48
1676439900,64
1676440800,56
1676441700,91
1676442600,322
1676443500,107
1676444400,89
1676445300,85
1676446200,87
1676447100,79
1676448000,70
1676448900,65
1676449800,66
1676450700,69
1676451600,77
1676452500,77
1676453400,154
1676454300,200
1676455200,119
1676456100,103
1676457000,74
1676457900,85
1676458800,115
1676459700,148
1676460600,252
1676461500,659
1676462400,448
1676463300,335
1676464200,493
1676465100,219
1676466000,153
1676466900,144
1676467800,173
1676468700,159
1676469600,211
1676470500,143
1676471400,146
1676472300,161
1676473200,141
1676474100,166
1676475000,191
1676475900,175
1676476800,169
1676477700,178
1676478600,216
1676479500,187
1676480400,501
1676481300,680
1676482200,701
1676483100,777
1676484000,536
1676484900,274
1676485800,230
1676486700,162
1676487600,141
1676488500,126
1676489400,121
1676490300,171
1676491200,168
1676492100,157
1676493000,136
1676493900,136
1676494800,126
1676495700,145
1676496600,114
1676497500,93
1676498400,107
1676499300,58
1676500200,47
1676501100,41
1676502000,59
1676502900,59
1676503800,62
1676504700,44
1676505600,53
1676506500,48
1676507400,40
1676508300,49
1676509200,55
1676510100,49
1676511000,42
1676511900,47
1676512800,63
1676513700,72
1676514600,49
1676515500,43
1676516400,86
1676517300,81
1676518200,92
1676519100,97
1676520000,102
1676520900,42
1676521800,42
1676522700,47
1676523600,49
1676524500,52
1676525400,53
1676526300,68
1676527200,65
1676528100,108
1676529000,215
1676529900,264
1676530800,117
1676531700,124
1676532600,115
1676533500,104
1676534400,93
1676535300,73
1676536200,232
1676537100,593
1676538000,687
1676538900,235
1676539800,207
1676540700,238
1676541600,146
1676542500,139
1676543400,145
1676544300,139
1676545200,119
1676546100,200
1676547000,173
1676547900,168
1676548800,276
1676549700,221
1676550600,319
1676551500,894
1676552400,1401
1676553300,1032
1676554200,1047
1676555100,652
1676556000,163
1676556900,147
1676557800,153
1676558700,146
1676559600,170
1676560500,169
1676561400,195
1676562300,168
1676563200,185
1676564100,245
1676565000,157
1676565900,176
1676566800,201
1676567700,203
1676568600,258
1676569500,234
1676570400,271
1676571300,248
1676572200,249
1676573100,264
1676574000,277
1676574900,162
1676575800,152
1676576700,167
1676577600,190
1676578500,198
1676579400,198
1676580300,168
1676581200,158
1676582100,158
1676583000,119
1676583900,104
1676584800,105
1676585700,82
1676586600,81
1676587500,91
1676588400,88
1676589300,76
1676590200,74
1676591100,68
1676592000,77
1676592900,73
1676593800,59
1676594700,60
1676595600,99
1676596500,70
1676597400,70
1676598300,54
1676599200,48
1676600100,42
1676601000,43
1676601900,58
1676602800,43
1676603700,49
1676604600,43
1676605500,61
1676606400,75
1676607300,83
1676608200,72
1676609100,124
1676610000,96
1676610900,59
1676611800,91
1676612700,278
1676613600,279
1676614500,148
1676615400,212
1676616300,89
1676617200,130
1676618100,52
1676619000,55
1676619900,49
1676620800,66
1676621700,50
1676622600,50
1676623500,55
1676624400,63
1676625300,75
1676626200,68
1676627100,84
1676628000,74
1676628900,77
1676629800,78
1676630700,82
1676631600,81
1676632500,93
1676633400,86
1676634300,92
1676635200,122
1676636100,108
1676637000,111
1676637900,118
1676638800,152
1676639700,172
1676640600,170
1676641500,181
1676642400,144
1676643300,133
1676644200,129
1676645100,131
1676646000,133
1676646900,138
1676647800,138
1676648700,141
1676649600,130
1676650500,166
1676651400,253
1676652300,206
1676653200,215
1676654100,158
1676655000,270
1676655900,215
1676656800,211
1676657700,208
1676658600,286
1676659500,226
1676660400,400
1676661300,692
1676662200,725
1676663100,340
1676664000,294
1676664900,326
1676665800,320
1676666700,217
1676667600,210
1676668500,164
1676669400,144
1676670300,131
1676671200,125
1676672100,124
1676673000,80
1676673900,235
1676674800,159
1676675700,71
1676676600,63
1676677500,58
1676678400,84
1676679300,78
1676680200,77
1676681100,68
1676682000,88
1676682900,67
1676683800,75
1676684700,68
1676685600,94
1676686500,76
1676687400,69
1676688300,56
1676689200,62
1676690100,59
1676691000,51
1676691900,56
1676692800,84
1676693700,79
1676694600,79
1676695500,98
1676696400,122
1676697300,243
1676698200,373
1676699100,114
1676700000,153
1676700900,165
1676701800,139
1676702700,108
1676703600,117
1676704500,133
1676705400,147
1676706300,136
1676707200,141
1676708100,128
1676709000,150
1676709900,149
1676710800,177
1676711700,120
1676712600,108
1676713500,135
1676714400,175
1676715300,153
1676716200,169
1676717100,193
1676718000,140
1676718900,119
1676719800,111
1676720700,165
1676721600,220
1676722500,166
1676723400,159
1676724300,206
1676725200,882
1676726100,415
1676727000,617
1676727900,441
1676728800,230
1676729700,321
1676730600,256
1676731500,195
1676732400,225
1676733300,348
1676734200,139
1676735100,131
1676736000,120
1676736900,172
1676737800,184
1676738700,177
1676739600,170
1676740500,204
1676741400,209
1676742300,217
1676743200,186
1676744100,211
1676745000,172
1676745900,184
1676746800,174
1676747700,459
1676748600,324
1676749500,206
1676750400,199
1676751300,213
1676752200,141
1676753100,120
1676754000,155
1676754900,117
1676755800,99
1676756700,101
1676757600,72
1676758500,36
1676759400,49
1676760300,44
1676761200,43
1676762100,37
1676763000,55
1676763900,53
1676764800,61
1676765700,49
1676766600,46
1676767500,37
1676768400,42
1676769300,51
1676770200,41
1676771100,41
1676772000,45
1676772900,50
1676773800,38
1676774700,44
1676775600,52
1676776500,44
1676777400,48
1676778300,83
1676779200,125
1676780100,154
1676781000,71
1676781900,78
1676782800,108
1676783700,305
1676784600,219
1676785500,140
1676786400,140
1676787300,211
1676788200,258
1676789100,120
1676790000,140
1676790900,92
1676791800,175
1676792700,108
1676793600,141
1676794500,69
1676795400,318
1676796300,105
1676797200,117
1676798100,165
1676799000,143
1676799900,153
1676800800,173
1676801700,119
1676802600,160
1676803500,204
1676804400,168
1676805300,384
1676806200,242
1676807100,185
1676808000,165
1676808900,265
1676809800,659
1676810700,1305
1676811600,723
1676812500,537
1676813400,450
1676814300,195
1676815200,189
1676816100,193
1676817000,784
1676817900,968
1676818800,824
1676819700,709
1676820600,492
1676821500,192
1676822400,277
1676823300,326
1676824200,264
1676825100,264
1676826000,170
1676826900,206
1676827800,559
1676828700,608
1676829600,627
1676830500,470
1676831400,395
1676832300,426
1676833200,304
1676834100,353
1676835000,428
1676835900,228
1676836800,222
1676837700,214
1676838600,192
1676839500,190
1676840400,88
1676841300,81
1676842200,61
1676843100,71
1676844000,55
1676844900,62
1676845800,63
1676846700,66
1676847600,54
1676848500,62
1676849400,66
1676850300,61
1676851200,63
1676852100,72
1676853000,88
1676853900,60
1676854800,62
1676855700,56
1676856600,72
1676857500,61
1676858400,63
1676859300,55
1676860200,70
1676861100,64
1676862000,63
1676862900,60
1676863800,60
1676864700,78
1676865600,60
1676866500,101
1676867400,90
1676868300,125
1676869200,74
1676870100,64
1676871000,331
1676871900,233
1676872800,229
1676873700,132
1676874600,151
1676875500,148
1676876400,150
1676877300,113
1676878200,115
1676879100,127
1676880000,105
1676880900,98
1676881800,90
1676882700,77
1676883600,111
1676884500,133
1676885400,139
1676886300,144
1676887200,140
1676888100,138
1676889000,145
1676889900,165
1676890800,186
1676891700,154
1676892600,174
1676893500,244
1676894400,246
1676895300,217
1676896200,306
1676897100,225
1676898000,217
1676898900,206
1676899800,234
1676900700,220
1676901600,254
1676902500,250
1676903400,269
1676904300,259
1676905200,239
1676906100,223
1676907000,241
1676907900,226
1676908800,233
1676909700,222
1676910600,245
1676911500,214
1676912400,275
1676913300,333
1676914200,292
1676915100,303
1676916000,233
1676916900,289
1676917800,265
1676918700,289
1676919600,257
1676920500,261
1676921400,236
1676922300,270
1676923200,254
1676924100,465
1676925000,415
1676925900,180
1676926800,216
1676927700,221
1676928600,199
1676929500,169
1676930400,198
1676931300,196
1676932200,198
1676933100,193
1676934000,212
1676934900,181
1676935800,197
1676936700,165
1676937600,150
1676938500,161
1676939400,151
1676940300,164
1676941200,120
1676942100,84
1676943000,86
1676943900,101
1676944800,89
1676945700,82
1676946600,75
1676947500,84
1676948400,85
1676949300,76
1676950200,79
1676951100,88
1676952000,99
1676952900,72
1676953800,81
1676954700,71
1676955600,92
1676956500,103
1676957400,90
1676958300,248
1676959200,321
1676960100,402
1676961000,194
1676961900,120
1676962800,131
1676963700,490
1676964600,214
1676965500,124
1676966400,348
1676967300,322
1676968200,129
1676969100,129
1676970000,123
1676970900,243
1676971800,554
1676972700,310
1676973600,563
1676974500,308
1676975400,151
1676976300,112
1676977200,116
1676978100,105
1676979000,177
1676979900,156
1676980800,169
1676981700,151
1676982600,155
1676983500,115
1676984400,203
1676985300,155
1676986200,178
1676987100,153
1676988000,142
1676988900,154
1676989800,243
1676990700,379
1676991600,157
1676992500,147
1676993400,368
1676994300,370
1676995200,234
1676996100,238
1676997000,283
1676997900,274
1676998800,365
1676999700,398
1677000600,339
1677001500,250
1677002400,229
1677003300,234
1677004200,233
1677005100,226
1677006000,228
1677006900,253
1677007800,285
1677008700,225
1677009600,256
1677010500,292
1677011400,212
1677012300,366
1677013200,238
1677014100,194
1677015000,162
1677015900,159
1677016800,154
1677017700,163
1677018600,113
1677019500,127
1677020400,106
1677021300,98
1677022200,90
1677023100,97
1677024000,92
1677024900,92
1677025800,102
1677026700,98
1677027600,95
1677028500,74
1677029400,77
1677030300,70
1677031200,70
1677032100,65
1677033000,73
1677033900,74
1677034800,78
1677035700,109
1677036600,88
1677037500,76
1677038400,61
1677039300,70
1677040200,72
1677041100,78
1677042000,64
1677042900,86
1677043800,311
1677044700,343
1677045600,357
1677046500,105
1677047400,101
1677048300,113
1677049200,132
1677050100,131
1677051000,131
1677051900,132
1677052800,127
1677053700,479
1677054600,439
1677055500,204
1677056400,73
1677057300,83
1677058200,493
1677059100,609
1677060000,115
1677060900,121
1677061800,212
1677062700,131
1677063600,216
1677064500,313
1677065400,213
1677066300,208
1677067200,212
1677068100,123
1677069000,138
1677069900,820
1677070800,1274
1677071700,1197
1677072600,1193
1677073500,1174
1677074400,657
1677075300,147
1677076200,126
1677077100,115
1677078000,151
1677078900,125
1677079800,147
1677080700,347
1677081600,754
1677082500,1113
1677083400,1063
1677084300,747
1677085200,696
1677086100,665
1677087000,281
1677087900,308
1677088800,266
1677089700,277
1677090600,1188
1677091500,2814
1677092400,2608
1677093300,2409
1677094200,1215
1677095100,1478
1677096000,1135
1677096900,1463
1677097800,1358
1677098700,1018
1677099600,1152
1677100500,1469
1677101400,378
1677102300,156
1677103200,134
1677104100,132
1677105000,95
1677105900,90
1677106800,80
1677107700,102
1677108600,84
1677109500,74
1677110400,74
1677111300,84
1677112200,82
1677113100,68
1677114000,84
1677114900,86
1677115800,93
1677116700,78
1677117600,84
1677118500,100
1677119400,63
1677120300,75
1677121200,66
1677122100,51
1677123000,68
1677123900,58
1677124800,69
1677125700,48
1677126600,55
1677127500,51
1677128400,65
1677129300,53
1677130200,86
1677131100,126
1677132000,297
1677132900,332
1677133800,247
1677134700,404
1677135600,342
1677136500,277
1677137400,55
1677138300,67
1677139200,69
1677140100,60
1677141000,47
1677141900,80
1677142800,80
1677143700,89
1677144600,76
1677145500,85
1677146400,74
1677147300,65
1677148200,73
1677149100,64
1677150000,74
1677150900,80
1677151800,162
1677152700,170
1677153600,175
1677154500,122
1677155400,103
1677156300,84
1677157200,93
1677158100,102
1677159000,136
1677159900,124
1677160800,120
1677161700,149
1677162600,251
1677163500,215
1677164400,296
1677165300,328
1677166200,151
1677167100,163
1677168000,197
1677168900,181
1677169800,189
1677170700,388
1677171600,451
1677172500,131
1677173400,152
1677174300,145
1677175200,169
1677176100,174
1677177000,183
1677177900,142
1677178800,181
1677179700,193
1677180600,191
1677181500,211
1677182400,219
1677183300,169
1677184200,135
1677185100,138
1677186000,81
1677186900,80
1677187800,59
1677188700,49
1677189600,88
1677190500,67
1677191400,67
1677192300,61
1677193200,73
1677194100,72
1677195000,76
1677195900,80
1677196800,64
1677197700,65
1677198600,43
1677199500,53
1677200400,45
1677201300,58
1677202200,50
1677203100,49
1677204000,61
1677204900,49
1677205800,58
1677206700,66
1677207600,76
1677208500,74
1677209400,94
1677210300,128
1677211200,93
1677212100,97
1677213000,79
1677213900,56
1677214800,45
1677215700,39
1677216600,47
1677217500,95
1677218400,281
1677219300,138
1677220200,127
1677221100,239
1677222000,130
1677222900,94
1677223800,126
1677224700,134
1677225600,109
1677226500,634
1677227400,365
1677228300,335
1677229200,354
1677230100,341
1677231000,433
1677231900,406
1677232800,689
1677233700,551
1677234600,220
1677235500,189
1677236400,133
1677237300,113
1677238200,79
1677239100,346
1677240000,98
1677240900,135
1677241800,142
1677242700,146
1677243600,267
1677244500,428
1677245400,133
1677246300,124
1677247200,125
1677248100,99
1677249000,108
1677249900,108
1677250800,112
1677251700,89
1677252600,109
1677253500,81
1677254400,101
1677255300,158
1677256200,166
1677257100,161
1677258000,180
1677258900,202
1677259800,200
1677260700,206
1677261600,273
1677262500,287
1677263400,544
1677264300,458
1677265200,281
1677266100,239
1677267000,200
1677267900,174
1677268800,302
1677269700,212
1677270600,179
1677271500,166
1677272400,173
1677273300,139
1677274200,117
1677275100,121
1677276000,103
1677276900,119
1677277800,114
1677278700,123
1677279600,78
1677280500,80
1677281400,69
1677282300,78
1677283200,61
1677284100,62
1677285000,64
1677285900,70
1677286800,62
1677287700,48
1677288600,59
1677289500,52
1677290400,56
1677291300,38
1677292200,53
1677293100,45
1677294000,70
1677294900,41
1677295800,50
1677296700,55
1677297600,62
1677298500,53
1677299400,43
1677300300,47
1677301200,56
1677302100,90
1677303000,65
1677303900,143
1677304800,401
1677305700,205
1677306600,491
1677307500,394
1677308400,249
1677309300,115
1677310200,95
1677311100,249
1677312000,105
1677312900,80
1677313800,76
1677314700,97
1677315600,67
1677316500,46
1677317400,43
1677318300,42
1677319200,68
1677320100,54
1677321000,74
1677321900,79
1677322800,87
1677323700,91
1677324600,73
1677325500,74
1677326400,76
1677327300,86
1677328200,166
1677329100,124
1677330000,116
1677330900,122
1677331800,141
1677332700,130
1677333600,97
1677334500,117
1677335400,88
1677336300,102
1677337200,85
1677338100,137
1677339000,119
1677339900,120
1677340800,109
1677341700,92
1677342600,86
1677343500,94
1677344400,90
1677345300,105
1677346200,86
1677347100,93
1677348000,91
1677348900,115
1677349800,102
1677350700,93
1677351600,89
1677352500,95
1677353400,101
1677354300,94
1677355200,87
1677356100,98
1677357000,161
1677357900,221
1677358800,200
1677359700,179
1677360600,145
1677361500,163
1677362400,148
1677363300,165
1677364200,159
1677365100,146
1677366000,95
1677366900,94
1677367800,88
1677368700,80
1677369600,96
1677370500,74
1677371400,56
1677372300,56
1677373200,56
1677374100,60
1677375000,59
1677375900,83
1677376800,91
1677377700,84
1677378600,87
1677379500,73
1677380400,72
1677381300,56
1677382200,109
1677383100,83
1677384000,99
1677384900,60
1677385800,82
1677386700,94
1677387600,187
1677388500,209
1677389400,339
1677390300,427
1677391200,295
1677392100,136
1677393000,105
1677393900,96
1677394800,103
1677395700,242
1677396600,109
1677397500,138
1677398400,92
1677399300,91
1677400200,73
1677401100,115
1677402000,60
1677402900,59
1677403800,66
1677404700,326
1677405600,124
1677406500,98
1677407400,164
1677408300,303
1677409200,156
1677410100,106
1677411000,114
1677411900,105
1677412800,125
1677413700,132
1677414600,113
1677415500,613
1677416400,311
1677417300,191
1677418200,166
1677419100,126
1677420000,111
1677420900,114
1677421800,201
1677422700,325
1677423600,147
1677424500,143
1677425400,152
1677426300,149
1677427200,144
1677428100,308
1677429000,186
1677429900,201
1677430800,247
1677431700,229
1677432600,225
1677433500,227
1677434400,248
1677435300,241
1677436200,312
1677437100,231
1677438000,247
1677438900,277
1677439800,237
1677440700,282
1677441600,288
1677442500,270
1677443400,244
1677444300,266
1677445200,228
1677446100,329
1677447000,158
1677447900,116
1677448800,109
1677449700,113
1677450600,95
1677451500,132
1677452400,99
1677453300,122
1677454200,107
1677455100,113
1677456000,98
1677456900,118
1677457800,101
1677458700,105
1677459600,98
1677460500,121
1677461400,106
1677462300,114
1677463200,103
1677464100,117
1677465000,98
1677465900,104
1677466800,98
1677467700,118
1677468600,96
1677469500,105
1677470400,107
1677471300,121
1677472200,102
1677473100,109
1677474000,118
1677474900,145
1677475800,212
1677476700,195
1677477600,150
1677478500,162
1677479400,160
1677480300,309
1677481200,117
1677482100,340
1677483000,120
1677483900,142
1677484800,360
1677485700,222
1677486600,240
1677487500,154
1677488400,137
1677489300,372
1677490200,300
1677491100,682
1677492000,678
1677492900,366
1677493800,429
1677494700,203
1677495600,183
1677496500,176
1677497400,171
1677498300,213
1677499200,129
1677500100,119
1677501000,157
1677501900,644
1677502800,745
1677503700,691
1677504600,672
1677505500,629
1677506400,139
1677507300,130
1677508200,106
1677509100,112
1677510000,102
1677510900,131
1677511800,270
1677512700,218
1677513600,238
1677514500,255
1677515400,418
1677516300,189
1677517200,294
1677518100,203
1677519000,447
1677519900,273
1677520800,262
1677521700,480
1677522600,409
1677523500,249
1677524400,271
1677525300,233
1677526200,198
1677527100,203
1677528000,186
1677528900,194
1677529800,208
1677530700,281
1677531600,176
1677532500,147
1677533400,126
1677534300,125
1677535200,108
1677536100,86
1677537000,52
1677537900,67
1677538800,66
1677539700,67
1677540600,49
1677541500,58
1677542400,50
1677543300,70
1677544200,49
1677545100,58
1677546000,59
1677546900,84
1677547800,54
1677548700,58
1677549600,51
1677550500,68
1677551400,52
1677552300,60
1677553200,49
1677554100,67
1677555000,77
1677555900,107
1677556800,94
1677557700,58
1677558600,64
1677559500,58
1677560400,104
1677561300,179
1677562200,297
1677563100,585
1677564000,1001
1677564900,1003
1677565800,687
1677566700,671
1677567600,206
1677568500,172
1677569400,148
1677570300,112
1677571200,573
1677572100,495
1677573000,527
1677573900,668
1677574800,710
1677575700,856
1677576600,910
1677577500,790
1677578400,695
1677579300,676
1677580200,350
1677581100,336
1677582000,236
1677582900,214
1677583800,376
1677584700,228
1677585600,151
1677586500,168
1677587400,528
1677588300,133
1677589200,186
1677590100,550
1677591000,916
1677591900,874
1677592800,730
1677593700,233
1677594600,206
1677595500,186
1677596400,181
1677597300,170
1677598200,184
1677599100,156
1677600000,196
1677600900,266
1677601800,266
1677602700,258
1677603600,259
1677604500,267
1677605400,254
1677606300,267
1677607200,251
1677608100,264
1677609000,276
1677609900,281
1677610800,277
1677611700,235
1677612600,250
1677613500,233
1677614400,229
1677615300,174
1677616200,200
1677617100,173
1677618000,205
1677618900,148
1677619800,138
1677620700,99
1677621600,79
1677622500,91
1677623400,93
1677624300,99
1677625200,94
1677626100,77
1677627000,83
1677627900,63
1677628800,65
1677629700,58
1677630600,67
1677631500,55
1677632400,67
1677633300,61
1677634200,61
1677635100,60
1677636000,56
1677636900,50
1677637800,57
1677638700,64
1677639600,56
1677640500,63
1677641400,70
1677642300,79
1677643200,90
1677644100,159
1677645000,168
1677645900,185
1677646800,134
1677647700,142
1677648600,567
1677649500,295
1677650400,580
1677651300,410
1677652200,133
1677653100,477
1677654000,98
1677654900,197
1677655800,158
1677656700,142
1677657600,122
1677658500,270
1677659400,610
1677660300,423
1677661200,168
1677662100,139
1677663000,151
1677663900,138
1677664800,106
1677665700,121
1677666600,200
1677667500,849
1677668400,775
1677669300,989
1677670200,760
1677671100,320
1677672000,296
1677672900,143
1677673800,458
1677674700,374
1677675600,189
1677676500,732
1677677400,360
1677678300,132
1677679200,109
1677680100,134
1677681000,160
1677681900,96
1677682800,107
1677683700,132
1677684600,116
1677685500,123
1677686400,132
1677687300,179
1677688200,174
1677689100,229
1677690000,216
1677690900,201
1677691800,146
1677692700,209
1677693600,177
1677694500,168
1677695400,174
1677696300,234
1677697200,271
1677698100,283
1677699000,261
1677699900,226
1677700800,186
1677701700,186
1677702600,181
1677703500,173
1677704400,139
1677705300,141
1677706200,99
1677707100,82
1677708000,92
1677708900,96
1677709800,78
1677710700,81
1677711600,97
1677712500,87
1677713400,75
1677714300,77
1677715200,148
1677716100,120
1677717000,93
1677717900,86
1677718800,66
1677719700,71
1677720600,69
1677721500,57
1677722400,54
1677723300,72
1677724200,56
1677725100,59
1677726000,59
1677726900,64
1677727800,68
1677728700,64
1677729600,57
1677730500,97
1677731400,111
1677732300,106
1677733200,74
1677734100,92
1677735000,131
1677735900,116
1677736800,191
1677737700,397
1677738600,133
1677739500,92
1677740400,81
1677741300,90
1677742200,86
1677743100,99
1677744000,63
1677744900,57
1677745800,67
1677746700,74
1677747600,64
1677748500,58
1677749400,369
1677750300,495
1677751200,350
1677752100,111
1677753000,116
1677753900,110
1677754800,109
1677755700,108
1677756600,105
1677757500,100
1677758400,104
1677759300,106
1677760200,82
1677761100,77
1677762000,84
1677762900,76
1677763800,87
1677764700,82
1677765600,81
1677766500,82
1677767400,71
1677768300,83
1677769200,68
1677770100,77
1677771000,109
1677771900,160
1677772800,142
1677773700,351
1677774600,161
1677775500,272
1677776400,152
1677777300,149
1677778200,197
1677779100,177
1677780000,185
1677780900,187
1677781800,184
1677782700,173
1677783600,221
1677784500,195
1677785400,183
1677786300,212
1677787200,146
1677788100,201
1677789000,210
1677789900,219
1677790800,144
1677791700,148
1677792600,65
1677793500,67
1677794400,51
1677795300,57
1677796200,53
1677797100,80
1677798000,67
1677798900,55
1677799800,57
1677800700,77
1677801600,64
1677802500,52
1677803400,59
1677804300,51
1677805200,78
1677806100,62
1677807000,66
1677807900,51
1677808800,66
1677809700,53
1677810600,107
1677811500,77
1677812400,60
1677813300,130
1677814200,121
1677815100,120
1677816000,107
1677816900,69
1677817800,67
1677818700,50
1677819600,58
1677820500,49
1677821400,188
1677822300,125
1677823200,99
1677824100,329
1677825000,99
1677825900,93
1677826800,99
1677827700,163
1677828600,234
1677829500,728
1677830400,321
1677831300,87
1677832200,101
1677833100,100
1677834000,102
1677834900,142
1677835800,130
1677836700,96
1677837600,88
1677838500,68
1677839400,111
1677840300,92
1677841200,106
1677842100,96
1677843000,99
1677843900,96
1677844800,93
1677845700,242
1677846600,204
1677847500,110
1677848400,134
1677849300,121
1677850200,136
1677851100,138
1677852000,138
1677852900,115
1677853800,121
1677854700,138
1677855600,169
1677856500,148
1677857400,165
1677858300,158
1677859200,172
1677860100,251
1677861000,171
1677861900,216
1677862800,244
1677863700,385
1677864600,399
1677865500,307
1677866400,399
1677867300,282
1677868200,168
1677869100,153
1677870000,213
1677870900,219
1677871800,229
1677872700,197
1677873600,185
1677874500,220
1677875400,237
1677876300,189
1677877200,172
1677878100,188
1677879000,164
1677879900,175
1677880800,174
1677881700,203
1677882600,192
1677883500,162
1677884400,167
1677885300,161
1677886200,106
1677887100,56
1677888000,54
1677888900,79
1677889800,57
1677890700,56
1677891600,51
1677892500,61
1677893400,57
1677894300,53
1677895200,52
1677896100,64
1677897000,79
1677897900,60
1677898800,61
1677899700,59
1677900600,107
1677901500,97
1677902400,93
1677903300,71
1677904200,69
1677905100,54
1677906000,112
1677906900,378
1677907800,199
1677908700,118
1677909600,78
1677910500,94
1677911400,88
1677912300,109
1677913200,121
1677914100,114
1677915000,107
1677915900,103
1677916800,90
1677917700,124
1677918600,115
1677919500,128
1677920400,132
1677921300,147
1677922200,143
1677923100,146
1677924000,141
1677924900,163
1677925800,150
1677926700,128
1677927600,122
1677928500,132
1677929400,165
1677930300,150
1677931200,160
1677932100,161
1677933000,162
1677933900,266
1677934800,190
1677935700,162
1677936600,169
1677937500,158
1677938400,189
1677939300,147
1677940200,134
1677941100,128
1677942000,140
1677942900,137
1677943800,128
1677944700,135
1677945600,176
1677946500,211
1677947400,182
1677948300,197
1677949200,202
1677950100,251
1677951000,225
1677951900,312
1677952800,306
1677953700,522
1677954600,323
1677955500,263
1677956400,282
1677957300,251
1677958200,236
1677959100,640
1677960000,224
1677960900,178
1677961800,185
1677962700,173
1677963600,177
1677964500,147
1677965400,142
1677966300,118
1677967200,125
1677968100,146
1677969000,102
1677969900,216
1677970800,80
1677971700,93
1677972600,93
1677973500,97
1677974400,75
1677975300,88
1677976200,84
1677977100,86
1677978000,67
1677978900,75
1677979800,69
1677980700,85
1677981600,73
1677982500,69
1677983400,84
1677984300,90
1677985200,84
1677986100,69
1677987000,76
1677987900,71
1677988800,98
1677989700,86
1677990600,82
1677991500,77
1677992400,124
1677993300,311
1677994200,124
1677995100,143
1677996000,166
1677996900,220
1677997800,101
1677998700,103
1677999600,89
1678000500,142
1678001400,149
1678002300,156
1678003200,121
1678004100,222
1678005000,199
1678005900,119
1678006800,123
1678007700,123
1678008600,144
1678009500,207
1678010400,124
1678011300,113
1678012200,155
1678013100,162
1678014000,173
1678014900,155
1678015800,150
1678016700,163
1678017600,150
1678018500,163
1678019400,178
1678020300,158
1678021200,147
1678022100,156
1678023000,137
1678023900,143
1678024800,168
1678025700,149
1678026600,166
1678027500,150
1678028400,150
1678029300,133
1678030200,160
1678031100,133
1678032000,135
1678032900,154
1678033800,152
1678034700,142
1678035600,134
1678036500,144
1678037400,134
1678038300,150
1678039200,139
1678040100,139
1678041000,146
1678041900,159
1678042800,140
1678043700,133
1678044600,160
1678045500,196
1678046400,268
1678047300,257
1678048200,232
1678049100,226
1678050000,265
1678050900,226
1678051800,213
1678052700,188
1678053600,190
1678054500,180
1678055400,176
1678056300,112
1678057200,119
1678058100,130
1678059000,100
1678059900,98
1678060800,96
1678061700,96
1678062600,96
1678063500,88
1678064400,102
1678065300,111
1678066200,102
1678067100,86
1678068000,95
1678068900,93
1678069800,100
1678070700,92
1678071600,88
1678072500,100
1678073400,133
1678074300,147
1678075200,120
1678076100,183
1678077000,148
1678077900,160
1678078800,120
1678079700,87
1678080600,102
1678081500,107
1678082400,115
1678083300,121
1678084200,423
1678085100,358
1678086000,150
1678086900,281
1678087800,267
1678088700,132
1678089600,114
1678090500,433
1678091400,550
1678092300,212
1678093200,596
1678094100,239
1678095000,178
1678095900,352
1678096800,251
1678097700,208
1678098600,209
1678099500,479
1678100400,385
1678101300,185
1678102200,202
1678103100,187
1678104000,619
1678104900,743
1678105800,704
1678106700,749
1678107600,279
1678108500,255
1678109400,263
1678110300,255
1678111200,244
1678112100,264
1678113000,260
1678113900,270
1678114800,245
1678115700,249
1678116600,257
1678117500,273
1678118400,237
1678119300,249
1678120200,195
1678121100,182
1678122000,212
1678122900,226
1678123800,549
1678124700,527
1678125600,298
1678126500,227
1678127400,236
1678128300,206
1678129200,212
1678130100,210
1678131000,185
1678131900,211
1678132800,190
1678133700,210
1678134600,180
1678135500,186
1678136400,203
1678137300,269
1678138200,227
1678139100,225
1678140000,190
1678140900,167
1678141800,132
1678142700,89
1678143600,103
1678144500,79
1678145400,91
1678146300,98
1678147200,92
1678148100,94
1678149000,106
1678149900,94
1678150800,86
1678151700,92
1678152600,83
1678153500,99
1678154400,87
1678155300,95
1678156200,97
1678157100,112
1678158000,85
1678158900,97
1678159800,93
1678160700,101
1678161600,136
1678162500,124
1678163400,132
1678164300,152
1678165200,142
1678166100,97
1678167000,93
1678167900,97
1678168800,84
1678169700,89
1678170600,84
1678171500,103
1678172400,86
1678173300,242
1678174200,129
1678175100,201
1678176000,134
1678176900,163
1678177800,154
1678178700,163
1678179600,187
1678180500,167
1678181400,361
1678182300,993
1678183200,375
1678184100,184
1678185000,185
1678185900,186
1678186800,153
1678187700,163
1678188600,139
1678189500,149
1678190400,149
1678191300,144
1678192200,132
1678193100,135
1678194000,148
1678194900,135
1678195800,172
1678196700,163
1678197600,143
1678198500,165
1678199400,306
1678200300,270
1678201200,276
1678202100,271
1678203000,256
1678203900,254
1678204800,246
1678205700,253
1678206600,512
1678207500,726
1678208400,665
1678209300,580
1678210200,244
1678211100,271
1678212000,272
1678212900,258
1678213800,245
1678214700,243
1678215600,283
1678216500,227
1678217400,221
1678218300,213
1678219200,175
1678220100,161
1678221000,180
1678221900,172
1678222800,155
1678223700,172
1678224600,174
1678225500,152
1678226400,116
1678227300,99
1678228200,70
1678229100,55
1678230000,83
1678230900,350
1678231800,773
1678232700,755
1678233600,695
1678234500,411
1678235400,84
1678236300,78
1678237200,79
1678238100,82
1678239000,67
1678239900,76
1678240800,79
1678241700,69
1678242600,56
1678243500,64
1678244400,70
1678245300,60
1678246200,98
1678247100,99
1678248000,103
1678248900,68
1678249800,76
1678250700,58
1678251600,75
1678252500,59
1678253400,72
1678254300,221
1678255200,75
1678256100,438
1678257000,359
1678257900,382
1678258800,627
1678259700,168
1678260600,129
1678261500,129
1678262400,108
1678263300,154
1678264200,329
1678265100,188
1678266000,149
1678266900,152
1678267800,1055
1678268700,1243
1678269600,898
1678270500,273
1678271400,183
1678272300,197
1678273200,225
1678274100,244
1678275000,205
1678275900,155
1678276800,151
1678277700,162
1678278600,191
1678279500,1268
1678280400,1164
1678281300,835
1678282200,778
1678283100,756
1678284000,975
1678284900,220
1678285800,202
1678286700,191
1678287600,236
1678288500,159
1678289400,270
1678290300,198
1678291200,362
1678292100,689
1678293000,688
1678293900,710
1678294800,210
1678295700,196
1678296600,221
1678297500,219
1678298400,242
1678299300,325
1678300200,711
1678301100,702
1678302000,425
1678302900,215
1678303800,226
1678304700,217
1678305600,225
1678306500,194
1678307400,194
1678308300,198
1678309200,179
1678310100,160
1678311000,118
1678311900,104
1678312800,208
1678313700,94
1678314600,72
1678315500,76
1678316400,79
1678317300,83
1678318200,69
1678319100,85
1678320000,98
1678320900,93
1678321800,74
1678322700,76
1678323600,87
1678324500,58
1678325400,58
1678326300,55
1678327200,97
1678328100,75
1678329000,77
1678329900,64
1678330800,120
1678331700,94
1678332600,70
1678333500,70
1678334400,78
1678335300,87
1678336200,79
1678337100,74
1678338000,75
1678338900,113
1678339800,110
1678340700,90
1678341600,477
1678342500,1061
1678343400,1087
1678344300,981
1678345200,630
1678346100,182
1678347000,82
1678347900,74
1678348800,82
1678349700,82
1678350600,99
1678351500,101
1678352400,93
1678353300,96
1678354200,98
1678355100,94
1678356000,86
1678356900,387
1678357800,517
1678358700,436
1678359600,449
1678360500,489
1678361400,170
1678362300,136
1678363200,141
1678364100,212
1678365000,169
1678365900,229
1678366800,219
1678367700,194
1678368600,179
1678369500,172
1678370400,191
1678371300,169
1678372200,164
1678373100,162
1678374000,180
1678374900,176
1678375800,148
1678376700,175
1678377600,174
1678378500,176
1678379400,154
1678380300,180
1678381200,188
1678382100,226
1678383000,237
1678383900,725
1678384800,689
1678385700,367
1678386600,318
1678387500,311
1678388400,303
1678389300,292
1678390200,316
1678391100,241
1678392000,226
1678392900,256
1678393800,246
1678394700,239
1678395600,222
1678396500,311
1678397400,227
1678398300,177
1678399200,167
1678400100,141
1678401000,144
1678401900,128
1678402800,119
1678403700,69
1678404600,76
1678405500,81
1678406400,78
1678407300,81
1678408200,89
1678409100,85
1678410000,67
1678410900,74
1678411800,86
1678412700,78
1678413600,71
1678414500,88
1678415400,96
1678416300,86
1678417200,77
1678418100,92
1678419000,106
1678419900,93
1678420800,107
1678421700,101
1678422600,122
1678423500,103
1678424400,90
1678425300,98
1678426200,151
1678427100,290
1678428000,91
1678428900,385
1678429800,353
1678430700,536
1678431600,357
1678432500,127
1678433400,135
1678434300,99
1678435200,348
1678436100,653
1678437000,217
1678437900,140
1678438800,164
1678439700,207
1678440600,161
1678441500,685
1678442400,628
1678443300,456
1678444200,375
1678445100,443
1678446000,169
1678446900,172
1678447800,159
1678448700,655
1678449600,281
1678450500,431
1678451400,299
1678452300,199
1678453200,197
1678454100,347
1678455000,871
1678455900,800
1678456800,613
1678457700,179
1678458600,161
1678459500,145
1678460400,147
1678461300,152
1678462200,156
1678463100,153
1678464000,738
1678464900,475
1678465800,190
1678466700,175
1678467600,193
1678468500,161
1678469400,177
1678470300,215
1678471200,743
1678472100,763
1678473000,754
1678473900,665
1678474800,743
1678475700,224
1678476600,241
1678477500,274
1678478400,273
1678479300,179
1678480200,200
1678481100,190
1678482000,181
1678482900,173
1678483800,113
1678484700,88
1678485600,89
1678486500,71
1678487400,66
1678488300,91
1678489200,71
1678490100,79
1678491000,81
1678491900,82
1678492800,87
1678493700,101
1678494600,74
1678495500,86
1678496400,96
1678497300,96
1678498200,97
1678499100,96
1678500000,115
1678500900,90
1678501800,96
1678502700,96
1678503600,86
1678504500,85
1678505400,103
1678506300,107
1678507200,96
1678508100,106
1678509000,98
1678509900,95
1678510800,101
1678511700,371
1678512600,158
1678513500,90
1678514400,79
1678515300,128
1678516200,111
1678517100,98
1678518000,105
1678518900,108
1678519800,102
1678520700,94
1678521600,183
1678522500,183
1678523400,171
1678524300,143
1678525200,270
1678526100,308
1678527000,123
1678527900,131
1678528800,125
1678529700,179
1678530600,480
1678531500,367
1678532400,202
1678533300,293
1678534200,220
1678535100,279
1678536000,230
1678536900,206
1678537800,172
1678538700,157
1678539600,168
1678540500,158
1678541400,210
1678542300,229
1678543200,230
1678544100,204
1678545000,194
1678545900,192
1678546800,177
1678547700,170
1678548600,166
1678549500,179
1678550400,177
1678551300,210
1678552200,184
1678553100,194
1678554000,179
1678554900,186
1678555800,201
1678556700,487
1678557600,662
1678558500,306
1678559400,297
1678560300,278
1678561200,289
1678562100,242
1678563000,221
1678563900,206
1678564800,218
1678565700,223
1678566600,195
1678567500,189
1678568400,125
1678569300,145
1678570200,108
1678571100,98
1678572000,109
1678572900,102
1678573800,96
1678574700,87
1678575600,104
1678576500,83
1678577400,81
1678578300,74
1678579200,103
1678580100,88
1678581000,77
1678581900,71
1678582800,69
1678583700,69
1678584600,61
1678585500,82
1678586400,76
1678587300,89
1678588200,91
1678589100,99
1678590000,91
1678590900,106
1678591800,115
1678592700,86
1678593600,84
1678594500,73
1678595400,97
1678596300,295
1678597200,127
1678598100,425
1678599000,235
1678599900,193
1678600800,153
1678601700,105
1678602600,112
1678603500,444
1678604400,272
1678605300,140
1678606200,274
1678607100,195
1678608000,186
1678608900,90
1678609800,204
1678610700,89
1678611600,111
1678612500,92
1678613400,219
1678614300,97
1678615200,93
1678616100,104
1678617000,147
1678617900,172
1678618800,159
1678619700,165
1678620600,210
1678621500,184
1678622400,146
1678623300,205
1678624200,161
1678625100,137
1678626000,137
1678626900,128
1678627800,127
1678628700,114
1678629600,121
1678630500,127
1678631400,118
1678632300,119
1678633200,121
1678634100,137
1678635000,108
1678635900,117
1678636800,110
1678637700,128
1678638600,108
1678639500,111
1678640400,128
1678641300,131
1678642200,119
1678643100,109
1678644000,121
1678644900,127
1678645800,116
1678646700,114
1678647600,129
1678648500,137
1678649400,117
1678650300,120
1678651200,113
1678652100,129
1678653000,198
1678653900,253
1678654800,217
1678655700,230
1678656600,140
1678657500,92
1678658400,88
1678659300,82
1678660200,101
1678661100,76
1678662000,79
1678662900,82
1678663800,120
1678664700,84
1678665600,92
1678666500,86
1678667400,92
1678668300,95
1678669200,86
1678670100,94
1678671000,99
1678671900,117
1678672800,83
1678673700,92
1678674600,87
1678675500,100
1678676400,98
1678677300,93
1678678200,96
1678679100,98
1678680000,111
1678680900,90
1678681800,96
1678682700,112
1678683600,110
1678684500,145
1678685400,127
1678686300,114
1678687200,125
1678688100,383
1678689000,394
1678689900,508
1678690800,122
1678691700,171
1678692600,468
1678693500,138
1678694400,119
1678695300,150
1678696200,152
1678697100,137
1678698000,225
1678698900,245
1678699800,515
1678700700,136
1678701600,148
1678702500,188
1678703400,259
1678704300,286
1678705200,599
1678706100,215
1678707000,206
1678707900,205
1678708800,222
1678709700,207
1678710600,199
1678711500,200
1678712400,348
1678713300,190
1678714200,173
1678715100,171
1678716000,327
1678716900,272
1678717800,253
1678718700,669
1678719600,377
1678720500,562
1678721400,656
1678722300,279
1678723200,266
1678724100,263
1678725000,263
1678725900,265
1678726800,286
1678727700,279
1678728600,258
1678729500,245
1678730400,244
1678731300,271
1678732200,244
1678733100,248
1678734000,277
1678734900,272
1678735800,249
1678736700,278
1678737600,207
1678738500,252
1678739400,194
1678740300,157
1678741200,174
1678742100,125
1678743000,101
1678743900,71
1678744800,93
1678745700,85
1678746600,90
1678747500,79
1678748400,83
1678749300,80
1678750200,81
1678751100,91
1678752000,82
1678752900,80
1678753800,82
1678754700,93
1678755600,83
1678756500,73
1678757400,83
1678758300,84
1678759200,110
1678760100,86
1678761000,100
1678761900,97
1678762800,116
1678763700,89
1678764600,88
1678765500,94
1678766400,98
1678767300,102
1678768200,84
1678769100,104
1678770000,127
1678770900,159
1678771800,162
1678772700,181
1678773600,155
1678774500,151
1678775400,112
1678776300,100
1678777200,156
1678778100,228
1678779000,318
1678779900,116
1678780800,125
1678781700,110
1678782600,104
1678783500,94
1678784400,88
1678785300,96
1678786200,77
1678787100,100
1678788000,75
1678788900,84
1678789800,108
1678790700,138
1678791600,146
1678792500,145
1678793400,147
1678794300,139
1678795200,164
1678796100,138
1678797000,139
1678797900,138
1678798800,213
1678799700,295
1678800600,295
1678801500,267
1678802400,193
1678803300,204
1678804200,343
1678805100,210
1678806000,208
1678806900,276
1678807800,267
1678808700,265
1678809600,265
1678810500,267
1678811400,249
1678812300,235
1678813200,249
1678814100,275
1678815000,283
1678815900,254
1678816800,251
1678817700,274
1678818600,262
1678819500,260
1678820400,254
1678821300,269
1678822200,221
1678823100,284
1678824000,230
1678824900,201
1678825800,215
1678826700,249
1678827600,187
1678828500,169
1678829400,157
1678830300,140
1678831200,132
1678832100,84
1678833000,122
1678833900,89
1678834800,100
1678835700,78
1678836600,87
1678837500,83
1678838400,107
1678839300,83
1678840200,71
1678841100,74
1678842000,81
1678842900,78
1678843800,68
1678844700,84
1678845600,105
1678846500,100
1678847400,88
1678848300,83
1678849200,97
1678850100,86
1678851000,110
1678851900,123
1678852800,127
1678853700,110
1678854600,103
1678855500,90
1678856400,89
1678857300,100
1678858200,86
1678859100,108
1678860000,323
1678860900,336
1678861800,381
1678862700,154
1678863600,346
1678864500,682
1678865400,352
1678866300,337
1678867200,160
1678868100,354
1678869000,477
1678869900,401
1678870800,124
1678871700,124
1678872600,324
1678873500,747
1678874400,558
1678875300,413
1678876200,756
1678877100,724
1678878000,245
1678878900,185
1678879800,165
1678880700,161
1678881600,185
1678882500,148
1678883400,114
1678884300,362
1678885200,909
1678886100,863
1678887000,1191
1678887900,1186
1678888800,803
1678889700,708
1678890600,268
1678891500,187
1678892400,345
1678893300,826
1678894200,870
1678895100,666
1678896000,196
1678896900,192
1678897800,451
1678898700,859
1678899600,580
1678900500,281
1678901400,282
1678902300,306
1678903200,229
1678904100,245
1678905000,773
1678905900,496
1678906800,443
1678907700,271
1678908600,256
1678909500,391
1678910400,573
1678911300,855
1678912200,569
1678913100,520
1678914000,618
1678914900,220
1678915800,114
1678916700,88
1678917600,90
1678918500,90
1678919400,90
1678920300,71
1678921200,72
1678922100,67
1678923000,53
1678923900,43
1678924800,52
1678925700,61
1678926600,59
1678927500,65
1678928400,70
1678929300,65
1678930200,54
1678931100,61
1678932000,51
1678932900,86
1678933800,65
1678934700,102
1678935600,106
1678936500,99
1678937400,68
1678938300,75
1678939200,67
1678940100,74
1678941000,80
1678941900,69
1678942800,75
1678943700,92
1678944600,107
1678945500,270
1678946400,95
1678947300,114
1678948200,299
1678949100,308
1678950000,176
1678950900,132
1678951800,493
1678952700,383
1678953600,654
1678954500,291
1678955400,93
1678956300,110
1678957200,161
1678958100,666
1678959000,450
1678959900,430
1678960800,465
1678961700,284
1678962600,137
1678963500,225
1678964400,234
1678965300,191
1678966200,314
1678967100,415
1678968000,215
1678968900,175
1678969800,168
1678970700,236
1678971600,161
1678972500,138
1678973400,141
1678974300,162
1678975200,161
1678976100,378
1678977000,428
1678977900,164
1678978800,321
1678979700,426
1678980600,139
1678981500,304
1678982400,365
1678983300,316
1678984200,208
1678985100,221
1678986000,180
1678986900,193
1678987800,195
1678988700,190
1678989600,230
1678990500,354
1678991400,406
1678992300,267
1678993200,294
1678994100,282
1678995000,267
1678995900,293
1678996800,240
1678997700,206
1678998600,179
1678999500,186
1679000400,190
1679001300,195
1679002200,113
1679003100,80
1679004000,75
1679004900,87
1679005800,73
1679006700,92
1679007600,82
1679008500,97
1679009400,86
1679010300,85
1679011200,68
1679012100,76
1679013000,80
1679013900,79
1679014800,84
1679015700,83
1679016600,75
1679017500,72
1679018400,71
1679019300,86
1679020200,79
1679021100,92
1679022000,79
1679022900,86
1679023800,84
1679024700,74
1679025600,70
1679026500,78
1679027400,78
1679028300,79
1679029200,85
1679030100,83
1679031000,74
1679031900,334
1679032800,157
1679033700,124
1679034600,234
1679035500,309
1679036400,157
1679037300,135
1679038200,91
1679039100,71
1679040000,85
1679040900,72
1679041800,69
1679042700,76
1679043600,86
1679044500,95
1679045400,77
1679046300,87
1679047200,78
1679048100,101
1679049000,112
1679049900,121
1679050800,126
1679051700,132
1679052600,240
1679053500,115
1679054400,120
1679055300,113
1679056200,173
1679057100,175
1679058000,201
1679058900,220
1679059800,211
1679060700,268
1679061600,288
1679062500,180
1679063400,177
1679064300,188
1679065200,173
1679066100,172
1679067000,251
1679067900,171
1679068800,177
1679069700,182
1679070600,183
1679071500,173
1679072400,208
1679073300,217
1679074200,239
1679075100,189
1679076000,291
1679076900,434
1679077800,286
1679078700,332
1679079600,274
1679080500,265
1679081400,346
1679082300,556
1679083200,183
1679084100,168
1679085000,190
1679085900,219
1679086800,198
1679087700,222
1679088600,102
1679089500,102
1679090400,84
1679091300,91
1679092200,88
1679093100,107
1679094000,99
1679094900,101
1679095800,82
1679096700,105
1679097600,77
1679098500,67
1679099400,58
1679100300,82
1679101200,86
1679102100,84
1679103000,70
1679103900,79
1679104800,79
1679105700,71
1679106600,77
1679107500,90
1679108400,134
1679109300,120
1679110200,110
1679111100,71
1679112000,75
1679112900,84
1679113800,74
1679114700,64
1679115600,274
1679116500,155
1679117400,248
1679118300,160
1679119200,76
1679120100,78
1679121000,70
1679121900,87
1679122800,76
1679123700,86
1679124600,69
1679125500,86
1679126400,90
1679127300,85
1679128200,77
1679129100,83
1679130000,85
1679130900,106
1679131800,91
1679132700,80
1679133600,117
1679134500,116
1679135400,172
1679136300,159
1679137200,229
1679138100,199
1679139000,197
1679139900,187
1679140800,163
1679141700,154
1679142600,158
1679143500,151
1679144400,165
1679145300,177
1679146200,165
1679147100,174
1679148000,198
1679148900,187
1679149800,177
1679150700,152
1679151600,142
1679152500,154
1679153400,145
1679154300,146
1679155200,412
1679156100,177
1679157000,155
1679157900,170
1679158800,172
1679159700,238
1679160600,245
1679161500,247
1679162400,254
1679163300,280
1679164200,264
1679165100,222
1679166000,257
1679166900,238
1679167800,260
1679168700,245
1679169600,216
1679170500,293
1679171400,178
1679172300,168
1679173200,195
1679174100,183
1679175000,147
1679175900,120
1679176800,83
1679177700,79
1679178600,93
1679179500,89
1679180400,73
1679181300,62
1679182200,67
1679183100,49
1679184000,73
1679184900,55
1679185800,56
1679186700,55
1679187600,57
1679188500,97
1679189400,75
1679190300,77
1679191200,65
1679192100,73
1679193000,74
1679193900,83
1679194800,68
1679195700,84
1679196600,76
1679197500,73
1679198400,85
1679199300,71
1679200200,73
1679201100,107
1679202000,311
1679202900,119
1679203800,226
1679204700,272
1679205600,181
1679206500,249
1679207400,178
1679208300,110
1679209200,85
1679210100,162
1679211000,173
1679211900,92
1679212800,82
1679213700,100
1679214600,113
1679215500,78
1679216400,88
1679217300,96
1679218200,135
1679219100,185
1679220000,154
1679220900,85
1679221800,108
1679222700,111
1679223600,132
1679224500,108
1679225400,116
1679226300,123
1679227200,161
1679228100,166
1679229000,263
1679229900,136
1679230800,140
1679231700,185
1679232600,401
1679233500,499
1679234400,179
1679235300,188
1679236200,164
1679237100,348
1679238000,437
1679238900,220
1679239800,190
1679240700,553
1679241600,250
1679242500,218
1679243400,453
1679244300,207
1679245200,193
1679246100,178
1679247000,178
1679247900,283
1679248800,528
1679249700,199
1679250600,207
1679251500,191
1679252400,193
1679253300,250
1679254200,222
1679255100,207
1679256000,193
1679256900,204
1679257800,193
1679258700,205
1679259600,139
1679260500,142
1679261400,103
1679262300,60
1679263200,101
1679264100,111
1679265000,70
1679265900,136
1679266800,115
1679267700,96
1679268600,63
1679269500,52
1679270400,59
1679271300,63
1679272200,75
1679273100,62
1679274000,74
1679274900,66
1679275800,70
1679276700,71
1679277600,83
1679278500,92
1679279400,124
1679280300,83
1679281200,64
1679282100,85
1679283000,72
1679283900,73
1679284800,65
1679285700,72
1679286600,89
1679287500,98
1679288400,86
1679289300,68
1679290200,74
1679291100,69
1679292000,233
1679292900,88
1679293800,399
1679294700,389
1679295600,129
1679296500,169
1679297400,335
1679298300,129
1679299200,102
1679300100,114
1679301000,98
1679301900,119
1679302800,511
1679303700,644
1679304600,631
1679305500,307
1679306400,105
1679307300,161
1679308200,145
1679309100,143
1679310000,152
1679310900,128
1679311800,157
1679312700,141
1679313600,145
1679314500,138
1679315400,136
1679316300,138
1679317200,213
1679318100,154
1679319000,261
1679319900,239
1679320800,228
1679321700,257
1679322600,274
1679323500,278
1679324400,276
1679325300,273
1679326200,254
1679327100,283
1679328000,259
1679328900,263
1679329800,253
1679330700,264
1679331600,297
1679332500,313
1679333400,287
1679334300,271
1679335200,262
1679336100,263
1679337000,271
1679337900,323
1679338800,282
1679339700,259
1679340600,215
1679341500,245
1679342400,258
1679343300,228
1679344200,222
1679345100,200
1679346000,206
1679346900,216
1679347800,142
1679348700,100
1679349600,89
1679350500,86
1679351400,77
1679352300,76
1679353200,94
1679354100,93
1679355000,90
1679355900,81
1679356800,93
1679357700,90
1679358600,90
1679359500,82
1679360400,100
1679361300,110
1679362200,93
1679363100,93
1679364000,84
1679364900,110
1679365800,103
1679366700,107
1679367600,108
1679368500,132
1679369400,166
1679370300,146
1679371200,124
1679372100,110
1679373000,112
1679373900,105
1679374800,111
1679375700,110
1679376600,118
1679377500,105
1679378400,106
1679379300,99
1679380200,104
1679381100,104
1679382000,138
1679382900,307
1679383800,129
1679384700,408
1679385600,568
1679386500,459
1679387400,853
1679388300,705
1679389200,449
1679390100,460
1679391000,421
1679391900,343
1679392800,166
1679393700,182
1679394600,387
1679395500,562
1679396400,318
1679397300,197
1679398200,336
1679399100,227
1679400000,175
1679400900,167
1679401800,184
1679402700,249
1679403600,656
1679404500,209
1679405400,201
1679406300,205
1679407200,186
1679408100,270
1679409000,204
1679409900,230
1679410800,202
1679411700,252
1679412600,418
1679413500,264
1679414400,539
1679415300,923
1679416200,909
1679417100,479
1679418000,314
1679418900,313
1679419800,312
1679420700,299
1679421600,318
1679422500,389
1679423400,379
1679424300,308
1679425200,320
1679426100,277
1679427000,296
1679427900,252
1679428800,229
1679429700,211
1679430600,200
1679431500,238
1679432400,182
1679433300,137
1679434200,126
1679435100,114
1679436000,104
1679436900,112
1679437800,85
1679438700,74
1679439600,54
1679440500,61
1679441400,54
1679442300,74
1679443200,55
1679444100,75
1679445000,139
1679445900,83
1679446800,65
1679447700,73
1679448600,65
1679449500,86
1679450400,83
1679451300,92
1679452200,104
1679453100,105
1679454000,97
1679454900,85
1679455800,120
1679456700,121
1679457600,98
1679458500,78
1679459400,97
1679460300,89
1679461200,128
1679462100,95
1679463000,275
1679463900,151
1679464800,444
1679465700,105
1679466600,89
1679467500,96
1679468400,81
1679469300,96
1679470200,75
1679471100,79
1679472000,76
1679472900,92
1679473800,76
1679474700,90
1679475600,90
1679476500,80
1679477400,94
1679478300,74
1679479200,80
1679480100,73
1679481000,124
1679481900,111
1679482800,129
1679483700,126
1679484600,205
1679485500,328
1679486400,339
1679487300,253
1679488200,147
1679489100,176
1679490000,799
1679490900,324
1679491800,770
1679492700,842
1679493600,827
1679494500,742
1679495400,514
1679496300,199
1679497200,190
1679498100,226
1679499000,205
1679499900,167
1679500800,388
1679501700,1254
1679502600,1219
1679503500,787
1679504400,399
1679505300,221
1679506200,242
1679507100,235
1679508000,227
1679508900,222
1679509800,246
1679510700,255
1679511600,253
1679512500,229
1679513400,255
1679514300,277
1679515200,245
1679516100,228
1679517000,226
1679517900,197
1679518800,193
1679519700,152
1679520600,120
1679521500,108
1679522400,103
1679523300,111
1679524200,85
1679525100,77
1679526000,70
1679526900,82
1679527800,60
1679528700,62
1679529600,61
1679530500,75
1679531400,83
1679532300,72
1679533200,63
1679534100,59
1679535000,81
1679535900,78
1679536800,81
1679537700,73
1679538600,98
1679539500,96
1679540400,81
1679541300,72
1679542200,79
1679543100,83
1679544000,89
1679544900,72
1679545800,108
1679546700,126
1679547600,134
1679548500,73
1679549400,245
1679550300,285
1679551200,87
1679552100,131
1679553000,573
1679553900,113
1679554800,284
1679555700,366
1679556600,126
1679557500,384
1679558400,192
1679559300,99
1679560200,162
1679561100,223
1679562000,169
1679562900,124
1679563800,127
1679564700,137
1679565600,128
1679566500,495
1679567400,392
1679568300,254
1679569200,446
1679570100,492
1679571000,259
1679571900,190
1679572800,176
1679573700,198
1679574600,341
1679575500,480
1679576400,317
1679577300,284
1679578200,718
1679579100,582
1679580000,259
1679580900,309
1679581800,170
1679582700,164
1679583600,146
1679584500,137
1679585400,137
1679586300,145
1679587200,159
1679588100,126
1679589000,141
1679589900,128
1679590800,157
1679591700,154
1679592600,228
1679593500,195
1679594400,188
1679595300,208
1679596200,270
1679597100,236
1679598000,214
1679598900,205
1679599800,252
1679600700,284
1679601600,182
1679602500,233
1679603400,197
1679604300,175
1679605200,181
1679606100,181
1679607000,129
1679607900,101
1679608800,91
1679609700,95
1679610600,89
1679611500,116
1679612400,91
1679613300,91
1679614200,77
1679615100,95
1679616000,84
1679616900,79
1679617800,83
1679618700,87
1679619600,130
1679620500,128
1679621400,127
1679622300,117
1679623200,160
1679624100,93
1679625000,100
1679625900,97
1679626800,103
1679627700,110
1679628600,96
1679629500,115
1679630400,107
1679631300,111
1679632200,101
1679633100,112
1679634000,262
1679634900,188
1679635800,460
1679636700,121
1679637600,115
1679638500,114
1679639400,134
1679640300,169
1679641200,145
1679642100,134
1679643000,138
1679643900,124
1679644800,134
1679645700,162
1679646600,146
1679647500,152
1679648400,165
1679649300,137
1679650200,125
1679651100,119
1679652000,224
1679652900,191
1679653800,168
1679654700,163
1679655600,178
1679656500,190
1679657400,196
1679658300,164
1679659200,234
1679660100,198
1679661000,273
1679661900,182
1679662800,303
1679663700,262
1679664600,144
1679665500,205
1679666400,183
1679667300,554
1679668200,704
1679669100,277
1679670000,139
1679670900,147
1679671800,117
1679672700,108
1679673600,111
1679674500,116
1679675400,105
1679676300,118
1679677200,115
1679678100,144
1679679000,202
1679679900,204
1679680800,218
1679681700,206
1679682600,260
1679683500,237
1679684400,197
1679685300,201
1679686200,202
1679687100,183
1679688000,188
1679688900,209
1679689800,166
1679690700,170
1679691600,144
1679692500,183
1679693400,129
1679694300,114
1679695200,100
1679696100,103
1679697000,74
1679697900,80
1679698800,72
1679699700,79
1679700600,87
1679701500,80
1679702400,72
1679703300,79
1679704200,73
1679705100,92
1679706000,94
1679706900,83
1679707800,81
1679708700,75
1679709600,94
1679710500,74
1679711400,80
1679712300,75
1679713200,85
1679714100,84
1679715000,97
1679715900,81
1679716800,88
1679717700,87
1679718600,97
1679719500,87
1679720400,260
1679721300,226
1679722200,371
1679723100,109
1679724000,111
1679724900,91
1679725800,104
1679726700,130
1679727600,127
1679728500,121
1679729400,146
1679730300,127
1679731200,172
1679732100,128
1679733000,119
1679733900,130
1679734800,175
1679735700,141
1679736600,186
1679737500,108
1679738400,153
1679739300,225
1679740200,149
1679741100,291
1679742000,163
1679742900,158
1679743800,139
1679744700,158
1679745600,136
1679746500,139
1679747400,129
1679748300,152
1679749200,160
1679750100,274
1679751000,208
1679751900,354
1679752800,128
1679753700,122
1679754600,124
1679755500,113
1679756400,115
1679757300,115
1679758200,539
1679759100,189
1679760000,154
1679760900,141
1679761800,153
1679762700,154
1679763600,142
1679764500,126
1679765400,143
1679766300,141
1679767200,207
1679768100,199
1679769000,204
1679769900,207
1679770800,196
1679771700,202
1679772600,189
1679773500,197
1679774400,230
1679775300,221
1679776200,207
1679777100,230
1679778000,218
1679778900,242
1679779800,202
1679780700,145
1679781600,104
1679782500,104
1679783400,95
1679784300,107
1679785200,100
1679786100,119
1679787000,128
1679787900,113
1679788800,113
1679789700,114
1679790600,133
1679791500,105
1679792400,120
1679793300,105
1679794200,119
1679795100,134
1679796000,128
1679796900,115
1679797800,122
1679798700,103
1679799600,118
1679800500,105
1679801400,98
1679802300,107
1679803200,101
1679804100,123
1679805000,107
1679805900,138
1679806800,198
1679807700,235
1679808600,119
1679809500,112
1679810400,98
1679811300,111
1679812200,219
1679813100,276
1679814000,241
1679814900,157
1679815800,133
1679816700,148
1679817600,182
1679818500,165
1679819400,458
1679820300,262
1679821200,196
1679822100,129
1679823000,217
1679823900,175
1679824800,473
1679825700,270
1679826600,180
1679827500,183
1679828400,163
1679829300,153
1679830200,133
1679831100,136
1679832000,365
1679832900,203
1679833800,265
1679834700,163
1679835600,320
1679836500,176
1679837400,122
1679838300,135
1679839200,123
1679840100,138
1679841000,174
1679841900,160
1679842800,177
1679843700,164
1679844600,199
1679845500,198
1679846400,159
1679847300,195
1679848200,169
1679849100,165
1679850000,152
1679850900,157
1679851800,150
1679852700,167
1679853600,179
1679854500,197
1679855400,442
1679856300,342
1679857200,271
1679858100,282
1679859000,238
1679859900,494
1679860800,322
1679861700,206
1679862600,185
1679863500,190
1679864400,155
1679865300,200
1679866200,162
1679867100,109
1679868000,75
1679868900,89
1679869800,78
1679870700,80
1679871600,79
1679872500,80
1679873400,92
1679874300,75
1679875200,113
1679876100,105
1679877000,122
1679877900,68
1679878800,72
1679879700,64
1679880600,71
1679881500,77
1679882400,73
1679883300,63
1679884200,88
1679885100,101
1679886000,96
1679886900,89
1679887800,127
1679888700,85
1679889600,93
1679890500,82
1679891400,81
1679892300,82
1679893200,87
1679894100,99
1679895000,87
1679895900,109
1679896800,93
1679897700,266
1679898600,107
1679899500,392
1679900400,174
1679901300,110
1679902200,128
1679903100,117
1679904000,129
1679904900,121
1679905800,115
1679906700,130
1679907600,118
1679908500,119
1679909400,141
1679910300,127
1679911200,137
1679912100,153
1679913000,193
1679913900,184
1679914800,172
1679915700,168
1679916600,155
1679917500,198
1679918400,192
1679919300,184
1679920200,167
1679921100,181
1679922000,192
1679922900,238
1679923800,225
1679924700,296
1679925600,204
1679926500,201
1679927400,238
1679928300,236
1679929200,248
1679930100,248
1679931000,248
1679931900,275
1679932800,264
1679933700,251
1679934600,273
1679935500,284
1679936400,316
1679937300,313
1679938200,314
1679939100,262
1679940000,255
1679940900,285
1679941800,426
1679942700,407
1679943600,402
1679944500,304
1679945400,241
1679946300,262
1679947200,249
1679948100,267
1679949000,325
1679949900,253
1679950800,194
1679951700,128
1679952600,103
1679953500,88
1679954400,57
1679955300,64
1679956200,58
1679957100,77
1679958000,57
1679958900,63
1679959800,56
1679960700,91
1679961600,69
1679962500,73
1679963400,57
1679964300,78
1679965200,57
1679966100,70
1679967000,63
1679967900,87
1679968800,67
1679969700,137
1679970600,165
1679971500,178
1679972400,134
1679973300,128
1679974200,127
1679975100,131
1679976000,97
1679976900,84
1679977800,78
1679978700,85
1679979600,92
1679980500,103
1679981400,129
1679982300,128
1679983200,141
1679984100,146
1679985000,229
1679985900,72
1679986800,89
1679987700,114
1679988600,451
1679989500,354
1679990400,326
1679991300,293
1679992200,340
1679993100,309
1679994000,222
1679994900,296
1679995800,205
1679996700,203
1679997600,214
1679998500,340
1679999400,392
1680000300,248
1680001200,196
1680002100,203
1680003000,180
1680003900,464
1680004800,344
1680005700,240
1680006600,171
1680007500,201
1680008400,167
1680009300,182
1680010200,163
1680011100,317
1680012000,174
1680012900,161
1680013800,167
1680014700,165
1680015600,154
1680016500,152
1680017400,164
1680018300,159
1680019200,153
1680020100,144
1680021000,145
1680021900,145
1680022800,170
1680023700,221
1680024600,249
1680025500,272
1680026400,282
1680027300,270
1680028200,242
1680029100,222
1680030000,256
1680030900,232
1680031800,218
1680032700,237
1680033600,213
1680034500,162
1680035400,153
1680036300,142
1680037200,119
1680038100,100
1680039000,124
1680039900,87
1680040800,87
1680041700,76
1680042600,87
1680043500,83
1680044400,81
1680045300,81
1680046200,90
1680047100,91
1680048000,91
1680048900,78
1680049800,71
1680050700,84
1680051600,74
1680052500,80
1680053400,69
1680054300,82
1680055200,69
1680056100,81
1680057000,79
1680057900,98
1680058800,88
1680059700,89
1680060600,117
1680061500,122
1680062400,131
1680063300,86
1680064200,84
1680065100,114
1680066000,470
1680066900,237
1680067800,122
1680068700,91
1680069600,88
1680070500,96
1680071400,119
1680072300,696
1680073200,652
1680074100,312
1680075000,116
1680075900,119
1680076800,114
1680077700,139
1680078600,162
1680079500,109
1680080400,99
1680081300,117
1680082200,136
1680083100,137
1680084000,134
1680084900,141
1680085800,139
1680086700,142
1680087600,148
1680088500,161
1680089400,156
1680090300,153
1680091200,171
1680092100,162
1680093000,142
1680093900,138
1680094800,142
1680095700,142
1680096600,152
1680097500,158
1680098400,190
1680099300,249
1680100200,151
1680101100,150
1680102000,152
1680102900,145
1680103800,129
1680104700,165
1680105600,609
1680106500,951
1680107400,827
1680108300,1119
1680109200,815
1680110100,1099
1680111000,494
1680111900,332
1680112800,875
1680113700,1231
1680114600,790
1680115500,672
1680116400,274
1680117300,273
1680118200,237
1680119100,234
1680120000,203
1680120900,126
1680121800,122
1680122700,130
1680123600,129
1680124500,104
1680125400,101
1680126300,94
1680127200,103
1680128100,108
1680129000,105
1680129900,97
1680130800,101
1680131700,100
1680132600,133
1680133500,101
1680134400,106
1680135300,93
1680136200,102
1680137100,118
1680138000,126
1680138900,108
1680139800,117
1680140700,115
1680141600,131
1680142500,129
1680143400,113
1680144300,137
1680145200,121
1680146100,126
1680147000,138
1680147900,100
1680148800,78
1680149700,82
1680150600,99
1680151500,1054
1680152400,738
1680153300,690
1680154200,954
1680155100,199
1680156000,203
1680156900,468
1680157800,92
1680158700,523
1680159600,129
1680160500,380
1680161400,827
1680162300,516
1680163200,792
1680164100,168
1680165000,399
1680165900,970
1680166800,625
1680167700,170
1680168600,161
1680169500,176
1680170400,348
1680171300,268
1680172200,271
1680173100,152
1680174000,406
1680174900,217
1680175800,184
1680176700,417
1680177600,323
1680178500,133
1680179400,254
1680180300,180
1680181200,163
1680182100,119
1680183000,156
1680183900,172
1680184800,169
1680185700,175
1680186600,175
1680187500,161
1680188400,162
1680189300,181
1680190200,175
1680191100,183
1680192000,173
1680192900,193
1680193800,595
1680194700,494
1680195600,606
1680196500,495
1680197400,502
1680198300,307
1680199200,303
1680200100,345
1680201000,326
1680201900,306
1680202800,314
1680203700,325
1680204600,294
1680205500,246
1680206400,215
1680207300,195
1680208200,191
1680209100,215
1680210000,199
1680210900,202
1680211800,101
1680212700,109
1680213600,97
1680214500,99
1680215400,115
1680216300,103
1680217200,122
1680218100,100
1680219000,109
1680219900,98
1680220800,109
1680221700,114
1680222600,103
1680223500,106
1680224400,117
1680225300,112
1680226200,119
1680227100,98
1680228000,109
1680228900,103
1680229800,154
1680230700,155
1680231600,148
1680232500,117
1680233400,101
1680234300,113
1680235200,104
1680236100,108
1680237000,98
1680237900,271
1680238800,379
1680239700,349
1680240600,121
1680241500,526
1680242400,118
1680243300,349
1680244200,306
1680245100,140
1680246000,122
1680246900,394
1680247800,366
1680248700,162
1680249600,154
1680250500,152
1680251400,166
1680252300,124
1680253200,267
1680254100,228
1680255000,183
1680255900,202
1680256800,214
1680257700,450
1680258600,182
1680259500,172
1680260400,184
1680261300,182
1680262200,302
1680263100,824
1680264000,198
1680264900,206
1680265800,445
1680266700,326
1680267600,504
1680268500,555
1680269400,458
1680270300,215
1680271200,202
1680272100,203
1680273000,179
1680273900,219
1680274800,229
1680275700,281
1680276600,216
1680277500,208
1680278400,205
1680279300,182
1680280200,152
1680281100,187
1680282000,221
1680282900,759
1680283800,603
1680284700,631
1680285600,738
1680286500,282
1680287400,256
1680288300,284
1680289200,294
1680290100,284
1680291000,346
1680291900,220
1680292800,197
1680293700,168
1680294600,203
1680295500,173
1680296400,138
1680297300,134
1680298200,145
1680299100,163
1680300000,116
1680300900,118
1680301800,109
1680302700,107
1680303600,112
1680304500,107
1680305400,95
1680306300,104
1680307200,108
1680308100,136
1680309000,124
1680309900,118
1680310800,112
1680311700,116
1680312600,126
1680313500,111
1680314400,114
1680315300,119
1680316200,120
1680317100,125
1680318000,111
1680318900,96
1680319800,114
1680320700,109
1680321600,305
1680322500,348
1680323400,185
1680324300,506
1680325200,855
1680326100,823
1680327000,801
1680327900,743
1680328800,1001
1680329700,231
1680330600,166
1680331500,158
1680332400,127
1680333300,281
1680334200,385
1680335100,115
1680336000,137
1680336900,171
1680337800,183
1680338700,182
1680339600,166
1680340500,219
1680341400,212
1680342300,251
1680343200,220
1680344100,230
1680345000,234
1680345900,220
1680346800,236
1680347700,174
1680348600,167
1680349500,169
1680350400,175
1680351300,177
1680352200,186
1680353100,171
1680354000,191
1680354900,176
1680355800,170
1680356700,190
1680357600,237
1680358500,215
1680359400,192
1680360300,187
1680361200,173
1680362100,185
1680363000,186
1680363900,187
1680364800,188
1680365700,195
1680366600,204
1680367500,224
1680368400,190
1680369300,193
1680370200,189
1680371100,197
1680372000,216
1680372900,226
1680373800,205
1680374700,208
1680375600,195
1680376500,203
1680377400,181
1680378300,191
1680379200,136
1680380100,137
1680381000,118
1680381900,101
1680382800,92
1680383700,89
1680384600,109
1680385500,86
1680386400,93
1680387300,92
1680388200,117
1680389100,105
1680390000,101
1680390900,92
1680391800,103
1680392700,97
1680393600,95
1680394500,85
1680395400,117
1680396300,106
1680397200,118
1680398100,140
1680399000,106
1680399900,99
1680400800,122
1680401700,129
1680402600,123
1680403500,123
1680404400,112
1680405300,104
1680406200,137
1680407100,145
1680408000,152
1680408900,297
1680409800,139
1680410700,193
1680411600,287
1680412500,123
1680413400,99
1680414300,104
1680415200,112
1680416100,136
1680417000,302
1680417900,306
1680418800,276
1680419700,317
1680420600,182
1680421500,284
1680422400,536
1680423300,234
1680424200,508
1680425100,743
1680426000,376
1680426900,247
1680427800,260
1680428700,257
1680429600,212
1680430500,196
1680431400,204
1680432300,205
1680433200,277
1680434100,214
1680435000,184
1680435900,190
1680436800,233
1680437700,222
1680438600,245
1680439500,232
1680440400,222
1680441300,217
1680442200,234
1680443100,222
1680444000,223
1680444900,274
1680445800,290
1680446700,276
1680447600,314
1680448500,463
1680449400,325
1680450300,373
1680451200,978
1680452100,833
1680453000,718
1680453900,1063
1680454800,290
1680455700,220
1680456600,215
1680457500,206
1680458400,199
1680459300,197
1680460200,182
1680461100,165
1680462000,179
1680462900,152
1680463800,158
1680464700,136
1680465600,141
1680466500,107
1680467400,144
1680468300,159
1680469200,128
1680470100,132
1680471000,136
1680471900,165
1680472800,107
1680473700,110
1680474600,88
1680475500,110
1680476400,97
1680477300,103
1680478200,96
1680479100,117
1680480000,134
1680480900,121
1680481800,102
1680482700,113
1680483600,107
1680484500,117
1680485400,118
1680486300,120
1680487200,115
1680488100,103
1680489000,130
1680489900,125
1680490800,127
1680491700,94
1680492600,97
1680493500,110
1680494400,113
1680495300,86
1680496200,96
1680497100,89
1680498000,96
1680498900,107
1680499800,254
1680500700,680
1680501600,1065
1680502500,295
1680503400,169
1680504300,181
1680505200,125
1680506100,148
1680507000,178
1680507900,192
1680508800,133
1680509700,115
1680510600,100
1680511500,108
1680512400,119
1680513300,123
1680514200,136
1680515100,152
1680516000,153
1680516900,145
1680517800,155
1680518700,138
1680519600,145
1680520500,140
1680521400,153
1680522300,165
1680523200,160
1680524100,136
1680525000,1103
1680525900,798
1680526800,796
1680527700,1159
1680528600,1124
1680529500,761
1680530400,1055
1680531300,724
1680532200,574
1680533100,313
1680534000,287
1680534900,248
1680535800,188
1680536700,199
1680537600,186
1680538500,192
1680539400,198
1680540300,276
1680541200,266
1680542100,261
1680543000,245
1680543900,265
1680544800,279
1680545700,269
1680546600,231
1680547500,263
1680548400,267
1680549300,260
1680550200,293
1680551100,258
1680552000,221
1680552900,346
1680553800,211
1680554700,166
1680555600,133
1680556500,89
1680557400,89
1680558300,72
1680559200,88
1680560100,83
1680561000,98
1680561900,78
1680562800,81
1680563700,73
1680564600,85
1680565500,94
1680566400,93
1680567300,87
1680568200,80
1680569100,78
1680570000,96
1680570900,77
1680571800,94
1680572700,107
1680573600,106
1680574500,112
1680575400,90
1680576300,143
1680577200,119
1680578100,109
1680579000,128
1680579900,114
1680580800,102
1680581700,100
1680582600,99
1680583500,104
1680584400,92
1680585300,96
1680586200,197
1680587100,128
1680588000,135
1680588900,134
1680589800,282
1680590700,256
1680591600,253
1680592500,112
1680593400,122
1680594300,111
1680595200,105
1680596100,400
1680597000,261
1680597900,117
1680598800,153
1680599700,163
1680600600,140
1680601500,153
1680602400,159
1680603300,156
1680604200,131
1680605100,145
1680606000,138
1680606900,155
1680607800,158
1680608700,168
1680609600,150
1680610500,151
1680611400,141
1680612300,135
1680613200,131
1680614100,144
1680615000,147
1680615900,159
1680616800,148
1680617700,139
1680618600,130
1680619500,134
1680620400,133
1680621300,133
1680622200,173
1680623100,177
1680624000,145
1680624900,133
1680625800,130
1680626700,121
1680627600,127
1680628500,133
1680629400,140
1680630300,120
1680631200,129
1680632100,143
1680633000,239
1680633900,295
1680634800,290
1680635700,278
1680636600,274
1680637500,233
1680638400,233
1680639300,197
1680640200,198
1680641100,175
1680642000,109
1680642900,97
1680643800,107
1680644700,73
1680645600,73
1680646500,76
1680647400,75
1680648300,75
1680649200,82
1680650100,108
1680651000,103
1680651900,103
1680652800,180
1680653700,128
1680654600,125
1680655500,112
1680656400,103
1680657300,126
1680658200,125
1680659100,113
1680660000,105
1680660900,97
1680661800,88
1680662700,96
1680663600,84
1680664500,103
1680665400,99
1680666300,97
1680667200,95
1680668100,119
1680669000,124
1680669900,162
1680670800,247
1680671700,297
1680672600,125
1680673500,519
1680674400,286
1680675300,224
1680676200,250
1680677100,173
1680678000,836
1680678900,643
1680679800,764
1680680700,830
1680681600,851
1680682500,569
1680683400,504
1680684300,712
1680685200,503
1680686100,718
1680687000,341
1680687900,427
1680688800,311
1680689700,298
1680690600,230
1680691500,235
1680692400,247
1680693300,235
1680694200,402
1680695100,229
1680696000,229
1680696900,239
1680697800,271
1680698700,304
1680699600,607
1680700500,214
1680701400,216
1680702300,177
1680703200,181
1680704100,194
1680705000,201
1680705900,328
1680706800,181
1680707700,191
1680708600,222
1680709500,183
1680710400,174
1680711300,472
1680712200,192
1680713100,186
1680714000,170
1680714900,186
1680715800,195
1680716700,218
1680717600,221
1680718500,223
1680719400,210
1680720300,203
1680721200,203
1680722100,211
1680723000,215
1680723900,227
1680724800,173
1680725700,151
1680726600,158
1680727500,133
1680728400,125
1680729300,109
1680730200,134
1680731100,142
1680732000,136
1680732900,188
1680733800,140
1680734700,125
1680735600,123
1680736500,130
1680737400,119
1680738300,151
1680739200,143
1680740100,107
1680741000,97
1680741900,98
1680742800,112
1680743700,104
1680744600,115
1680745500,130
1680746400,168
1680747300,154
1680748200,131
1680749100,95
1680750000,95
1680750900,97
1680751800,90
1680752700,96
1680753600,96
1680754500,129
1680755400,148
1680756300,355
1680757200,164
1680758100,164
1680759000,500
1680759900,241
1680760800,487
1680761700,274
1680762600,167
1680763500,383
1680764400,160
1680765300,146
1680766200,825
1680767100,427
1680768000,234
1680768900,402
1680769800,1019
1680770700,746
1680771600,723
1680772500,548
1680773400,330
1680774300,324
1680775200,238
1680776100,327
1680777000,217
1680777900,419
1680778800,190
1680779700,176
1680780600,214
1680781500,245
1680782400,458
1680783300,448
1680784200,243
1680785100,390
1680786000,164
1680786900,167
1680787800,308
1680788700,862
1680789600,1131
1680790500,834
1680791400,748
1680792300,1017
1680793200,182
1680794100,214
1680795000,181
1680795900,199
1680796800,193
1680797700,201
1680798600,229
1680799500,232
1680800400,205
1680801300,203
1680802200,205
1680803100,229
1680804000,206
1680804900,200
1680805800,195
1680806700,456
1680807600,557
1680808500,183
1680809400,218
1680810300,179
1680811200,421
1680812100,327
1680813000,173
1680813900,172
1680814800,156
1680815700,154
1680816600,178
1680817500,144
1680818400,124
1680819300,100
1680820200,88
1680821100,114
1680822000,119
1680822900,113
1680823800,94
1680824700,88
1680825600,90
1680826500,80
1680827400,90
1680828300,98
1680829200,96
1680830100,114
1680831000,102
1680831900,101
1680832800,87
1680833700,86
1680834600,86
1680835500,93
1680836400,88
1680837300,99
1680838200,122
1680839100,108
1680840000,104
1680840900,110
1680841800,114
1680842700,189
1680843600,252
1680844500,248
1680845400,289
1680846300,174
1680847200,394
1680848100,198
1680849000,163
1680849900,166
1680850800,131
1680851700,100
1680852600,105
1680853500,118
1680854400,133
1680855300,110
1680856200,95
1680857100,106
1680858000,113
1680858900,136
1680859800,139
1680860700,145
1680861600,161
1680862500,164
1680863400,154
1680864300,138
1680865200,149
1680866100,130
1680867000,137
1680867900,158
1680868800,167
1680869700,247
1680870600,181
1680871500,183
1680872400,155
1680873300,170
1680874200,435
1680875100,444
1680876000,498
1680876900,402
1680877800,205
1680878700,416
1680879600,201
1680880500,337
1680881400,440
1680882300,225
1680883200,188
1680884100,181
1680885000,359
1680885900,672
1680886800,842
1680887700,675
1680888600,669
1680889500,743
1680890400,706
1680891300,641
1680892200,611
1680893100,667
1680894000,318
1680894900,230
1680895800,257
1680896700,273
1680897600,462
1680898500,202
1680899400,202
1680900300,206
1680901200,186
1680902100,184
1680903000,572
1680903900,206
1680904800,110
1680905700,99
1680906600,96
1680907500,104
1680908400,105
1680909300,89
1680910200,115
1680911100,122
1680912000,130
1680912900,91
1680913800,102
1680914700,93
1680915600,108
1680916500,97
1680917400,127
1680918300,136
1680919200,139
1680920100,147
1680921000,125
1680921900,114
1680922800,87
1680923700,110
1680924600,99
1680925500,111
1680926400,122
1680927300,250
1680928200,253
1680929100,147
1680930000,102
1680930900,111
1680931800,147
1680932700,139
1680933600,111
1680934500,119
1680935400,100
1680936300,165
1680937200,154
1680938100,136
1680939000,120
1680939900,137
1680940800,131
1680941700,120
1680942600,134
1680943500,107
1680944400,141
1680945300,141
1680946200,158
1680947100,151
1680948000,149
1680948900,282
1680949800,181
1680950700,207
1680951600,244
1680952500,447
1680953400,269
1680954300,210
1680955200,158
1680956100,172
1680957000,161
1680957900,576
1680958800,194
1680959700,146
1680960600,170
1680961500,189
1680962400,195
1680963300,201
1680964200,205
1680965100,257
1680966000,206
1680966900,193
1680967800,168
1680968700,160
1680969600,146
1680970500,171
1680971400,157
1680972300,170
1680973200,191
1680974100,191
1680975000,183
1680975900,167
1680976800,178
1680977700,171
1680978600,185
1680979500,173
1680980400,211
1680981300,192
1680982200,180
1680983100,177
1680984000,190
1680984900,140
1680985800,134
1680986700,127
1680987600,122
1680988500,109
1680989400,96
1680990300,110
1680991200,93
1680992100,113
1680993000,120
1680993900,147
1680994800,126
1680995700,96
1680996600,99
1680997500,101
1680998400,89
1680999300,95
1681000200,87
1681001100,108
1681002000,107
1681002900,99
1681003800,92
1681004700,89
1681005600,104
1681006500,93
1681007400,101
1681008300,97
1681009200,104
1681010100,112
1681011000,104
1681011900,87
1681012800,206
1681013700,165
1681014600,195
1681015500,139
1681016400,247
1681017300,204
1681018200,176
1681019100,145
1681020000,141
1681020900,125
1681021800,149
1681022700,155
1681023600,165
1681024500,498
1681025400,348
1681026300,147
1681027200,152
1681028100,270
1681029000,266
1681029900,608
1681030800,158
1681031700,178
1681032600,196
1681033500,168
1681034400,174
1681035300,157
1681036200,150
1681037100,170
1681038000,163
1681038900,231
1681039800,177
1681040700,193
1681041600,159
1681042500,171
1681043400,157
1681044300,161
1681045200,155
1681046100,160
1681047000,156
1681047900,152
1681048800,144
1681049700,146
1681050600,132
1681051500,139
1681052400,132
1681053300,149
1681054200,149
1681055100,164
1681056000,174
1681056900,170
1681057800,186
1681058700,173
1681059600,209
1681060500,347
1681061400,235
1681062300,202
1681063200,271
1681064100,317
1681065000,292
1681065900,260
1681066800,273
1681067700,234
1681068600,196
1681069500,262
1681070400,268
1681071300,220
1681072200,212
1681073100,187
1681074000,172
1681074900,157
1681075800,86
1681076700,81
1681077600,70
1681078500,87
1681079400,97
1681080300,93
1681081200,98
1681082100,107
1681083000,91
1681083900,103
1681084800,85
1681085700,95
1681086600,89
1681087500,107
1681088400,96
1681089300,106
1681090200,94
1681091100,93
1681092000,103
1681092900,97
1681093800,107
1681094700,117
1681095600,100
1681096500,166
1681097400,148
1681098300,126
1681099200,127
1681100100,100
1681101000,100
1681101900,93
1681102800,92
1681103700,100
1681104600,112
1681105500,156
1681106400,206
1681107300,308
1681108200,269
1681109100,114
1681110000,219
1681110900,284
1681111800,151
1681112700,170
1681113600,597
1681114500,251
1681115400,438
1681116300,288
1681117200,725
1681118100,288
1681119000,184
1681119900,190
1681120800,252
1681121700,760
1681122600,765
1681123500,473
1681124400,282
1681125300,215
1681126200,244
1681127100,217
1681128000,318
1681128900,555
1681129800,345
1681130700,211
1681131600,198
1681132500,292
1681133400,244
1681134300,251
1681135200,197
1681136100,710
1681137000,981
1681137900,846
1681138800,772
1681139700,753
1681140600,718
1681141500,309
1681142400,169
1681143300,165
1681144200,201
1681145100,279
1681146000,270
1681146900,340
1681147800,262
1681148700,348
1681149600,266
1681150500,256
1681151400,270
1681152300,283
1681153200,261
1681154100,221
1681155000,193
1681155900,216
1681156800,194
1681157700,168
1681158600,165
1681159500,150
1681160400,98
1681161300,95
1681162200,97
1681163100,116
1681164000,88
1681164900,95
1681165800,108
1681166700,109
1681167600,97
1681168500,96
1681169400,106
1681170300,101
1681171200,114
1681172100,118
1681173000,105
1681173900,77
1681174800,77
1681175700,68
1681176600,79
1681177500,62
1681178400,69
1681179300,57
1681180200,87
1681181100,61
1681182000,83
1681182900,76
1681183800,145
1681184700,79
1681185600,83
1681186500,93
1681187400,133
1681188300,117
1681189200,94
1681190100,105
1681191000,112
1681191900,204
1681192800,95
1681193700,93
1681194600,129
1681195500,180
1681196400,116
1681197300,181
1681198200,154
1681199100,156
1681200000,677
1681200900,461
1681201800,398
1681202700,353
1681203600,298
1681204500,236
1681205400,188
1681206300,193
1681207200,191
1681208100,540
1681209000,525
1681209900,250
1681210800,230
1681211700,204
1681212600,184
1681213500,197
1681214400,177
1681215300,333
1681216200,273
1681217100,239
1681218000,211
1681218900,226
1681219800,212
1681220700,604
1681221600,326
1681222500,287
1681223400,283
1681224300,226
1681225200,197
1681226100,239
1681227000,271
1681227900,306
1681228800,286
1681229700,261
1681230600,257
1681231500,237
1681232400,225
1681233300,237
1681234200,244
1681235100,398
1681236000,199
1681236900,171
1681237800,146
1681238700,192
1681239600,159
1681240500,199
1681241400,190
1681242300,170
1681243200,155
1681244100,140
1681245000,134
1681245900,137
1681246800,115
1681247700,116
1681248600,70
1681249500,75
1681250400,64
1681251300,63
1681252200,55
1681253100,72
1681254000,59
1681254900,68
1681255800,70
1681256700,139
1681257600,63
1681258500,70
1681259400,63
1681260300,81
1681261200,66
1681262100,86
1681263000,91
1681263900,101
1681264800,70
1681265700,72
1681266600,89
1681267500,88
1681268400,84
1681269300,75
1681270200,96
1681271100,103
1681272000,87
1681272900,79
1681273800,83
1681274700,89
1681275600,105
1681276500,312
1681277400,259
1681278300,353
1681279200,115
1681280100,104
1681281000,111
1681281900,111
1681282800,101
1681283700,98
1681284600,105
1681285500,102
1681286400,226
1681287300,756
1681288200,672
1681289100,259
1681290000,87
1681290900,112
1681291800,115
1681292700,129
1681293600,123
1681294500,191
1681295400,571
1681296300,279
1681297200,217
1681298100,209
1681299000,206
1681299900,195
1681300800,430
1681301700,216
1681302600,166
1681303500,191
1681304400,543
1681305300,986
1681306200,1093
1681307100,700
1681308000,419
1681308900,211
1681309800,221
1681310700,176
1681311600,191
1681312500,207
1681313400,204
1681314300,190
1681315200,179
1681316100,182
1681317000,853
1681317900,796
1681318800,801
1681319700,526
1681320600,251
1681321500,282
1681322400,273
1681323300,228
1681324200,225
1681325100,209
1681326000,220
1681326900,251
1681327800,252
1681328700,202
1681329600,182
1681330500,176
1681331400,131
1681332300,133
1681333200,119
1681334100,122
1681335000,92
1681335900,97
1681336800,90
1681337700,106
1681338600,82
1681339500,87
1681340400,92
1681341300,101
1681342200,64
1681343100,67
1681344000,64
1681344900,78
1681345800,66
1681346700,75
1681347600,83
1681348500,99
1681349400,109
1681350300,87
1681351200,89
1681352100,87
1681353000,83
1681353900,78
1681354800,91
1681355700,98
1681356600,144
1681357500,123
1681358400,116
1681359300,87
1681360200,212
1681361100,152
1681362000,96
1681362900,102
1681363800,104
1681364700,90
1681365600,75
1681366500,80
1681367400,86
1681368300,143
1681369200,267
1681370100,224
1681371000,122
1681371900,116
1681372800,408
1681373700,874
1681374600,533
1681375500,323
1681376400,436
1681377300,157
1681378200,150
1681379100,175
1681380000,232
1681380900,205
1681381800,574
1681382700,158
1681383600,167
1681384500,135
1681385400,128
1681386300,112
1681387200,154
1681388100,160
1681389000,173
1681389900,155
1681390800,266
1681391700,157
1681392600,317
1681393500,175
1681394400,154
1681395300,184
1681396200,166
1681397100,200
1681398000,190
1681398900,202
1681399800,199
1681400700,219
1681401600,185
1681402500,182
1681403400,225
1681404300,1548
1681405200,2082
1681406100,1724
1681407000,1019
1681407900,1091
1681408800,619
1681409700,2193
1681410600,2199
1681411500,1181
1681412400,1343
1681413300,1110
1681414200,1266
1681415100,915
1681416000,193
1681416900,185
1681417800,196
1681418700,162
1681419600,141
1681420500,98
1681421400,111
1681422300,102
1681423200,95
1681424100,109
1681425000,129
1681425900,102
1681426800,63
1681427700,72
1681428600,69
1681429500,78
1681430400,61
1681431300,77
1681432200,87
1681433100,109
1681434000,83
1681434900,84
1681435800,100
1681436700,146
1681437600,119
1681438500,115
1681439400,114
1681440300,94
1681441200,103
1681442100,98
1681443000,95
1681443900,83
1681444800,86
1681445700,74
1681446600,83
1681447500,116
1681448400,403
1681449300,297
1681450200,289
1681451100,316
1681452000,267
1681452900,399
1681453800,130
1681454700,101
1681455600,130
1681456500,133
1681457400,134
1681458300,543
1681459200,120
1681460100,146
1681461000,120
1681461900,95
1681462800,91
1681463700,138
1681464600,128
1681465500,130
1681466400,127
1681467300,127
1681468200,140
1681469100,123
1681470000,130
1681470900,129
1681471800,154
1681472700,130
1681473600,149
1681474500,178
1681475400,198
1681476300,190
1681477200,185
1681478100,188
1681479000,185
1681479900,172
1681480800,188
1681481700,564
1681482600,416
1681483500,435
1681484400,459
1681485300,235
1681486200,171
1681487100,149
1681488000,164
1681488900,162
1681489800,201
1681490700,243
1681491600,235
1681492500,205
1681493400,215
1681494300,230
1681495200,294
1681496100,335
1681497000,305
1681497900,262
1681498800,230
1681499700,220
1681500600,220
1681501500,203
1681502400,199
1681503300,185
1681504200,178
1681505100,175
1681506000,136
1681506900,148
1681507800,111
1681508700,110
1681509600,100
1681510500,119
1681511400,116
1681512300,95
1681513200,88
1681514100,106
1681515000,113
1681515900,112
1681516800,95
1681517700,119
1681518600,107
1681519500,99
1681520400,92
1681521300,90
1681522200,81
1681523100,81
1681524000,96
1681524900,78
1681525800,99
1681526700,97
1681527600,138
1681528500,113
1681529400,104
1681530300,85
1681531200,124
1681532100,161
1681533000,437
1681533900,392
1681534800,237
1681535700,148
1681536600,110
1681537500,326
1681538400,130
1681539300,125
1681540200,137
1681541100,147
1681542000,134
1681542900,502
1681543800,107
1681544700,117
1681545600,108
1681546500,118
1681547400,181
1681548300,213
1681549200,216
1681550100,186
1681551000,152
1681551900,198
1681552800,230
1681553700,264
1681554600,189
1681555500,202
1681556400,228
1681557300,184
1681558200,171
1681559100,156
1681560000,171
1681560900,145
1681561800,230
1681562700,222
1681563600,223
1681564500,173
1681565400,163
1681566300,158
1681567200,171
1681568100,168
1681569000,204
1681569900,179
1681570800,193
1681571700,180
1681572600,196
1681573500,212
1681574400,189
1681575300,207
1681576200,208
1681577100,231
1681578000,220
1681578900,226
1681579800,269
1681580700,455
1681581600,489
1681582500,303
1681583400,313
1681584300,368
1681585200,325
1681586100,369
1681587000,225
1681587900,203
1681588800,119
1681589700,381
1681590600,205
1681591500,84
1681592400,59
1681593300,67
1681594200,76
1681595100,70
1681596000,77
1681596900,82
1681597800,82
1681598700,65
1681599600,70
1681600500,70
1681601400,85
1681602300,65
1681603200,88
1681604100,84
1681605000,120
1681605900,92
1681606800,74
1681607700,77
1681608600,96
1681609500,84
1681610400,93
1681611300,101
1681612200,101
1681613100,106
1681614000,114
1681614900,130
1681615800,114
1681616700,85
1681617600,273
1681618500,127
1681619400,120
1681620300,93
1681621200,97
1681622100,114
1681623000,293
1681623900,182
1681624800,147
1681625700,103
1681626600,140
1681627500,110
1681628400,150
1681629300,241
1681630200,97
1681631100,110
1681632000,93
1681632900,134
1681633800,100
1681634700,239
1681635600,153
1681636500,119
1681637400,127
1681638300,145
1681639200,142
1681640100,212
1681641000,176
1681641900,159
1681642800,183
1681643700,247
1681644600,177
1681645500,167
1681646400,187
1681647300,177
1681648200,297
1681649100,286
1681650000,189
1681650900,513
1681651800,470
1681652700,193
1681653600,220
1681654500,262
1681655400,262
1681656300,511
1681657200,208
1681658100,299
1681659000,227
1681659900,232
1681660800,209
1681661700,206
1681662600,224
1681663500,217
1681664400,279
1681665300,209
1681666200,192
1681667100,353
1681668000,758
1681668900,669
1681669800,315
1681670700,249
1681671600,271
1681672500,194
1681673400,212
1681674300,303
1681675200,212
1681676100,161
1681677000,163
1681677900,154
1681678800,85
1681679700,65
1681680600,60
1681681500,73
1681682400,75
1681683300,67
1681684200,63
1681685100,84
1681686000,85
1681686900,73
1681687800,62
1681688700,73
1681689600,73
1681690500,73
1681691400,77
1681692300,88
1681693200,104
1681694100,87
1681695000,111
1681695900,140
1681696800,135
1681697700,142
1681698600,125
1681699500,105
1681700400,126
1681701300,328
1681702200,173
1681703100,165
1681704000,100
1681704900,86
1681705800,89
1681706700,96
1681707600,91
1681708500,90
1681709400,91
1681710300,92
1681711200,104
1681712100,137
1681713000,159
1681713900,140
1681714800,271
1681715700,237
1681716600,133
1681717500,134
1681718400,148
1681719300,122
1681720200,397
1681721100,438
1681722000,318
1681722900,209
1681723800,122
1681724700,124
1681725600,150
1681726500,134
1681727400,132
1681728300,164
1681729200,142
1681730100,159
1681731000,130
1681731900,147
1681732800,143
1681733700,198
1681734600,375
1681735500,142
1681736400,177
1681737300,353
1681738200,1399
1681739100,1258
1681740000,1212
1681740900,1097
1681741800,585
1681742700,582
1681743600,601
1681744500,630
1681745400,341
1681746300,244
1681747200,257
1681748100,241
1681749000,251
1681749900,225
1681750800,241
1681751700,240
1681752600,254
1681753500,223
1681754400,233
1681755300,228
1681756200,231
1681757100,186
1681758000,222
1681758900,368
1681759800,302
1681760700,221
1681761600,159
1681762500,148
1681763400,134
1681764300,101
1681765200,75
1681766100,85
1681767000,74
1681767900,60
1681768800,63
1681769700,74
1681770600,61
1681771500,65
1681772400,63
1681773300,92
1681774200,70
1681775100,70
1681776000,60
1681776900,82
1681777800,58
1681778700,70
1681779600,63
1681780500,101
1681781400,95
1681782300,124
1681783200,102
1681784100,126
1681785000,112
1681785900,102
1681786800,99
1681787700,98
1681788600,2703
1681789500,2732
1681790400,2688
1681791300,1566
1681792200,1617
1681793100,1439
1681794000,1090
1681794900,956
1681795800,533
1681796700,561
1681797600,715
1681798500,491
1681799400,542
1681800300,495
1681801200,549
1681802100,536
1681803000,409
1681803900,145
1681804800,222
1681805700,176
1681806600,376
1681807500,344
1681808400,195
1681809300,307
1681810200,174
1681811100,425
1681812000,191
1681812900,240
1681813800,191
1681814700,195
1681815600,254
1681816500,561
1681817400,176
1681818300,171
1681819200,179
1681820100,176
1681821000,173
1681821900,173
1681822800,179
1681823700,173
1681824600,165
1681825500,164
1681826400,162
1681827300,148
1681828200,134
1681829100,143
1681830000,140
1681830900,142
1681831800,114
1681832700,124
1681833600,116
1681834500,167
1681835400,177
1681836300,184
1681837200,557
1681838100,674
1681839000,625
1681839900,610
1681840800,559
1681841700,529
1681842600,177
1681843500,157
1681844400,121
1681845300,153
1681846200,144
1681847100,137
1681848000,143
1681848900,137
1681849800,132
1681850700,134
1681851600,121
1681852500,105
1681853400,72
1681854300,60
1681855200,72
1681856100,75
1681857000,67
1681857900,132
1681858800,81
1681859700,78
1681860600,80
1681861500,81
1681862400,83
1681863300,98
1681864200,74
1681865100,99
1681866000,93
1681866900,95
1681867800,75
1681868700,80
1681869600,85
1681870500,90
1681871400,85
1681872300,85
1681873200,94
1681874100,105
1681875000,85
1681875900,77
1681876800,86
1681877700,122
1681878600,125
1681879500,241
1681880400,566
1681881300,382
1681882200,404
1681883100,660
1681884000,137
1681884900,146
1681885800,131
1681886700,142
1681887600,137
1681888500,148
1681889400,194
1681890300,146
1681891200,136
1681892100,156
1681893000,163
1681893900,143
1681894800,136
1681895700,147
1681896600,170
1681897500,164
1681898400,168
1681899300,176
1681900200,599
1681901100,742
1681902000,751
1681902900,570
1681903800,207
1681904700,232
1681905600,213
1681906500,209
1681907400,178
1681908300,160
1681909200,164
1681910100,165
1681911000,212
1681911900,182
1681912800,188
1681913700,186
1681914600,165
1681915500,151
1681916400,163
1681917300,175
1681918200,308
1681919100,604
1681920000,832
1681920900,901
1681921800,1099
1681922700,777
1681923600,470
1681924500,247
1681925400,246
1681926300,255
1681927200,240
1681928100,380
1681929000,313
1681929900,306
1681930800,298
1681931700,321
1681932600,534
1681933500,344
1681934400,263
1681935300,243
1681936200,661
1681937100,211
1681938000,138
1681938900,108
1681939800,103
1681940700,107
1681941600,90
1681942500,97
1681943400,99
1681944300,114
1681945200,101
1681946100,98
1681947000,100
1681947900,103
1681948800,90
1681949700,97
1681950600,103
1681951500,116
1681952400,105
1681953300,123
1681954200,141
1681955100,142
1681956000,130
1681956900,125
1681957800,145
1681958700,146
1681959600,135
1681960500,110
1681961400,104
1681962300,96
1681963200,93
1681964100,148
1681965000,218
1681965900,198
1681966800,274
1681967700,101
1681968600,182
1681969500,546
1681970400,126
1681971300,105
1681972200,136
1681973100,154
1681974000,130
1681974900,123
1681975800,223
1681976700,344
1681977600,350
1681978500,170
1681979400,128
1681980300,130
1681981200,128
1681982100,230
1681983000,141
1681983900,150
1681984800,181
1681985700,164
1681986600,168
1681987500,376
1681988400,314
1681989300,168
1681990200,185
1681991100,185
1681992000,203
1681992900,547
1681993800,319
1681994700,201
1681995600,204
1681996500,181
1681997400,187
1681998300,183
1681999200,187
1682000100,191
1682001000,172
1682001900,251
1682002800,183
1682003700,213
1682004600,193
1682005500,185
1682006400,179
1682007300,208
1682008200,185
1682009100,208
1682010000,176
1682010900,434
1682011800,542
1682012700,280
1682013600,267
1682014500,284
1682015400,336
1682016300,291
1682017200,290
1682018100,315
1682019000,295
1682019900,330
1682020800,308
1682021700,268
1682022600,261
1682023500,353
1682024400,216
1682025300,129
1682026200,121
1682027100,82
1682028000,101
1682028900,74
1682029800,81
1682030700,86
1682031600,82
1682032500,74
1682033400,85
1682034300,80
1682035200,92
1682036100,86
1682037000,91
1682037900,77
1682038800,81
1682039700,86
1682040600,110
1682041500,87
1682042400,94
1682043300,105
1682044200,112
1682045100,121
1682046000,116
1682046900,106
1682047800,93
1682048700,98
1682049600,92
1682050500,115
1682051400,101
1682052300,335
1682053200,409
1682054100,206
1682055000,238
1682055900,124
1682056800,136
1682057700,632
1682058600,687
1682059500,598
1682060400,175
1682061300,237
1682062200,380
1682063100,224
1682064000,845
1682064900,805
1682065800,262
1682066700,340
1682067600,927
1682068500,1061
1682069400,844
1682070300,877
1682071200,383
1682072100,252
1682073000,428
1682073900,440
1682074800,397
1682075700,329
1682076600,641
1682077500,825
1682078400,627
1682079300,603
1682080200,798
1682081100,567
1682082000,735
1682082900,485
1682083800,503
1682084700,512
1682085600,461
1682086500,629
1682087400,541
1682088300,575
1682089200,455
1682090100,936
1682091000,1112
1682091900,1010
1682092800,408
1682093700,335
1682094600,282
1682095500,321
1682096400,293
1682097300,294
1682098200,309
1682099100,350
1682100000,576
1682100900,368
1682101800,322
1682102700,343
1682103600,310
1682104500,273
1682105400,585
1682106300,248
1682107200,236
1682108100,206
1682109000,213
1682109900,193
1682110800,176
1682111700,169
1682112600,173
1682113500,123
1682114400,116
1682115300,96
1682116200,100
1682117100,87
1682118000,82
1682118900,82
1682119800,92
1682120700,90
1682121600,86
1682122500,92
1682123400,76
1682124300,95
1682125200,101
1682126100,96
1682127000,91
1682127900,120
1682128800,97
1682129700,97
1682130600,93
1682131500,102
1682132400,87
1682133300,95
1682134200,108
1682135100,103
1682136000,147
1682136900,337
1682137800,174
1682138700,140
1682139600,366
1682140500,140
1682141400,178
1682142300,196
1682143200,198
1682144100,205
1682145000,161
1682145900,159
1682146800,180
1682147700,176
1682148600,156
1682149500,229
1682150400,173
1682151300,157
1682152200,196
1682153100,233
1682154000,207
1682154900,252
1682155800,219
1682156700,326
1682157600,329
1682158500,446
1682159400,428
1682160300,197
1682161200,312
1682162100,209
1682163000,215
1682163900,237
1682164800,349
1682165700,773
1682166600,517
1682167500,483
1682168400,294
1682169300,284
1682170200,245
1682171100,323
1682172000,213
1682172900,207
1682173800,292
1682174700,319
1682175600,289
1682176500,172
1682177400,176
1682178300,154
1682179200,148
1682180100,139
1682181000,146
1682181900,139
1682182800,326
1682183700,170
1682184600,168
1682185500,231
1682186400,183
1682187300,222
1682188200,205
1682189100,265
1682190000,201
1682190900,218
1682191800,176
1682192700,178
1682193600,204
1682194500,197
1682195400,188
1682196300,180
1682197200,225
1682198100,109
1682199000,116
1682199900,109
1682200800,121
1682201700,112
1682202600,105
1682203500,95
1682204400,96
1682205300,98
1682206200,97
1682207100,96
1682208000,100
1682208900,111
1682209800,101
1682210700,103
1682211600,96
1682212500,118
1682213400,96
1682214300,113
1682215200,109
1682216100,118
1682217000,110
1682217900,103
1682218800,96
1682219700,116
1682220600,100
1682221500,130
1682222400,151
1682223300,314
1682224200,231
1682225100,125
1682226000,275
1682226900,203
1682227800,156
1682228700,155
1682229600,122
1682230500,124
1682231400,140
1682232300,132
1682233200,385
1682234100,157
1682235000,104
1682235900,95
1682236800,118
1682237700,281
1682238600,104
1682239500,110
1682240400,154
1682241300,368
1682242200,425
1682243100,238
1682244000,134
1682244900,153
1682245800,666
1682246700,164
1682247600,428
1682248500,204
1682249400,711
1682250300,453
1682251200,750
1682252100,285
1682253000,243
1682253900,399
1682254800,257
1682255700,371
1682256600,196
1682257500,157
1682258400,195
1682259300,182
1682260200,180
1682261100,196
1682262000,143
1682262900,137
1682263800,172
1682264700,193
1682265600,202
1682266500,411
1682267400,529
1682268300,282
1682269200,200
1682270100,235
1682271000,185
1682271900,612
1682272800,930
1682273700,531
1682274600,199
1682275500,223
1682276400,252
1682277300,1283
1682278200,2776
1682279100,2683
1682280000,1924
1682280900,1297
1682281800,1246
1682282700,1267
1682283600,548
1682284500,136
1682285400,123
1682286300,98
1682287200,71
1682288100,74
1682289000,78
1682289900,73
1682290800,65
1682291700,81
1682292600,86
1682293500,83
1682294400,65
1682295300,86
1682296200,78
1682297100,92
1682298000,83
1682298900,130
1682299800,108
1682300700,100
1682301600,95
1682302500,91
1682303400,90
1682304300,83
1682305200,103
1682306100,82
1682307000,124
1682307900,135
1682308800,153
1682309700,120
1682310600,88
1682311500,83
1682312400,268
1682313300,273
1682314200,268
1682315100,104
1682316000,111
1682316900,112
1682317800,174
1682318700,95
1682319600,212
1682320500,335
1682321400,149
1682322300,161
1682323200,146
1682324100,135
1682325000,126
1682325900,142
1682326800,126
1682327700,132
1682328600,121
1682329500,160
1682330400,152
1682331300,158
1682332200,145
1682333100,161
1682334000,178
1682334900,193
1682335800,168
1682336700,184
1682337600,181
1682338500,180
1682339400,131
1682340300,135
1682341200,150
1682342100,159
1682343000,303
1682343900,204
1682344800,210
1682345700,230
1682346600,613
1682347500,336
1682348400,290
1682349300,308
1682350200,223
1682351100,132
1682352000,142
1682352900,121
1682353800,107
1682354700,105
1682355600,111
1682356500,97
1682357400,107
1682358300,104
1682359200,123
1682360100,111
1682361000,101
1682361900,106
1682362800,106
1682363700,106
1682364600,97
1682365500,114
1682366400,111
1682367300,117
1682368200,102
1682369100,114
1682370000,88
1682370900,87
1682371800,78
1682372700,95
1682373600,91
1682374500,99
1682375400,81
1682376300,89
1682377200,83
1682378100,82
1682379000,82
1682379900,97
1682380800,104
1682381700,185
1682382600,129
1682383500,99
1682384400,104
1682385300,86
1682386200,93
1682387100,89
1682388000,99
1682388900,92
1682389800,102
1682390700,87
1682391600,97
1682392500,84
1682393400,84
1682394300,84
1682395200,96
1682396100,95
1682397000,97
1682397900,100
1682398800,177
1682399700,86
1682400600,82
1682401500,94
1682402400,107
1682403300,110
1682404200,242
1682405100,302
1682406000,138
1682406900,126
1682407800,128
1682408700,129
1682409600,471
1682410500,320
1682411400,167
1682412300,215
1682413200,238
1682414100,195
1682415000,158
1682415900,215
1682416800,175
1682417700,148
1682418600,143
1682419500,140
1682420400,140
1682421300,140
1682422200,129
1682423100,137
1682424000,339
1682424900,655
1682425800,242
1682426700,146
1682427600,138
1682428500,144
1682429400,123
1682430300,117
1682431200,110
1682432100,134
1682433000,114
1682433900,107
1682434800,93
1682435700,110
1682436600,90
1682437500,94
1682438400,98
1682439300,128
1682440200,111
1682441100,107
1682442000,127
1682442900,425
1682443800,746
1682444700,571
1682445600,888
1682446500,850
1682447400,765
1682448300,169
1682449200,149
1682450100,134
1682451000,120
1682451900,126
1682452800,225
1682453700,122
1682454600,121
1682455500,115
1682456400,117
1682457300,94
1682458200,109
1682459100,107
1682460000,120
1682460900,84
1682461800,92
1682462700,81
1682463600,97
1682464500,78
1682465400,104
1682466300,90
1682467200,103
1682468100,77
1682469000,82
1682469900,82
1682470800,89
1682471700,80
1682472600,76
1682473500,101
1682474400,96
1682475300,85
1682476200,91
1682477100,95
1682478000,103
1682478900,82
1682479800,76
1682480700,94
1682481600,94
1682482500,93
1682483400,76
1682484300,237
1682485200,97
1682486100,231
1682487000,126
1682487900,131
1682488800,154
1682489700,207
1682490600,90
1682491500,112
1682492400,249
1682493300,149
1682494200,102
1682495100,440
1682496000,105
1682496900,111
1682497800,376
1682498700,225
1682499600,306
1682500500,126
1682501400,100
1682502300,141
1682503200,133
1682504100,122
1682505000,115
1682505900,132
1682506800,130
1682507700,665
1682508600,656
1682509500,200
1682510400,186
1682511300,194
1682512200,192
1682513100,207
1682514000,203
1682514900,149
1682515800,118
1682516700,124
1682517600,129
1682518500,185
1682519400,132
1682520300,216
1682521200,172
1682522100,512
1682523000,791
1682523900,890
1682524800,684
1682525700,433
1682526600,164
1682527500,137
1682528400,173
1682529300,171
1682530200,150
1682531100,144
1682532000,187
1682532900,511
1682533800,209
1682534700,264
1682535600,275
1682536500,284
1682537400,267
1682538300,665
1682539200,233
1682540100,219
1682541000,187
1682541900,194
1682542800,186
1682543700,158
1682544600,115
1682545500,99
1682546400,104
1682547300,101
1682548200,82
1682549100,90
1682550000,71
1682550900,76
1682551800,62
1682552700,74
1682553600,83
1682554500,92
1682555400,73
1682556300,84
1682557200,79
1682558100,94
1682559000,77
1682559900,84
1682560800,85
1682561700,105
1682562600,80
1682563500,84
1682564400,77
1682565300,98
1682566200,73
1682567100,121
1682568000,118
1682568900,594
1682569800,328
1682570700,429
1682571600,694
1682572500,694
1682573400,270
1682574300,475
1682575200,147
1682576100,676
1682577000,665
1682577900,529
1682578800,678
1682579700,118
1682580600,91
1682581500,96
1682582400,91
1682583300,154
1682584200,114
1682585100,102
1682586000,313
1682586900,244
1682587800,275
1682588700,165
1682589600,186
1682590500,147
1682591400,140
1682592300,127
1682593200,154
1682594100,122
1682595000,258
1682595900,284
1682596800,127
1682597700,129
1682598600,138
1682599500,123
1682600400,389
1682601300,297
1682602200,141
1682603100,134
1682604000,111
1682604900,114
1682605800,691
1682606700,311
1682607600,201
1682608500,196
1682609400,199
1682610300,185
1682611200,867
1682612100,637
1682613000,714
1682613900,717
1682614800,510
1682615700,336
1682616600,594
1682617500,1060
1682618400,498
1682619300,688
1682620200,908
1682621100,848
1682622000,1038
1682622900,985
1682623800,965
1682624700,852
1682625600,382
1682626500,340
1682627400,331
1682628300,155
1682629200,175
1682630100,177
1682631000,151
1682631900,116
1682632800,106
1682633700,107
1682634600,107
1682635500,106
1682636400,107
1682637300,112
1682638200,87
1682639100,79
1682640000,77
1682640900,94
1682641800,79
1682642700,81
1682643600,85
1682644500,100
1682645400,90
1682646300,82
1682647200,92
1682648100,81
1682649000,77
1682649900,83
1682650800,87
1682651700,84
1682652600,101
1682653500,125
1682654400,87
1682655300,75
1682656200,253
1682657100,288
1682658000,85
1682658900,86
1682659800,101
1682660700,104
1682661600,117
1682662500,180
1682663400,275
1682664300,365
1682665200,379
1682666100,381
1682667000,130
1682667900,109
1682668800,116
1682669700,92
1682670600,113
1682671500,410
1682672400,558
1682673300,349
1682674200,123
1682675100,110
1682676000,130
1682676900,352
1682677800,206
1682678700,129
1682679600,146
1682680500,184
1682681400,142
1682682300,528
1682683200,224
1682684100,119
1682685000,178
1682685900,368
1682686800,325
1682687700,483
1682688600,433
1682689500,114
1682690400,144
1682691300,138
1682692200,180
1682693100,204
1682694000,234
1682694900,186
1682695800,174
1682696700,185
1682697600,180
1682698500,199
1682699400,180
1682700300,173
1682701200,414
1682702100,474
1682703000,442
1682703900,652
1682704800,552
1682705700,490
1682706600,485
1682707500,459
1682708400,459
1682709300,423
1682710200,393
1682711100,378
1682712000,464
1682712900,423
1682713800,436
1682714700,386
1682715600,235
1682716500,126
1682717400,105
1682718300,105
1682719200,108
1682720100,125
1682721000,113
1682721900,121
1682722800,106
1682723700,99
1682724600,101
1682725500,119
1682726400,114
1682727300,124
1682728200,121
1682729100,135
1682730000,121
1682730900,104
1682731800,111
1682732700,108
1682733600,110
1682734500,103
1682735400,115
1682736300,86
1682737200,100
1682738100,84
1682739000,115
1682739900,117
1682740800,122
1682741700,262
1682742600,148
1682743500,213
1682744400,117
1682745300,114
1682746200,93
1682747100,85
1682748000,88
1682748900,85
1682749800,74
1682750700,83
1682751600,89
1682752500,95
1682753400,90
1682754300,110
1682755200,105
1682756100,110
1682757000,90
1682757900,107
1682758800,90
1682759700,103
1682760600,114
1682761500,142
1682762400,267
1682763300,297
1682764200,166
1682765100,159
1682766000,178
1682766900,115
1682767800,388
1682768700,251
1682769600,122
1682770500,117
1682771400,137
1682772300,121
1682773200,119
1682774100,498
1682775000,433
1682775900,149
1682776800,147
1682777700,119
1682778600,137
1682779500,116
1682780400,102
1682781300,101
1682782200,103
1682783100,88
1682784000,81
1682784900,119
1682785800,123
1682786700,123
1682787600,138
1682788500,169
1682789400,144
1682790300,144
1682791200,230
1682792100,155
1682793000,144
1682793900,145
1682794800,103
1682795700,176
1682796600,180
1682797500,196
1682798400,168
1682799300,184
1682800200,187
1682801100,177
1682802000,154
1682802900,127
1682803800,107
1682804700,111
1682805600,107
1682806500,118
1682807400,111
1682808300,119
1682809200,123
1682810100,116
1682811000,104
1682811900,115
1682812800,127
1682813700,124
1682814600,120
1682815500,119
1682816400,137
1682817300,135
1682818200,136
1682819100,125
1682820000,138
1682820900,124
1682821800,125
1682822700,129
1682823600,155
1682824500,101
1682825400,87
1682826300,94
1682827200,230
1682828100,111
1682829000,84
1682829900,90
1682830800,98
1682831700,151
1682832600,217
1682833500,213
1682834400,138
1682835300,115
1682836200,108
1682837100,123
1682838000,199
1682838900,140
1682839800,99
1682840700,130
1682841600,219
1682842500,333
1682843400,195
1682844300,132
1682845200,102
1682846100,106
1682847000,139
1682847900,224
1682848800,143
1682849700,144
1682850600,127
1682851500,196
1682852400,148
1682853300,136
1682854200,123
1682855100,150
1682856000,132
1682856900,136
1682857800,121
1682858700,397
1682859600,143
1682860500,144
1682861400,151
1682862300,358
1682863200,263
1682864100,465
1682865000,441
1682865900,484
1682866800,174
1682867700,162
1682868600,206
1682869500,515
1682870400,133
1682871300,127
1682872200,128
1682873100,132
1682874000,107
1682874900,126
1682875800,140
1682876700,149
1682877600,277
1682878500,180
1682879400,225
1682880300,243
1682881200,277
1682882100,218
1682883000,222
1682883900,168
1682884800,148
1682885700,159
1682886600,153
1682887500,144
1682888400,124
1682889300,124
1682890200,111
1682891100,107
1682892000,993
1682892900,1218
1682893800,967
1682894700,952
1682895600,910
1682896500,81
1682897400,88
1682898300,93
1682899200,69
1682900100,58
1682901000,42
1682901900,105
1682902800,72
1682903700,87
1682904600,78
1682905500,85
1682906400,85
1682907300,92
1682908200,85
1682909100,95
1682910000,92
1682910900,67
1682911800,58
1682912700,74
1682913600,203
1682914500,64
1682915400,56
1682916300,84
1682917200,461
1682918100,365
1682919000,140
1682919900,160
1682920800,94
1682921700,145
1682922600,146
1682923500,190
1682924400,125
1682925300,80
1682926200,82
1682927100,103
1682928000,292
1682928900,128
1682929800,458
1682930700,706
1682931600,930
1682932500,655
1682933400,161
1682934300,134
1682935200,129
1682936100,132
1682937000,168
1682937900,786
1682938800,354
1682939700,608
1682940600,124
1682941500,423
1682942400,149
1682943300,117
1682944200,89
1682945100,188
1682946000,644
1682946900,652
1682947800,227
1682948700,109
1682949600,106
1682950500,99
1682951400,104
1682952300,387
1682953200,1302
1682954100,1349
1682955000,1247
1682955900,679
1682956800,115
1682957700,91
1682958600,118
1682959500,143
1682960400,119
1682961300,111
1682962200,100
1682963100,108
1682964000,117
1682964900,96
1682965800,77
1682966700,68
1682967600,106
1682968500,79
1682969400,73
1682970300,66
1682971200,64
1682972100,64
1682973000,40
1682973900,46
1682974800,48
1682975700,171
1682976600,66
1682977500,40
1682978400,47
1682979300,57
1682980200,43
1682981100,47
1682982000,40
1682982900,59
1682983800,72
1682984700,56
1682985600,47
1682986500,55
1682987400,138
1682988300,68
1682989200,98
1682990100,86
1682991000,92
1682991900,100
1682992800,79
1682993700,65
1682994600,46
1682995500,68
1682996400,46
1682997300,50
1682998200,52
1682999100,63
1683000000,81
1683000900,84
1683001800,77
1683002700,218
1683003600,150
1683004500,658
1683005400,126
1683006300,102
1683007200,99
1683008100,112
1683009000,98
1683009900,128
1683010800,124
1683011700,145
1683012600,140
1683013500,150
1683014400,143
1683015300,127
1683016200,286
1683017100,141
1683018000,96
1683018900,117
1683019800,150
1683020700,136
1683021600,133
1683022500,122
1683023400,135
1683024300,138
1683025200,189
1683026100,227
1683027000,132
1683027900,153
1683028800,136
1683029700,166
1683030600,200
1683031500,211
1683032400,1322
1683033300,1124
1683034200,1040
1683035100,654
1683036000,263
1683036900,237
1683037800,252
1683038700,390
1683039600,712
1683040500,250
1683041400,203
1683042300,218
1683043200,203
1683044100,218
1683045000,157
1683045900,160
1683046800,179
1683047700,149
1683048600,152
1683049500,171
1683050400,196
1683051300,739
1683052200,319
1683053100,447
1683054000,217
1683054900,261
1683055800,200
1683056700,220
1683057600,195
1683058500,200
1683059400,184
1683060300,151
1683061200,128
1683062100,83
1683063000,100
1683063900,93
1683064800,95
1683065700,69
1683066600,82
1683067500,74
1683068400,76
1683069300,72
1683070200,82
1683071100,68
1683072000,76
1683072900,78
1683073800,76
1683074700,67
1683075600,90
1683076500,85
1683077400,129
1683078300,125
1683079200,125
1683080100,110
1683081000,115
1683081900,93
1683082800,77
1683083700,71
1683084600,83
1683085500,72
1683086400,68
1683087300,79
1683088200,78
1683089100,100
1683090000,91
1683090900,126
1683091800,104
1683092700,96
1683093600,187
1683094500,81
1683095400,65
1683096300,205
1683097200,297
1683098100,585
1683099000,794
1683099900,1119
1683100800,805
1683101700,447
1683102600,542
1683103500,616
1683104400,737
1683105300,189
1683106200,181
1683107100,267
1683108000,481
1683108900,176
1683109800,192
1683110700,213
1683111600,328
1683112500,248
1683113400,191
1683114300,186
1683115200,177
1683116100,168
1683117000,167
1683117900,203
1683118800,205
1683119700,210
1683120600,226
1683121500,175
1683122400,132
1683123300,131
1683124200,166
1683125100,583
1683126000,1001
1683126900,544
1683127800,230
1683128700,262
1683129600,915
1683130500,312
1683131400,559
1683132300,178
1683133200,147
1683134100,158
1683135000,180
1683135900,157
1683136800,151
1683137700,150
1683138600,171
1683139500,165
1683140400,156
1683141300,161
1683142200,192
1683143100,161
1683144000,123
1683144900,94
1683145800,95
1683146700,90
1683147600,88
1683148500,88
1683149400,84
1683150300,82
1683151200,75
1683152100,98
1683153000,104
1683153900,98
1683154800,75
1683155700,85
1683156600,83
1683157500,80
1683158400,73
1683159300,81
1683160200,76
1683161100,61
1683162000,53
1683162900,61
1683163800,67
1683164700,62
1683165600,63
1683166500,85
1683167400,98
1683168300,114
1683169200,99
1683170100,70
1683171000,67
1683171900,60
1683172800,53
1683173700,60
1683174600,64
1683175500,214
1683176400,80
1683177300,95
1683178200,520
1683179100,576
1683180000,477
1683180900,266
1683181800,108
1683182700,174
1683183600,241
1683184500,115
1683185400,94
1683186300,124
1683187200,163
1683188100,311
1683189000,159
1683189900,155
1683190800,152
1683191700,116
1683192600,113
1683193500,127
1683194400,236
1683195300,421
1683196200,367
1683197100,218
1683198000,225
1683198900,703
1683199800,264
1683200700,318
1683201600,122
1683202500,126
1683203400,125
1683204300,158
1683205200,174
1683206100,153
1683207000,170
1683207900,156
1683208800,167
1683209700,225
1683210600,185
1683211500,171
1683212400,212
1683213300,202
1683214200,294
1683215100,169
1683216000,159
1683216900,188
1683217800,182
1683218700,140
1683219600,153
1683220500,158
1683221400,162
1683222300,173
1683223200,180
1683224100,190
1683225000,189
1683225900,224
1683226800,213
1683227700,206
1683228600,210
1683229500,194
1683230400,183
1683231300,160
1683232200,251
1683233100,153
1683234000,156
1683234900,140
1683235800,166
1683236700,142
1683237600,148
1683238500,131
1683239400,107
1683240300,98
1683241200,90
1683242100,79
1683243000,79
1683243900,100
1683244800,95
1683245700,102
1683246600,92
1683247500,117
1683248400,90
1683249300,78
1683250200,72
1683251100,88
1683252000,77
1683252900,78
1683253800,71
1683254700,102
1683255600,111
1683256500,129
1683257400,128
1683258300,85
1683259200,88
1683260100,74
1683261000,78
1683261900,65
1683262800,242
1683263700,89
1683264600,89
1683265500,78
1683266400,87
1683267300,110
1683268200,103
1683269100,138
1683270000,68
1683270900,83
1683271800,87
1683272700,111
1683273600,636
1683274500,268
1683275400,653
1683276300,372
1683277200,142
1683278100,191
1683279000,222
1683279900,189
1683280800,262
1683281700,158
1683282600,195
1683283500,130
1683284400,113
1683285300,109
1683286200,111
1683287100,118
1683288000,98
1683288900,90
1683289800,77
1683290700,85
1683291600,82
1683292500,89
1683293400,92
1683294300,93
1683295200,89
1683296100,78
1683297000,151
1683297900,170
1683298800,122
1683299700,123
1683300600,112
1683301500,138
1683302400,137
1683303300,187
1683304200,174
1683305100,169
1683306000,144
1683306900,162
1683307800,162
1683308700,215
1683309600,659
1683310500,292
1683311400,510
1683312300,245
1683313200,223
1683314100,247
1683315000,211
1683315900,124
1683316800,85
1683317700,75
1683318600,72
1683319500,96
1683320400,65
1683321300,72
1683322200,78
1683323100,86
1683324000,81
1683324900,88
1683325800,87
1683326700,101
1683327600,86
1683328500,78
1683329400,69
1683330300,89
1683331200,95
1683332100,96
1683333000,90
1683333900,101
1683334800,91
1683335700,113
1683336600,91
1683337500,99
1683338400,62
1683339300,68
1683340200,67
1683341100,62
1683342000,57
1683342900,85
1683343800,92
1683344700,85
1683345600,81
1683346500,255
1683347400,105
1683348300,113
1683349200,258
1683350100,56
1683351000,41
1683351900,47
1683352800,56
1683353700,102
1683354600,65
1683355500,82
1683356400,84
1683357300,68
1683358200,61
1683359100,64
1683360000,57
1683360900,307
1683361800,370
1683362700,580
1683363600,233
1683364500,63
1683365400,118
1683366300,63
1683367200,74
1683368100,84
1683369000,112
1683369900,104
1683370800,168
1683371700,92
1683372600,101
1683373500,140
1683374400,123
1683375300,212
1683376200,143
1683377100,131
1683378000,145
1683378900,124
1683379800,132
1683380700,125
1683381600,142
1683382500,134
1683383400,130
1683384300,126
1683385200,142
1683386100,272
1683387000,172
1683387900,369
1683388800,566
1683389700,423
1683390600,418
1683391500,173
1683392400,172
1683393300,181
1683394200,157
1683395100,185
1683396000,188
1683396900,181
1683397800,170
1683398700,242
1683399600,150
1683400500,145
1683401400,199
1683402300,156
1683403200,111
1683404100,98
1683405000,91
1683405900,75
1683406800,66
1683407700,96
1683408600,95
1683409500,98
1683410400,83
1683411300,86
1683412200,94
1683413100,88
1683414000,54
1683414900,57
1683415800,49
1683416700,70
1683417600,49
1683418500,80
1683419400,89
1683420300,94
1683421200,91
1683422100,78
1683423000,71
1683423900,77
1683424800,49
1683425700,68
1683426600,48
1683427500,56
1683428400,63
1683429300,82
1683430200,80
1683431100,79
1683432000,144
1683432900,215
1683433800,80
1683434700,91
1683435600,67
1683436500,47
1683437400,35
1683438300,49
1683439200,41
1683440100,51
1683441000,62
1683441900,78
1683442800,106
1683443700,147
1683444600,128
1683445500,135
1683446400,146
1683447300,133
1683448200,175
1683449100,96
1683450000,107
1683450900,142
1683451800,149
1683452700,172
1683453600,137
1683454500,206
1683455400,171
1683456300,194
1683457200,179
1683458100,150
1683459000,217
1683459900,307
1683460800,132
1683461700,134
1683462600,150
1683463500,166
1683464400,133
1683465300,140
1683466200,124
1683467100,350
1683468000,121
1683468900,129
1683469800,560
1683470700,484
1683471600,121
1683472500,129
1683473400,124
1683474300,128
1683475200,130
1683476100,136
1683477000,127
1683477900,128
1683478800,148
1683479700,189
1683480600,215
1683481500,151
1683482400,145
1683483300,294
1683484200,405
1683485100,449
1683486000,264
1683486900,211
1683487800,189
1683488700,124
1683489600,57
1683490500,38
1683491400,40
1683492300,51
1683493200,42
1683494100,39
1683495000,41
1683495900,38
1683496800,53
1683497700,40
1683498600,99
1683499500,77
1683500400,81
1683501300,98
1683502200,83
1683503100,71
1683504000,53
1683504900,38
1683505800,56
1683506700,38
1683507600,40
1683508500,38
1683509400,55
1683510300,75
1683511200,62
1683512100,59
1683513000,62
1683513900,59
1683514800,78
1683515700,43
1683516600,42
1683517500,40
1683518400,58
1683519300,197
1683520200,63
1683521100,80
1683522000,62
1683522900,90
1683523800,200
1683524700,54
1683525600,61
1683526500,57
1683527400,48
1683528300,49
1683529200,40
1683530100,67
1683531000,186
1683531900,35
1683532800,86
1683533700,77
1683534600,151
1683535500,77
1683536400,72
1683537300,93
1683538200,124
1683539100,66
1683540000,83
1683540900,131
1683541800,103
1683542700,136
1683543600,221
1683544500,185
1683545400,82
1683546300,422
1683547200,538
1683548100,149
1683549000,171
1683549900,374
1683550800,166
1683551700,136
1683552600,128
1683553500,114
1683554400,150
1683555300,173
1683556200,159
1683557100,153
1683558000,161
1683558900,349
1683559800,227
1683560700,246
1683561600,148
1683562500,199
1683563400,688
1683564300,741
1683565200,192
1683566100,167
1683567000,156
1683567900,165
1683568800,173
1683569700,176
1683570600,138
1683571500,154
1683572400,209
1683573300,197
1683574200,161
1683575100,394
1683576000,696
1683576900,265
1683577800,483
1683578700,104
1683579600,128
1683580500,112
1683581400,152
1683582300,152
1683583200,92
1683584100,85
1683585000,56
1683585900,44
1683586800,58
1683587700,64
1683588600,55
1683589500,64
1683590400,55
1683591300,88
1683592200,114
1683593100,61
1683594000,50
1683594900,51
1683595800,58
1683596700,70
1683597600,66
1683598500,79
1683599400,64
1683600300,85
1683601200,67
1683602100,62
1683603000,44
1683603900,46
1683604800,55
1683605700,50
1683606600,51
1683607500,60
1683608400,65
1683609300,81
1683610200,222
1683611100,81
1683612000,98
1683612900,98
1683613800,469
1683614700,235
1683615600,154
1683616500,279
1683617400,137
1683618300,108
1683619200,153
1683620100,273
1683621000,175
1683621900,285
1683622800,852
1683623700,324
1683624600,149
1683625500,164
1683626400,211
1683627300,692
1683628200,697
1683629100,644
1683630000,410
1683630900,133
1683631800,125
1683632700,140
1683633600,139
1683634500,385
1683635400,388
1683636300,368
1683637200,243
1683638100,116
1683639000,354
1683639900,822
1683640800,840
1683641700,746
1683642600,487
1683643500,226
1683644400,257
1683645300,903
1683646200,817
1683647100,709
1683648000,377
1683648900,152
1683649800,138
1683650700,163
1683651600,151
1683652500,521
1683653400,405
1683654300,377
1683655200,180
1683656100,182
1683657000,174
1683657900,254
1683658800,155
1683659700,292
1683660600,191
1683661500,193
1683662400,168
1683663300,109
1683664200,56
1683665100,55
1683666000,64
1683666900,50
1683667800,44
1683668700,38
1683669600,39
1683670500,60
1683671400,49
1683672300,45
1683673200,35
1683674100,42
1683675000,32
1683675900,30
1683676800,29
1683677700,43
1683678600,31
1683679500,29
1683680400,45
1683681300,91
1683682200,79
1683683100,63
1683684000,58
1683684900,76
1683685800,59
1683686700,58
1683687600,54
1683688500,66
1683689400,41
1683690300,38
1683691200,38
1683692100,48
1683693000,41
1683693900,56
1683694800,58
1683695700,67
1683696600,90
1683697500,149
1683698400,201
1683699300,86
1683700200,176
1683701100,170
1683702000,80
1683702900,61
1683703800,74
1683704700,39
1683705600,61
1683706500,73
1683707400,76
1683708300,67
1683709200,63
1683710100,83
1683711000,72
1683711900,70
1683712800,63
1683713700,67
1683714600,69
1683715500,77
1683716400,62
1683717300,83
1683718200,79
1683719100,100
1683720000,63
1683720900,70
1683721800,61
1683722700,85
1683723600,63
1683724500,69
1683725400,62
1683726300,78
1683727200,68
1683728100,70
1683729000,61
1683729900,63
1683730800,62
1683731700,58
1683732600,66
1683733500,74
1683734400,78
1683735300,59
1683736200,48
1683737100,58
1683738000,57
1683738900,62
1683739800,48
1683740700,59
1683741600,53
1683742500,177
1683743400,183
1683744300,230
1683745200,213
1683746100,207
1683747000,185
1683747900,261
1683748800,177
1683749700,110
1683750600,84
1683751500,74
1683752400,70
1683753300,57
1683754200,77
1683755100,50
1683756000,53
1683756900,33
1683757800,54
1683758700,37
1683759600,42
1683760500,34
1683761400,46
1683762300,45
1683763200,42
1683764100,43
1683765000,56
1683765900,71
1683766800,45
1683767700,43
1683768600,34
1683769500,51
1683770400,41
1683771300,43
1683772200,33
1683773100,52
1683774000,69
1683774900,65
1683775800,63
1683776700,59
1683777600,67
1683778500,39
1683779400,46
1683780300,51
1683781200,57
1683782100,184
1683783000,88
1683783900,66
1683784800,416
1683785700,436
1683786600,158
1683787500,485
1683788400,483
1683789300,259
1683790200,299
1683791100,267
1683792000,222
1683792900,489
1683793800,509
1683794700,516
1683795600,541
1683796500,174
1683797400,394
1683798300,735
1683799200,366
1683800100,210
1683801000,143
1683801900,144
1683802800,138
1683803700,122
1683804600,145
1683805500,408
1683806400,259
1683807300,178
1683808200,194
1683809100,188
1683810000,174
1683810900,265
1683811800,251
1683812700,168
1683813600,271
1683814500,153
1683815400,550
1683816300,283
1683817200,148
1683818100,175
1683819000,147
1683819900,144
1683820800,132
1683821700,162
1683822600,154
1683823500,249
1683824400,235
1683825300,255
1683826200,282
1683827100,240
1683828000,266
1683828900,248
1683829800,264
1683830700,256
1683831600,251
1683832500,167
1683833400,213
1683834300,186
1683835200,161
1683836100,138
1683837000,123
1683837900,154
1683838800,224
1683839700,165
1683840600,108
1683841500,121
1683842400,78
1683843300,83
1683844200,88
1683845100,80
1683846000,76
1683846900,45
1683847800,43
1683848700,34
1683849600,56
1683850500,34
1683851400,47
1683852300,140
1683853200,85
1683854100,41
1683855000,45
1683855900,37
1683856800,46
1683857700,49
1683858600,57
1683859500,61
1683860400,81
1683861300,74
1683862200,67
1683863100,58
1683864000,62
1683864900,40
1683865800,54
1683866700,251
1683867600,243
1683868500,424
1683869400,176
1683870300,91
1683871200,107
1683872100,443
1683873000,244
1683873900,121
1683874800,101
1683875700,89
1683876600,87
1683877500,96
1683878400,86
1683879300,90
1683880200,97
1683881100,95
1683882000,105
1683882900,228
1683883800,189
1683884700,137
1683885600,141
1683886500,233
1683887400,173
1683888300,205
1683889200,346
1683890100,571
1683891000,280
1683891900,157
1683892800,227
1683893700,176
1683894600,146
1683895500,133
1683896400,142
1683897300,138
1683898200,134
1683899100,128
1683900000,146
1683900900,153
1683901800,148
1683902700,125
1683903600,133
1683904500,140
1683905400,137
1683906300,130
1683907200,132
1683908100,139
1683909000,141
1683909900,139
1683910800,146
1683911700,164
1683912600,151
1683913500,224
1683914400,239
1683915300,272
1683916200,239
1683917100,234
1683918000,232
1683918900,197
1683919800,200
1683920700,136
1683921600,119
1683922500,161
1683923400,88
1683924300,77
1683925200,93
1683926100,70
1683927000,76
1683927900,77
1683928800,81
1683929700,82
1683930600,92
1683931500,94
1683932400,74
1683933300,65
1683934200,78
1683935100,73
1683936000,73
1683936900,66
1683937800,84
1683938700,66
1683939600,73
1683940500,65
1683941400,85
1683942300,66
1683943200,72
1683944100,85
1683945000,99
1683945900,74
1683946800,57
1683947700,59
1683948600,61
1683949500,49
1683950400,104
1683951300,142
1683952200,56
1683953100,47
1683954000,55
1683954900,58
1683955800,68
1683956700,60
1683957600,69
1683958500,54
1683959400,52
1683960300,240
1683961200,581
1683962100,326
1683963000,278
1683963900,438
1683964800,703
1683965700,683
1683966600,511
1683967500,177
1683968400,131
1683969300,400
1683970200,455
1683971100,264
1683972000,279
1683972900,263
1683973800,230
1683974700,801
1683975600,289
1683976500,478
1683977400,125
1683978300,91
1683979200,106
1683980100,87
1683981000,95
1683981900,79
1683982800,86
1683983700,178
1683984600,67
1683985500,64
1683986400,77
1683987300,58
1683988200,65
1683989100,96
1683990000,132
1683990900,192
1683991800,153
1683992700,152
1683993600,240
1683994500,135
1683995400,108
1683996300,101
1683997200,109
1683998100,92
1683999000,100
1683999900,113
1684000800,128
1684001700,126
1684002600,196
1684003500,206
1684004400,165
1684005300,225
1684006200,192
1684007100,135
1684008000,83
1684008900,36
1684009800,41
1684010700,35
1684011600,53
1684012500,34
1684013400,40
1684014300,36
1684015200,52
1684016100,36
1684017000,39
1684017900,37
1684018800,69
1684019700,51
1684020600,56
1684021500,38
1684022400,51
1684023300,39
1684024200,38
1684025100,39
1684026000,51
1684026900,40
1684027800,37
1684028700,40
1684029600,50
1684030500,42
1684031400,34
1684032300,58
1684033200,63
1684034100,59
1684035000,35
1684035900,46
1684036800,106
1684037700,222
1684038600,59
1684039500,81
1684040400,73
1684041300,64
1684042200,53
1684043100,70
1684044000,63
1684044900,75
1684045800,45
1684046700,52
1684047600,45
1684048500,67
1684049400,61
1684050300,74
1684051200,65
1684052100,86
1684053000,68
1684053900,58
1684054800,48
1684055700,100
1684056600,75
1684057500,124
1684058400,112
1684059300,217
1684060200,176
1684061100,137
1684062000,101
1684062900,95
1684063800,176
1684064700,135
1684065600,76
1684066500,76
1684067400,80
1684068300,67
1684069200,55
1684070100,71
1684071000,161
1684071900,158
1684072800,634
1684073700,466
1684074600,452
1684075500,245
1684076400,147
1684077300,143
1684078200,131
1684079100,140
1684080000,120
1684080900,131
1684081800,123
1684082700,150
1684083600,142
1684084500,146
1684085400,146
1684086300,171
1684087200,180
1684088100,182
1684089000,159
1684089900,159
1684090800,162
1684091700,185
1684092600,217
1684093500,204
1684094400,218
1684095300,144
1684096200,135
1684097100,131
1684098000,133
1684098900,150
1684099800,145
1684100700,143
1684101600,148
1684102500,105
1684103400,56
1684104300,44
1684105200,47
1684106100,50
1684107000,55
1684107900,44
1684108800,47
1684109700,40
1684110600,62
1684111500,42
1684112400,46
1684113300,42
1684114200,55
1684115100,45
1684116000,61
1684116900,56
1684117800,80
1684118700,77
1684119600,68
1684120500,59
1684121400,71
1684122300,51
1684123200,304
1684124100,80
1684125000,51
1684125900,43
1684126800,85
1684127700,68
1684128600,219
1684129500,142
1684130400,178
1684131300,200
1684132200,122
1684133100,117
1684134000,212
1684134900,132
1684135800,73
1684136700,61
1684137600,92
1684138500,74
1684139400,99
1684140300,77
1684141200,86
1684142100,98
1684143000,94
1684143900,96
1684144800,387
1684145700,164
1684146600,366
1684147500,273
1684148400,145
1684149300,137
1684150200,130
1684151100,535
1684152000,696
1684152900,647
1684153800,594
1684154700,160
1684155600,110
1684156500,358
1684157400,885
1684158300,810
1684159200,645
1684160100,244
1684161000,130
1684161900,520
1684162800,194
1684163700,183
1684164600,175
1684165500,311
1684166400,648
1684167300,755
1684168200,348
1684169100,302
1684170000,317
1684170900,318
1684171800,332
1684172700,340
1684173600,309
1684174500,300
1684175400,286
1684176300,326
1684177200,312
1684178100,263
1684179000,272
1684179900,240
1684180800,197
1684181700,141
1684182600,74
1684183500,65
1684184400,63
1684185300,45
1684186200,59
1684187100,50
1684188000,49
1684188900,53
1684189800,55
1684190700,55
1684191600,72
1684192500,63
1684193400,54
1684194300,47
1684195200,57
1684196100,44
1684197000,51
1684197900,56
1684198800,50
1684199700,159
1684200600,75
1684201500,58
1684202400,60
1684203300,51
1684204200,64
1684205100,57
1684206000,63
1684206900,57
1684207800,76
1684208700,79
1684209600,76
1684210500,64
1684211400,63
1684212300,77
1684213200,200
1684214100,346
1684215000,80
1684215900,108
1684216800,143
1684217700,114
1684218600,107
1684219500,133
1684220400,145
1684221300,162
1684222200,122
1684223100,117
1684224000,123
1684224900,118
1684225800,139
1684226700,99
1684227600,175
1684228500,244
1684229400,784
1684230300,370
1684231200,532
1684232100,180
1684233000,157
1684233900,167
1684234800,185
1684235700,229
1684236600,886
1684237500,838
1684238400,771
1684239300,582
1684240200,186
1684241100,258
1684242000,183
1684242900,231
1684243800,222
1684244700,207
1684245600,213
1684246500,223
1684247400,243
1684248300,230
1684249200,249
1684250100,211
1684251000,180
1684251900,170
1684252800,215
1684253700,188
1684254600,1976
1684255500,2326
1684256400,2333
1684257300,1266
1684258200,1204
1684259100,1269
1684260000,1566
1684260900,1209
1684261800,1186
1684262700,1138
1684263600,977
1684264500,1248
1684265400,374
1684266300,200
1684267200,152
1684268100,141
1684269000,128
1684269900,107
1684270800,118
1684271700,135
1684272600,48
1684273500,40
1684274400,52
1684275300,47
1684276200,63
1684277100,55
1684278000,72
1684278900,40
1684279800,48
1684280700,40
1684281600,60
1684282500,60
1684283400,106
1684284300,60
1684285200,77
1684286100,59
1684287000,68
1684287900,66
1684288800,71
1684289700,57
1684290600,62
1684291500,54
1684292400,52
1684293300,41
1684294200,47
1684295100,53
1684296000,47
1684296900,43
1684297800,59
1684298700,76
1684299600,67
1684300500,67
1684301400,66
1684302300,268
1684303200,501
1684304100,435
1684305000,66
1684305900,79
1684306800,59
1684307700,54
1684308600,48
1684309500,77
1684310400,70
1684311300,76
1684312200,71
1684313100,86
1684314000,50
1684314900,72
1684315800,74
1684316700,99
1684317600,84
1684318500,79
1684319400,70
1684320300,82
1684321200,69
1684322100,79
1684323000,78
1684323900,87
1684324800,77
1684325700,75
1684326600,76
1684327500,105
1684328400,277
1684329300,101
1684330200,282
1684331100,309
1684332000,92
1684332900,79
1684333800,560
1684334700,632
1684335600,110
1684336500,123
1684337400,126
1684338300,138
1684339200,129
1684340100,148
1684341000,113
1684341900,146
1684342800,129
1684343700,129
1684344600,126
1684345500,144
1684346400,112
1684347300,101
1684348200,104
1684349100,122
1684350000,96
1684350900,57
1684351800,68
1684352700,93
1684353600,182
1684354500,84
1684355400,77
1684356300,77
1684357200,79
1684358100,68
1684359000,72
1684359900,77
1684360800,80
1684361700,69
1684362600,72
1684363500,69
1684364400,73
1684365300,76
1684366200,69
1684367100,61
1684368000,52
1684368900,41
1684369800,40
1684370700,40
1684371600,53
1684372500,41
1684373400,39
1684374300,41
1684375200,50
1684376100,46
1684377000,39
1684377900,56
1684378800,52
1684379700,67
1684380600,53
1684381500,51
1684382400,40
1684383300,61
1684384200,154
1684385100,219
1684386000,234
1684386900,319
1684387800,416
1684388700,451
1684389600,276
1684390500,501
1684391400,410
1684392300,923
1684393200,743
1684394100,702
1684395000,513
1684395900,437
1684396800,264
1684397700,224
1684398600,197
1684399500,153
1684400400,90
1684401300,110
1684402200,144
1684403100,455
1684404000,715
1684404900,449
1684405800,200
1684406700,544
1684407600,359
1684408500,292
1684409400,159
1684410300,80
1684411200,71
1684412100,67
1684413000,68
1684413900,69
1684414800,59
1684415700,75
1684416600,61
1684417500,92
1684418400,74
1684419300,81
1684420200,63
1684421100,88
1684422000,58
1684422900,64
1684423800,55
1684424700,101
1684425600,105
1684426500,101
1684427400,107
1684428300,147
1684429200,171
1684430100,168
1684431000,168
1684431900,160
1684432800,168
1684433700,152
1684434600,162
1684435500,154
1684436400,216
1684437300,203
1684438200,232
1684439100,126
1684440000,113
1684440900,91
1684441800,90
1684442700,104
1684443600,110
1684444500,84
1684445400,69
1684446300,59
1684447200,74
1684448100,64
1684449000,67
1684449900,62
1684450800,66
1684451700,77
1684452600,41
1684453500,47
1684454400,35
1684455300,66
1684456200,58
1684457100,56
1684458000,52
1684458900,50
1684459800,41
1684460700,33
1684461600,43
1684462500,46
1684463400,44
1684464300,42
1684465200,33
1684466100,47
1684467000,44
1684467900,42
1684468800,181
1684469700,54
1684470600,83
1684471500,50
1684472400,73
1684473300,66
1684474200,77
1684475100,60
1684476000,63
1684476900,56
1684477800,44
1684478700,59
1684479600,45
1684480500,99
1684481400,553
1684482300,713
1684483200,373
1684484100,633
1684485000,548
1684485900,303
1684486800,275
1684487700,120
1684488600,125
1684489500,104
1684490400,130
1684491300,111
1684492200,103
1684493100,105
1684494000,125
1684494900,110
1684495800,104
1684496700,107
1684497600,102
1684498500,92
1684499400,75
1684500300,74
1684501200,80
1684502100,74
1684503000,67
1684503900,73
1684504800,75
1684505700,78
1684506600,67
1684507500,71
1684508400,71
1684509300,69
1684510200,76
1684511100,71
1684512000,77
1684512900,68
1684513800,102
1684514700,104
1684515600,110
1684516500,308
1684517400,113
1684518300,91
1684519200,96
1684520100,100
1684521000,111
1684521900,170
1684522800,150
1684523700,203
1684524600,178
1684525500,133
1684526400,92
1684527300,75
1684528200,80
1684529100,73
1684530000,66
1684530900,74
1684531800,72
1684532700,78
1684533600,48
1684534500,52
1684535400,49
1684536300,65
1684537200,42
1684538100,42
1684539000,36
1684539900,57
1684540800,35
1684541700,43
1684542600,35
1684543500,59
1684544400,55
1684545300,60
1684546200,52
1684547100,47
1684548000,45
1684548900,41
1684549800,39
1684550700,39
1684551600,54
1684552500,40
1684553400,41
1684554300,38
1684555200,73
1684556100,143
1684557000,69
1684557900,106
1684558800,70
1684559700,54
1684560600,58
1684561500,35
1684562400,69
1684563300,68
1684564200,66
1684565100,58
1684566000,54
1684566900,59
1684567800,54
1684568700,44
1684569600,54
1684570500,64
1684571400,85
1684572300,72
1684573200,173
1684574100,135
1684575000,120
1684575900,179
1684576800,186
1684577700,158
1684578600,169
1684579500,136
1684580400,164
1684581300,138
1684582200,193
1684583100,171
1684584000,129
1684584900,125
1684585800,144
1684586700,128
1684587600,123
1684588500,117
1684589400,123
1684590300,118
1684591200,109
1684592100,112
1684593000,174
1684593900,228
1684594800,118
1684595700,77
1684596600,62
1684597500,125
1684598400,116
1684599300,156
1684600200,268
1684601100,150
1684602000,232
1684602900,537
1684603800,148
1684604700,160
1684605600,247
1684606500,183
1684607400,168
1684608300,172
1684609200,208
1684610100,711
1684611000,285
1684611900,422
1684612800,142
1684613700,126
1684614600,115
1684615500,113
1684616400,104
1684617300,127
1684618200,130
1684619100,124
1684620000,68
1684620900,42
1684621800,45
1684622700,46
1684623600,36
1684624500,42
1684625400,41
1684626300,48
1684627200,34
1684628100,40
1684629000,39
1684629900,51
1684630800,33
1684631700,48
1684632600,54
1684633500,68
1684634400,46
1684635300,39
1684636200,35
1684637100,64
1684638000,42
1684638900,43
1684639800,38
1684640700,51
1684641600,38
1684642500,39
1684643400,332
1684644300,103
1684645200,63
1684646100,333
1684647000,604
1684647900,595
1684648800,253
1684649700,62
1684650600,91
1684651500,504
1684652400,243
1684653300,199
1684654200,176
1684655100,262
1684656000,197
1684656900,1120
1684657800,1023
1684658700,780
1684659600,600
1684660500,218
1684661400,205
1684662300,110
1684663200,83
1684664100,74
1684665000,66
1684665900,74
1684666800,65
1684667700,75
1684668600,65
1684669500,76
1684670400,65
1684671300,75
1684672200,66
1684673100,73
1684674000,63
1684674900,65
1684675800,55
1684676700,70
1684677600,65
1684678500,80
1684679400,91
1684680300,87
1684681200,79
1684682100,102
1684683000,72
1684683900,55
1684684800,60
1684685700,55
1684686600,60
1684687500,54
1684688400,61
1684689300,53
1684690200,91
1684691100,110
1684692000,113
1684692900,109
1684693800,155
1684694700,149
1684695600,152
1684696500,142
1684697400,131
1684698300,114
1684699200,121
1684700100,70
1684701000,111
1684701900,72
1684702800,78
1684703700,70
1684704600,79
1684705500,71
1684706400,75
1684707300,59
1684708200,65
1684709100,59
1684710000,69
1684710900,56
1684711800,63
1684712700,66
1684713600,80
1684714500,72
1684715400,79
1684716300,55
1684717200,67
1684718100,56
1684719000,64
1684719900,55
1684720800,63
1684721700,55
1684722600,62
1684723500,54
1684724400,63
1684725300,55
1684726200,56
1684727100,43
1684728000,54
1684728900,225
1684729800,102
1684730700,93
1684731600,72
1684732500,45
1684733400,172
1684734300,74
1684735200,89
1684736100,46
1684737000,130
1684737900,88
1684738800,63
1684739700,46
1684740600,429
1684741500,304
1684742400,154
1684743300,91
1684744200,181
1684745100,247
1684746000,67
1684746900,207
1684747800,91
1684748700,162
1684749600,697
1684750500,186
1684751400,364
1684752300,107
1684753200,86
1684754100,91
1684755000,205
1684755900,274
1684756800,154
1684757700,184
1684758600,344
1684759500,129
1684760400,136
1684761300,162
1684762200,104
1684763100,270
1684764000,264
1684764900,175
1684765800,118
1684766700,82
1684767600,63
1684768500,80
1684769400,71
1684770300,78
1684771200,51
1684772100,52
1684773000,46
1684773900,51
1684774800,45
1684775700,52
1684776600,45
1684777500,53
1684778400,44
1684779300,53
1684780200,45
1684781100,53
1684782000,59
1684782900,67
1684783800,60
1684784700,54
1684785600,44
1684786500,36
1684787400,26
1684788300,34
1684789200,25
1684790100,34
1684791000,27
1684791900,35
1684792800,26
1684793700,34
1684794600,29
1684795500,51
1684796400,42
1684797300,45
1684798200,26
1684799100,36
1684800000,25
1684800900,35
1684801800,26
1684802700,36
1684803600,99
1684804500,103
1684805400,63
1684806300,70
1684807200,45
1684808100,54
1684809000,48
1684809900,53
1684810800,44
1684811700,51
1684812600,43
1684813500,51
1684814400,43
1684815300,51
1684816200,42
1684817100,51
1684818000,55
1684818900,66
1684819800,65
1684820700,55
1684821600,43
1684822500,53
1684823400,153
1684824300,260
1684825200,87
1684826100,76
1684827000,357
1684827900,210
1684828800,83
1684829700,89
1684830600,94
1684831500,95
1684832400,71
1684833300,81
1684834200,72
1684835100,81
1684836000,75
1684836900,82
1684837800,133
1684838700,113
1684839600,170
1684840500,111
1684841400,103
1684842300,151
1684843200,100
1684844100,112
1684845000,99
1684845900,291
1684846800,265
1684847700,189
1684848600,188
1684849500,169
1684850400,170
1684851300,175
1684852200,201
1684853100,200
1684854000,205
1684854900,216
1684855800,635
1684856700,645
1684857600,281
1684858500,423
1684859400,421
1684860300,698
1684861200,575
1684862100,268
1684863000,127
1684863900,103
1684864800,134
1684865700,155
1684866600,171
1684867500,159
1684868400,168
1684869300,173
1684870200,181
1684871100,182
1684872000,185
1684872900,149
1684873800,270
1684874700,158
1684875600,103
1684876500,51
1684877400,43
1684878300,50
1684879200,59
1684880100,52
1684881000,48
1684881900,35
1684882800,43
1684883700,34
1684884600,44
1684885500,34
1684886400,43
1684887300,35
1684888200,44
1684889100,35
1684890000,99
1684890900,59
1684891800,78
1684892700,69
1684893600,69
1684894500,37
1684895400,43
1684896300,35
1684897200,44
1684898100,34
1684899000,43
1684899900,35
1684900800,40
1684901700,35
1684902600,43
1684903500,44
1684904400,67
1684905300,55
1684906200,90
1684907100,48
1684908000,202
1684908900,66
1684909800,219
1684910700,69
1684911600,84
1684912500,69
1684913400,71
1684914300,52
1684915200,54
1684916100,49
1684917000,54
1684917900,61
1684918800,140
1684919700,766
1684920600,264
1684921500,137
1684922400,429
1684923300,511
1684924200,341
1684925100,277
1684926000,114
1684926900,117
1684927800,110
1684928700,117
1684929600,86
1684930500,78
1684931400,66
1684932300,74
1684933200,66
1684934100,84
1684935000,81
1684935900,91
1684936800,82
1684937700,82
1684938600,65
1684939500,73
1684940400,65
1684941300,90
1684942200,124
1684943100,126
1684944000,126
1684944900,146
1684945800,144
1684946700,155
1684947600,113
1684948500,96
1684949400,96
1684950300,93
1684951200,111
1684952100,149
1684953000,148
1684953900,147
1684954800,149
1684955700,148
1684956600,223
1684957500,189
1684958400,141
1684959300,67
1684960200,75
1684961100,69
1684962000,77
1684962900,68
1684963800,75
1684964700,66
1684965600,65
1684966500,54
1684967400,65
1684968300,58
1684969200,68
1684970100,66
1684971000,79
1684971900,69
1684972800,65
1684973700,53
1684974600,63
1684975500,54
1684976400,62
1684977300,55
1684978200,61
1684979100,57
1684980000,60
1684980900,57
1684981800,58
1684982700,56
1684983600,62
1684984500,67
1684985400,56
1684986300,61
1684987200,61
1684988100,50
1684989000,42
1684989900,48
1684990800,125
1684991700,159
1684992600,174
1684993500,344
1684994400,529
1684995300,471
1684996200,468
1684997100,262
1684998000,275
1684998900,90
1684999800,82
1685000700,334
1685001600,204
1685002500,211
1685003400,686
1685004300,506
1685005200,509
1685006100,451
1685007000,181
1685007900,137
1685008800,534
1685009700,518
1685010600,378
1685011500,225
1685012400,134
1685013300,124
1685014200,151
1685015100,199
1685016000,152
1685016900,136
1685017800,218
1685018700,98
1685019600,118
1685020500,158
1685021400,166
1685022300,154
1685023200,163
1685024100,158
1685025000,193
1685025900,403
1685026800,127
1685027700,132
1685028600,132
1685029500,528
1685030400,646
1685031300,349
1685032200,153
1685033100,162
1685034000,191
1685034900,182
1685035800,190
1685036700,155
1685037600,140
1685038500,157
1685039400,162
1685040300,185
1685041200,181
1685042100,181
1685043000,161
1685043900,179
1685044800,177
1685045700,150
1685046600,96
1685047500,90
1685048400,79
1685049300,79
1685050200,68
1685051100,76
1685052000,74
1685052900,88
1685053800,74
1685054700,65
1685055600,63
1685056500,64
1685057400,60
1685058300,57
1685059200,60
1685060100,57
1685061000,62
1685061900,55
1685062800,62
1685063700,56
1685064600,81
1685065500,71
1685066400,69
1685067300,54
1685068200,56
1685069100,46
1685070000,57
1685070900,56
1685071800,59
1685072700,41
1685073600,51
1685074500,41
1685075400,97
1685076300,683
1685077200,742
1685078100,697
1685079000,618
1685079900,670
1685080800,74
1685081700,60
1685082600,145
1685083500,119
1685084400,140
1685085300,111
1685086200,128
1685087100,181
1685088000,146
1685088900,397
1685089800,210
1685090700,143
1685091600,170
1685092500,174
1685093400,842
1685094300,217
1685095200,467
1685096100,159
1685097000,158
1685097900,157
1685098800,115
1685099700,270
1685100600,369
1685101500,213
1685102400,176
1685103300,344
1685104200,433
1685105100,392
1685106000,496
1685106900,120
1685107800,117
1685108700,122
1685109600,136
1685110500,154
1685111400,134
1685112300,141
1685113200,167
1685114100,154
1685115000,139
1685115900,132
1685116800,133
1685117700,143
1685118600,133
1685119500,144
1685120400,136
1685121300,145
1685122200,145
1685123100,131
1685124000,125
1685124900,165
1685125800,133
1685126700,103
1685127600,139
1685128500,226
1685129400,99
1685130300,95
1685131200,42
1685132100,34
1685133000,24
1685133900,33
1685134800,24
1685135700,31
1685136600,69
1685137500,83
1685138400,60
1685139300,52
1685140200,53
1685141100,42
1685142000,49
1685142900,44
1685143800,50
1685144700,54
1685145600,65
1685146500,53
1685147400,47
1685148300,42
1685149200,45
1685150100,45
1685151000,41
1685151900,48
1685152800,39
1685153700,48
1685154600,38
1685155500,42
1685156400,31
1685157300,41
1685158200,47
1685159100,56
1685160000,205
1685160900,54
1685161800,48
1685162700,48
1685163600,47
1685164500,46
1685165400,43
1685166300,45
1685167200,56
1685168100,60
1685169000,67
1685169900,41
1685170800,52
1685171700,35
1685172600,236
1685173500,618
1685174400,669
1685175300,758
1685176200,507
1685177100,362
1685178000,133
1685178900,70
1685179800,101
1685180700,96
1685181600,99
1685182500,208
1685183400,173
1685184300,147
1685185200,123
1685186100,266
1685187000,97
1685187900,270
1685188800,263
1685189700,110
1685190600,98
1685191500,101
1685192400,73
1685193300,82
1685194200,86
1685195100,430
1685196000,516
1685196900,158
1685197800,113
1685198700,116
1685199600,137
1685200500,148
1685201400,143
1685202300,143
1685203200,147
1685204100,152
1685205000,134
1685205900,145
1685206800,155
1685207700,151
1685208600,155
1685209500,145
1685210400,157
1685211300,178
1685212200,191
1685213100,154
1685214000,134
1685214900,302
1685215800,166
1685216700,105
1685217600,72
1685218500,46
1685219400,52
1685220300,41
1685221200,57
1685222100,70
1685223000,84
1685223900,120
1685224800,77
1685225700,71
1685226600,57
1685227500,58
1685228400,63
1685229300,53
1685230200,62
1685231100,54
1685232000,64
1685232900,61
1685233800,58
1685234700,78
1685235600,67
1685236500,67
1685237400,51
1685238300,59
1685239200,57
1685240100,55
1685241000,60
1685241900,51
1685242800,61
1685243700,50
1685244600,61
1685245500,55
1685246400,72
1685247300,236
1685248200,148
1685249100,86
1685250000,383
1685250900,321
1685251800,417
1685252700,111
1685253600,40
1685254500,35
1685255400,42
1685256300,34
1685257200,42
1685258100,33
1685259000,41
1685259900,53
1685260800,78
1685261700,159
1685262600,80
1685263500,95
1685264400,100
1685265300,139
1685266200,138
1685267100,143
1685268000,135
1685268900,274
1685269800,212
1685270700,172
1685271600,188
1685272500,189
1685273400,180
1685274300,170
1685275200,180
1685276100,145
1685277000,142
1685277900,181
1685278800,124
1685279700,115
1685280600,110
1685281500,137
1685282400,131
1685283300,233
1685284200,706
1685285100,183
1685286000,156
1685286900,156
1685287800,141
1685288700,215
1685289600,233
1685290500,225
1685291400,254
1685292300,230
1685293200,238
1685294100,238
1685295000,232
1685295900,228
1685296800,233
1685297700,191
1685298600,152
1685299500,114
1685300400,105
1685301300,116
1685302200,159
1685303100,114
1685304000,71
1685304900,84
1685305800,66
1685306700,70
1685307600,72
1685308500,84
1685309400,87
1685310300,70
1685311200,75
1685312100,65
1685313000,68
1685313900,52
1685314800,54
1685315700,48
1685316600,55
1685317500,47
1685318400,56
1685319300,48
1685320200,67
1685321100,69
1685322000,57
1685322900,54
1685323800,46
1685324700,56
1685325600,47
1685326500,54
1685327400,41
1685328300,42
1685329200,35
1685330100,40
1685331000,35
1685331900,52
1685332800,174
1685333700,54
1685334600,35
1685335500,41
1685336400,40
1685337300,106
1685338200,131
1685339100,38
1685340000,100
1685340900,232
1685341800,373
1685342700,246
1685343600,268
1685344500,45
1685345400,51
1685346300,43
1685347200,101
1685348100,180
1685349000,163
1685349900,130
1685350800,116
1685351700,112
1685352600,120
1685353500,140
1685354400,93
1685355300,90
1685356200,152
1685357100,93
1685358000,90
1685358900,172
1685359800,120
1685360700,193
1685361600,225
1685362500,279
1685363400,137
1685364300,139
1685365200,118
1685366100,124
1685367000,110
1685367900,118
1685368800,119
1685369700,122
1685370600,124
1685371500,139
1685372400,141
1685373300,117
1685374200,117
1685375100,109
1685376000,113
1685376900,150
1685377800,151
1685378700,112
1685379600,154
1685380500,167
1685381400,277
1685382300,167
1685383200,172
1685384100,176
1685385000,163
1685385900,245
1685386800,167
1685387700,178
1685388600,180
1685389500,176
1685390400,149
1685391300,139
1685392200,130
1685393100,123
1685394000,142
1685394900,76
1685395800,61
1685396700,59
1685397600,36
1685398500,40
1685399400,45
1685400300,33
1685401200,44
1685402100,44
1685403000,33
1685403900,44
1685404800,43
1685405700,35
1685406600,44
1685407500,52
1685408400,56
1685409300,51
1685410200,36
1685411100,42
1685412000,44
1685412900,35
1685413800,44
1685414700,41
1685415600,40
1685416500,44
1685417400,37
1685418300,44
1685419200,46
1685420100,50
1685421000,78
1685421900,208
1685422800,177
1685423700,181
1685424600,137
1685425500,286
1685426400,274
1685427300,661
1685428200,616
1685429100,259
1685430000,114
1685430900,115
1685431800,86
1685432700,110
1685433600,111
1685434500,106
1685435400,139
1685436300,476
1685437200,643
1685438100,124
1685439000,98
1685439900,109
1685440800,104
1685441700,129
1685442600,524
1685443500,736
1685444400,743
1685445300,1388
1685446200,424
1685447100,421
1685448000,178
1685448900,288
1685449800,406
1685450700,175
1685451600,148
1685452500,138
1685453400,139
1685454300,152
1685455200,150
1685456100,152
1685457000,131
1685457900,134
1685458800,136
1685459700,141
1685460600,145
1685461500,138
1685462400,147
1685463300,142
1685464200,136
1685465100,162
1685466000,136
1685466900,147
1685467800,154
1685468700,236
1685469600,160
1685470500,174
1685471400,138
1685472300,138
1685473200,202
1685474100,199
1685475000,185
1685475900,201
1685476800,145
1685477700,54
1685478600,56
1685479500,37
1685480400,45
1685481300,40
1685482200,38
1685483100,45
1685484000,34
1685484900,45
1685485800,39
1685486700,40
1685487600,54
1685488500,53
1685489400,54
1685490300,37
1685491200,43
1685492100,43
1685493000,36
1685493900,45
1685494800,37
1685495700,44
1685496600,42
1685497500,44
1685498400,113
1685499300,56
1685500200,63
1685501100,59
1685502000,68
1685502900,64
1685503800,44
1685504700,45
1685505600,51
1685506500,70
1685507400,66
1685508300,64
1685509200,51
1685510100,38
1685511000,173
1685511900,53
1685512800,256
1685513700,716
1685514600,352
1685515500,64
1685516400,135
1685517300,57
1685518200,51
1685519100,56
1685520000,71
1685520900,73
1685521800,89
1685522700,412
1685523600,548
1685524500,131
1685525400,236
1685526300,437
1685527200,523
1685528100,607
1685529000,683
1685529900,323
1685530800,452
1685531700,160
1685532600,161
1685533500,100
1685534400,140
1685535300,95
1685536200,98
1685537100,84
1685538000,100
1685538900,84
1685539800,96
1685540700,111
1685541600,117
1685542500,115
1685543400,115
1685544300,100
1685545200,106
1685546100,96
1685547000,112
1685547900,117
1685548800,117
1685549700,113
1685550600,96
1685551500,105
1685552400,94
1685553300,102
1685554200,98
1685555100,362
1685556000,438
1685556900,160
1685557800,243
1685558700,163
1685559600,172
1685560500,179
1685561400,177
1685562300,165
1685563200,104
1685564100,74
1685565000,67
1685565900,52
1685566800,56
1685567700,60
1685568600,65
1685569500,59
1685570400,82
1685571300,72
1685572200,72
1685573100,59
1685574000,61
1685574900,64
1685575800,58
1685576700,65
1685577600,56
1685578500,67
1685579400,53
1685580300,52
1685581200,56
1685582100,38
1685583000,48
1685583900,55
1685584800,64
1685585700,46
1685586600,1590
1685587500,2488
1685588400,2255
1685589300,1483
1685590200,1218
1685591100,1180
1685592000,943
1685592900,942
1685593800,1180
1685594700,181
1685595600,94
1685596500,64
1685597400,94
1685598300,84
1685599200,248
1685600100,67
1685601000,238
1685601900,586
1685602800,361
1685603700,385
1685604600,714
1685605500,733
1685606400,477
1685607300,598
1685608200,387
1685609100,371
1685610000,518
1685610900,1020
1685611800,498
1685612700,433
1685613600,169
1685614500,184
1685615400,163
1685616300,154
1685617200,150
1685618100,149
1685619000,146
1685619900,143
1685620800,135
1685621700,150
1685622600,147
1685623500,227
1685624400,225
1685625300,173
1685626200,189
1685627100,407
1685628000,524
1685628900,250
1685629800,368
1685630700,126
1685631600,152
1685632500,270
1685633400,806
1685634300,823
1685635200,704
1685636100,767
1685637000,200
1685637900,138
1685638800,127
1685639700,125
1685640600,83
1685641500,85
1685642400,79
1685643300,70
1685644200,83
1685645100,83
1685646000,74
1685646900,78
1685647800,77
1685648700,84
1685649600,70
1685650500,62
1685651400,63
1685652300,59
1685653200,36
1685654100,43
1685655000,54
1685655900,90
1685656800,71
1685657700,53
1685658600,73
1685659500,46
1685660400,50
1685661300,42
1685662200,62
1685663100,48
1685664000,52
1685664900,56
1685665800,73
1685666700,65
1685667600,62
1685668500,65
1685669400,63
1685670300,65
1685671200,40
1685672100,48
1685673000,40
1685673900,65
1685674800,40
1685675700,48
1685676600,40
1685677500,61
1685678400,43
1685679300,63
1685680200,55
1685681100,69
1685682000,216
1685682900,356
1685683800,112
1685684700,212
1685685600,366
1685686500,144
1685687400,129
1685688300,363
1685689200,104
1685690100,153
1685691000,313
1685691900,97
1685692800,229
1685693700,817
1685694600,760
1685695500,141
1685696400,237
1685697300,330
1685698200,229
1685699100,183
1685700000,279
1685700900,130
1685701800,174
1685702700,829
1685703600,234
1685704500,516
1685705400,404
1685706300,818
1685707200,838
1685708100,702
1685709000,617
1685709900,150
1685710800,120
1685711700,112
1685712600,187
1685713500,496
1685714400,428
1685715300,465
1685716200,444
1685717100,298
1685718000,275
1685718900,155
1685719800,146
1685720700,155
1685721600,128
1685722500,136
1685723400,125
1685724300,139
1685725200,141
1685726100,134
1685727000,132
1685727900,128
1685728800,234
1685729700,155
1685730600,146
1685731500,139
1685732400,147
1685733300,163
1685734200,155
1685735100,150
1685736000,171
1685736900,178
1685737800,155
1685738700,133
1685739600,103
1685740500,117
1685741400,110
1685742300,109
1685743200,104
1685744100,104
1685745000,91
1685745900,56
1685746800,66
1685747700,44
1685748600,63
1685749500,50
1685750400,49
1685751300,63
1685752200,65
1685753100,72
1685754000,38
1685754900,47
1685755800,39
1685756700,60
1685757600,41
1685758500,48
1685759400,41
1685760300,47
1685761200,58
1685762100,39
1685763000,55
1685763900,44
1685764800,65
1685765700,75
1685766600,236
1685767500,142
1685768400,137
1685769300,103
1685770200,100
1685771100,99
1685772000,78
1685772900,100
1685773800,83
1685774700,96
1685775600,124
1685776500,144
1685777400,116
1685778300,156
1685779200,267
1685780100,179
1685781000,164
1685781900,121
1685782800,171
1685783700,762
1685784600,481
1685785500,127
1685786400,137
1685787300,473
1685788200,284
1685789100,166
1685790000,188
1685790900,737
1685791800,309
1685792700,363
1685793600,441
1685794500,338
1685795400,126
1685796300,156
1685797200,266
1685798100,398
1685799000,130
1685799900,124
1685800800,272
1685801700,365
1685802600,274
1685803500,316
1685804400,199
1685805300,127
1685806200,246
1685807100,569
1685808000,290
1685808900,666
1685809800,695
1685810700,237
1685811600,192
1685812500,202
1685813400,198
1685814300,192
1685815200,190
1685816100,185
1685817000,178
1685817900,173
1685818800,224
1685819700,156
1685820600,152
1685821500,136
1685822400,124
1685823300,91
1685824200,88
1685825100,93
1685826000,81
1685826900,69
1685827800,70
1685828700,69
1685829600,58
1685830500,63
1685831400,60
1685832300,75
1685833200,58
1685834100,64
1685835000,55
1685835900,76
1685836800,60
1685837700,77
1685838600,74
1685839500,68
1685840400,66
1685841300,58
1685842200,60
1685843100,57
1685844000,77
1685844900,60
1685845800,85
1685846700,70
1685847600,91
1685848500,59
1685849400,63
1685850300,62
1685851200,235
1685852100,201
1685853000,177
1685853900,77
1685854800,105
1685855700,78
1685856600,59
1685857500,39
1685858400,47
1685859300,53
1685860200,49
1685861100,101
1685862000,106
1685862900,182
1685863800,110
1685864700,101
1685865600,108
1685866500,123
1685867400,102
1685868300,71
1685869200,64
1685870100,75
1685871000,78
1685871900,79
1685872800,71
1685873700,149
1685874600,193
1685875500,192
1685876400,181
1685877300,154
1685878200,99
1685879100,142
1685880000,90
1685880900,179
1685881800,132
1685882700,135
1685883600,99
1685884500,100
1685885400,89
1685886300,266
1685887200,119
1685888100,120
1685889000,130
1685889900,137
1685890800,138
1685891700,128
1685892600,102
1685893500,171
1685894400,172
1685895300,126
1685896200,225
1685897100,144
1685898000,474
1685898900,571
1685899800,299
1685900700,323
1685901600,125
1685902500,159
1685903400,114
1685904300,125
1685905200,121
1685906100,113
1685907000,117
1685907900,114
1685908800,114
1685909700,96
1685910600,94
1685911500,136
1685912400,90
1685913300,89
1685914200,84
1685915100,87
1685916000,80
1685916900,65
1685917800,70
1685918700,77
1685919600,68
1685920500,63
1685921400,68
1685922300,75
1685923200,81
1685924100,82
1685925000,67
1685925900,69
1685926800,70
1685927700,68
1685928600,65
1685929500,106
1685930400,99
1685931300,72
1685932200,68
1685933100,1350
1685934000,2178
1685934900,2185
1685935800,1406
1685936700,1509
1685937600,1238
1685938500,1210
1685939400,926
1685940300,1058
1685941200,282
1685942100,206
1685943000,154
1685943900,131
1685944800,105
1685945700,108
1685946600,122
1685947500,168
1685948400,175
1685949300,133
1685950200,123
1685951100,198
1685952000,117
1685952900,314
1685953800,204
1685954700,152
1685955600,144
1685956500,180
1685957400,706
1685958300,289
1685959200,380
1685960100,126
1685961000,128
1685961900,122
1685962800,272
1685963700,708
1685964600,612
1685965500,652
1685966400,410
1685967300,116
1685968200,113
1685969100,123
1685970000,135
1685970900,82
1685971800,80
1685972700,91
1685973600,269
1685974500,997
1685975400,781
1685976300,695
1685977200,960
1685978100,1118
1685979000,413
1685979900,203
1685980800,183
1685981700,189
1685982600,174
1685983500,188
1685984400,567
1685985300,1215
1685986200,780
1685987100,716
1685988000,293
1685988900,195
1685989800,97
1685990700,98
1685991600,91
1685992500,96
1685993400,104
1685994300,99
1685995200,114
1685996100,103
1685997000,103
1685997900,84
1685998800,69
1685999700,78
1686000600,81
1686001500,80
1686002400,76
1686003300,66
1686004200,74
1686005100,73
1686006000,67
1686006900,68
1686007800,56
1686008700,89
1686009600,78
1686010500,84
1686011400,67
1686012300,76
1686013200,75
1686014100,57
1686015000,80
1686015900,89
1686016800,97
1686017700,92
1686018600,80
1686019500,65
1686020400,80
1686021300,80
1686022200,75
1686023100,71
1686024000,95
1686024900,73
1686025800,72
1686026700,77
1686027600,100
1686028500,244
1686029400,103
1686030300,349
1686031200,466
1686032100,112
1686033000,94
1686033900,93
1686034800,231
1686035700,179
1686036600,188
1686037500,156
1686038400,143
1686039300,185
1686040200,220
1686041100,573
1686042000,679
1686042900,255
1686043800,232
1686044700,539
1686045600,395
1686046500,461
1686047400,310
1686048300,544
1686049200,330
1686050100,231
1686051000,115
1686051900,114
1686052800,183
1686053700,186
1686054600,230
1686055500,287
1686056400,187
1686057300,193
1686058200,175
1686059100,165
1686060000,179
1686060900,155
1686061800,156
1686062700,163
1686063600,152
1686064500,151
1686065400,158
1686066300,168
1686067200,156
1686068100,156
1686069000,173
1686069900,174
1686070800,200
1686071700,199
1686072600,189
1686073500,175
1686074400,167
1686075300,151
1686076200,164
1686077100,166
1686078000,157
1686078900,298
1686079800,131
1686080700,117
1686081600,90
1686082500,116
1686083400,69
1686084300,57
1686085200,64
1686086100,62
1686087000,46
1686087900,38
1686088800,60
1686089700,38
1686090600,46
1686091500,53
1686092400,80
1686093300,66
1686094200,84
1686095100,91
1686096000,74
1686096900,46
1686097800,38
1686098700,58
1686099600,40
1686100500,47
1686101400,38
1686102300,58
1686103200,54
1686104100,72
1686105000,63
1686105900,80
1686106800,72
1686107700,48
1686108600,48
1686109500,53
1686110400,67
1686111300,56
1686112200,51
1686113100,47
1686114000,65
1686114900,62
1686115800,73
1686116700,65
1686117600,263
1686118500,755
1686119400,656
1686120300,722
1686121200,810
1686122100,239
1686123000,60
1686123900,61
1686124800,54
1686125700,63
1686126600,575
1686127500,1012
1686128400,672
1686129300,590
1686130200,146
1686131100,182
1686132000,202
1686132900,203
1686133800,169
1686134700,167
1686135600,113
1686136500,168
1686137400,204
1686138300,254
1686139200,208
1686140100,154
1686141000,118
1686141900,130
1686142800,194
1686143700,223
1686144600,151
1686145500,104
1686146400,73
1686147300,83
1686148200,111
1686149100,107
1686150000,116
1686150900,149
1686151800,178
1686152700,193
1686153600,207
1686154500,184
1686155400,177
1686156300,175
1686157200,171
1686158100,168
1686159000,181
1686159900,193
1686160800,186
1686161700,167
1686162600,133
1686163500,130
1686164400,124
1686165300,125
1686166200,108
1686167100,112
1686168000,111
1686168900,110
1686169800,88
1686170700,79
1686171600,71
1686172500,93
1686173400,71
1686174300,52
1686175200,36
1686176100,57
1686177000,37
1686177900,42
1686178800,41
1686179700,54
1686180600,39
1686181500,40
1686182400,45
1686183300,54
1686184200,62
1686185100,52
1686186000,53
1686186900,48
1686187800,46
1686188700,36
1686189600,45
1686190500,50
1686191400,45
1686192300,37
1686193200,44
1686194100,76
1686195000,84
1686195900,73
1686196800,67
1686197700,76
1686198600,56
1686199500,52
1686200400,60
1686201300,218
1686202200,266
1686203100,310
1686204000,460
1686204900,403
1686205800,371
1686206700,178
1686207600,275
1686208500,324
1686209400,117
1686210300,247
1686211200,203
1686212100,627
1686213000,419
1686213900,866
1686214800,1159
1686215700,724
1686216600,289
1686217500,173
1686218400,174
1686219300,154
1686220200,160
1686221100,88
1686222000,98
1686222900,468
1686223800,1315
1686224700,781
1686225600,689
1686226500,679
1686227400,353
1686228300,153
1686229200,106
1686230100,115
1686231000,107
1686231900,106
1686232800,102
1686233700,139
1686234600,150
1686235500,159
1686236400,538
1686237300,715
1686238200,324
1686239100,129
1686240000,118
1686240900,143
1686241800,119
1686242700,121
1686243600,122
1686244500,124
1686245400,116
1686246300,197
1686247200,212
1686248100,127
1686249000,126
1686249900,146
1686250800,168
1686251700,149
1686252600,112
1686253500,124
1686254400,126
1686255300,129
1686256200,129
1686257100,127
1686258000,108
1686258900,105
1686259800,97
1686260700,121
1686261600,100
1686262500,108
1686263400,91
1686264300,84
1686265200,60
1686266100,50
1686267000,49
1686267900,47
1686268800,45
1686269700,35
1686270600,47
1686271500,48
1686272400,45
1686273300,38
1686274200,44
1686275100,55
1686276000,38
1686276900,45
1686277800,57
1686278700,91
1686279600,75
1686280500,87
1686281400,47
1686282300,59
1686283200,41
1686284100,50
1686285000,57
1686285900,84
1686286800,263
1686287700,56
1686288600,60
1686289500,102
1686290400,118
1686291300,114
1686292200,138
1686293100,128
1686294000,102
1686294900,72
1686295800,80
1686296700,212
1686297600,270
1686298500,474
1686299400,266
1686300300,680
1686301200,475
1686302100,152
1686303000,141
1686303900,156
1686304800,142
1686305700,140
1686306600,129
1686307500,176
1686308400,697
1686309300,222
1686310200,291
1686311100,120
1686312000,121
1686312900,116
1686313800,166
1686314700,134
1686315600,127
1686316500,126
1686317400,112
1686318300,111
1686319200,195
1686320100,120
1686321000,124
1686321900,127
1686322800,138
1686323700,117
1686324600,106
1686325500,242
1686326400,144
1686327300,123
1686328200,105
1686329100,94
1686330000,117
1686330900,144
1686331800,144
1686332700,147
1686333600,145
1686334500,116
1686335400,129
1686336300,116
1686337200,115
1686338100,107
1686339000,127
1686339900,78
1686340800,70
1686341700,50
1686342600,59
1686343500,48
1686344400,41
1686345300,41
1686346200,75
1686347100,74
1686348000,80
1686348900,70
1686349800,56
1686350700,54
1686351600,51
1686352500,55
1686353400,46
1686354300,41
1686355200,48
1686356100,54
1686357000,45
1686357900,45
1686358800,65
1686359700,71
1686360600,52
1686361500,46
1686362400,46
1686363300,56
1686364200,44
1686365100,62
1686366000,62
1686366900,73
1686367800,44
1686368700,46
1686369600,61
1686370500,332
1686371400,88
1686372300,155
1686373200,134
1686374100,141
1686375000,110
1686375900,120
1686376800,141
1686377700,105
1686378600,73
1686379500,111
1686380400,124
1686381300,102
1686382200,84
1686383100,86
1686384000,82
1686384900,88
1686385800,178
1686386700,163
1686387600,204
1686388500,256
1686389400,197
1686390300,138
1686391200,92
1686392100,154
1686393000,205
1686393900,162
1686394800,163
1686395700,165
1686396600,112
1686397500,221
1686398400,93
1686399300,116
1686400200,178
1686401100,189
1686402000,149
1686402900,222
1686403800,86
1686404700,114
1686405600,132
1686406500,237
1686407400,159
1686408300,199
1686409200,119
1686410100,120
1686411000,130
1686411900,139
1686412800,126
1686413700,127
1686414600,111
1686415500,159
1686416400,142
1686417300,108
1686418200,100
1686419100,120
1686420000,110
1686420900,123
1686421800,129
1686422700,137
1686423600,144
1686424500,139
1686425400,115
1686426300,103
1686427200,99
1686428100,69
1686429000,127
1686429900,656
1686430800,98
1686431700,72
1686432600,76
1686433500,71
1686434400,93
1686435300,72
1686436200,94
1686437100,85
1686438000,105
1686438900,72
1686439800,79
1686440700,68
1686441600,80
1686442500,59
1686443400,65
1686444300,58
1686445200,78
1686446100,63
1686447000,65
1686447900,55
1686448800,72
1686449700,64
1686450600,73
1686451500,73
1686452400,86
1686453300,71
1686454200,95
1686455100,477
1686456000,496
1686456900,320
1686457800,255
1686458700,94
1686459600,104
1686460500,105
1686461400,81
1686462300,54
1686463200,61
1686464100,81
1686465000,216
1686465900,148
1686466800,256
1686467700,494
1686468600,395
1686469500,204
1686470400,148
1686471300,323
1686472200,528
1686473100,273
1686474000,286
1686474900,248
1686475800,194
1686476700,170
1686477600,201
1686478500,180
1686479400,190
1686480300,234
1686481200,473
1686482100,220
1686483000,386
1686483900,137
1686484800,129
1686485700,107
1686486600,110
1686487500,566
1686488400,284
1686489300,192
1686490200,201
1686491100,185
1686492000,161
1686492900,151
1686493800,162
1686494700,164
1686495600,169
1686496500,150
1686497400,161
1686498300,147
1686499200,139
1686500100,149
1686501000,167
1686501900,150
1686502800,1042
1686503700,2287
1686504600,2285
1686505500,1543
1686506400,1306
1686507300,1227
1686508200,1390
1686509100,1110
1686510000,1086
1686510900,1132
1686511800,1115
1686512700,1128
1686513600,373
1686514500,141
1686515400,143
1686516300,124
1686517200,133
1686518100,113
1686519000,119
1686519900,115
1686520800,129
1686521700,119
1686522600,145
1686523500,76
1686524400,85
1686525300,72
1686526200,73
1686527100,67
1686528000,69
1686528900,73
1686529800,85
1686530700,86
1686531600,65
1686532500,56
1686533400,66
1686534300,73
1686535200,69
1686536100,49
1686537000,51
1686537900,55
1686538800,51
1686539700,42
1686540600,54
1686541500,62
1686542400,231
1686543300,58
1686544200,70
1686545100,194
1686546000,124
1686546900,87
1686547800,68
1686548700,122
1686549600,158
1686550500,281
1686551400,113
1686552300,66
1686553200,72
1686554100,92
1686555000,117
1686555900,119
1686556800,271
1686557700,383
1686558600,187
1686559500,248
1686560400,159
1686561300,936
1686562200,368
1686563100,461
1686564000,178
1686564900,554
1686565800,690
1686566700,715
1686567600,477
1686568500,172
1686569400,190
1686570300,200
1686571200,186
1686572100,191
1686573000,173
1686573900,151
1686574800,159
1686575700,678
1686576600,1364
1686577500,1327
1686578400,757
1686579300,374
1686580200,422
1686581100,194
1686582000,177
1686582900,148
1686583800,157
1686584700,132
1686585600,143
1686586500,137
1686587400,156
1686588300,440
1686589200,781
1686590100,674
1686591000,379
1686591900,147
1686592800,150
1686593700,148
1686594600,188
1686595500,209
1686596400,144
1686597300,314
1686598200,200
1686599100,215
1686600000,152
1686600900,118
1686601800,142
1686602700,84
1686603600,79
1686604500,84
1686605400,82
1686606300,75
1686607200,68
1686608100,73
1686609000,65
1686609900,54
1686610800,37
1686611700,53
1686612600,44
1686613500,46
1686614400,38
1686615300,57
1686616200,39
1686617100,46
1686618000,36
1686618900,60
1686619800,38
1686620700,46
1686621600,51
1686622500,135
1686623400,71
1686624300,58
1686625200,54
1686626100,58
1686627000,41
1686627900,53
1686628800,50
1686629700,49
1686630600,40
1686631500,62
1686632400,192
1686633300,309
1686634200,201
1686635100,70
1686636000,59
1686636900,272
1686637800,155
1686638700,409
1686639600,345
1686640500,87
1686641400,73
1686642300,216
1686643200,91
1686644100,459
1686645000,261
1686645900,114
1686646800,173
1686647700,111
1686648600,103
1686649500,126
1686650400,137
1686651300,243
1686652200,119
1686653100,376
1686654000,361
1686654900,225
1686655800,153
1686656700,122
1686657600,127
1686658500,181
1686659400,194
1686660300,171
1686661200,156
1686662100,144
1686663000,136
1686663900,348
1686664800,518
1686665700,177
1686666600,165
1686667500,169
1686668400,153
1686669300,166
1686670200,168
1686671100,159
1686672000,143
1686672900,156
1686673800,143
1686674700,143
1686675600,145
1686676500,146
1686677400,136
1686678300,147
1686679200,590
1686680100,252
1686681000,523
1686681900,149
1686682800,300
1686683700,506
1686684600,135
1686685500,99
1686686400,119
1686687300,86
1686688200,79
1686689100,77
1686690000,66
1686690900,34
1686691800,43
1686692700,47
1686693600,47
1686694500,143
1686695400,104
1686696300,64
1686697200,62
1686698100,56
1686699000,69
1686699900,63
1686700800,66
1686701700,56
1686702600,75
1686703500,78
1686704400,75
1686705300,38
1686706200,52
1686707100,40
1686708000,43
1686708900,36
1686709800,52
1686710700,40
1686711600,44
1686712500,34
1686713400,53
1686714300,40
1686715200,43
1686716100,103
1686717000,110
1686717900,147
1686718800,61
1686719700,79
1686720600,127
1686721500,67
1686722400,69
1686723300,39
1686724200,61
1686725100,57
1686726000,51
1686726900,54
1686727800,58
1686728700,60
1686729600,47
1686730500,56
1686731400,540
1686732300,981
1686733200,776
1686734100,254
1686735000,357
1686735900,255
1686736800,129
1686737700,141
1686738600,512
1686739500,472
1686740400,410
1686741300,451
1686742200,122
1686743100,133
1686744000,140
1686744900,142
1686745800,169
1686746700,144
1686747600,131
1686748500,126
1686749400,120
1686750300,109
1686751200,126
1686752100,114
1686753000,117
1686753900,104
1686754800,120
1686755700,96
1686756600,108
1686757500,94
1686758400,125
1686759300,99
1686760200,121
1686761100,128
1686762000,145
1686762900,116
1686763800,165
1686764700,123
1686765600,118
1686766500,137
1686767400,154
1686768300,165
1686769200,162
1686770100,158
1686771000,143
1686771900,152
1686772800,127
1686773700,139
1686774600,112
1686775500,125
1686776400,116
1686777300,87
1686778200,69
1686779100,56
1686780000,133
1686780900,59
1686781800,66
1686782700,58
1686783600,73
1686784500,47
1686785400,46
1686786300,36
1686787200,59
1686788100,37
1686789000,44
1686789900,38
1686790800,76
1686791700,54
1686792600,54
1686793500,43
1686794400,52
1686795300,43
1686796200,53
1686797100,61
1686798000,65
1686798900,60
1686799800,51
1686800700,62
1686801600,65
1686802500,45
1686803400,36
1686804300,49
1686805200,68
1686806100,65
1686807000,213
1686807900,194
1686808800,210
1686809700,351
1686810600,422
1686811500,415
1686812400,140
1686813300,81
1686814200,85
1686815100,466
1686816000,629
1686816900,691
1686817800,651
1686818700,324
1686819600,1026
1686820500,186
1686821400,448
1686822300,67
1686823200,80
1686824100,126
1686825000,81
1686825900,181
1686826800,103
1686827700,105
1686828600,100
1686829500,111
1686830400,126
1686831300,114
1686832200,102
1686833100,130
1686834000,187
1686834900,137
1686835800,127
1686836700,703
1686837600,790
1686838500,736
1686839400,611
1686840300,167
1686841200,153
1686842100,125
1686843000,121
1686843900,115
1686844800,133
1686845700,165
1686846600,181
1686847500,188
1686848400,236
1686849300,229
1686850200,186
1686851100,185
1686852000,188
1686852900,186
1686853800,177
1686854700,179
1686855600,181
1686856500,175
1686857400,162
1686858300,202
1686859200,186
1686860100,167
1686861000,157
1686861900,102
1686862800,117
1686863700,86
1686864600,86
1686865500,67
1686866400,80
1686867300,55
1686868200,66
1686869100,54
1686870000,74
1686870900,70
1686871800,97
1686872700,88
1686873600,92
1686874500,48
1686875400,54
1686876300,58
1686877200,78
1686878100,69
1686879000,46
1686879900,44
1686880800,43
1686881700,42
1686882600,35
1686883500,46
1686884400,41
1686885300,41
1686886200,34
1686887100,48
1686888000,40
1686888900,46
1686889800,182
1686890700,147
1686891600,79
1686892500,92
1686893400,66
1686894300,151
1686895200,136
1686896100,133
1686897000,72
1686897900,82
1686898800,143
1686899700,99
1686900600,127
1686901500,141
1686902400,85
1686903300,208
1686904200,198
1686905100,753
1686906000,169
1686906900,67
1686907800,105
1686908700,1231
1686909600,398
1686910500,353
1686911400,69
1686912300,99
1686913200,86
1686914100,93
1686915000,106
1686915900,145
1686916800,125
1686917700,117
1686918600,84
1686919500,77
1686920400,72
1686921300,61
1686922200,70
1686923100,69
1686924000,62
1686924900,64
1686925800,70
1686926700,61
1686927600,67
1686928500,54
1686929400,86
1686930300,124
1686931200,114
1686932100,114
1686933000,92
1686933900,113
1686934800,126
1686935700,164
1686936600,130
1686937500,141
1686938400,124
1686939300,153
1686940200,150
1686941100,152
1686942000,142
1686942900,152
1686943800,156
1686944700,166
1686945600,161
1686946500,138
1686947400,143
1686948300,103
1686949200,159
1686950100,98
1686951000,100
1686951900,81
1686952800,88
1686953700,64
1686954600,62
1686955500,68
1686956400,64
1686957300,54
1686958200,74
1686959100,51
1686960000,55
1686960900,41
1686961800,46
1686962700,37
1686963600,39
1686964500,51
1686965400,51
1686966300,56
1686967200,56
1686968100,44
1686969000,34
1686969900,54
1686970800,63
1686971700,57
1686972600,45
1686973500,48
1686974400,42
1686975300,43
1686976200,34
1686977100,224
1686978000,74
1686978900,62
1686979800,247
1686980700,264
1686981600,186
1686982500,64
1686983400,301
1686984300,122
1686985200,243
1686986100,473
1686987000,589
1686987900,449
1686988800,616
1686989700,519
1686990600,506
1686991500,661
1686992400,533
1686993300,112
1686994200,115
1686995100,95
1686996000,308
1686996900,211
1686997800,128
1686998700,92
1686999600,110
1687000500,194
1687001400,150
1687002300,152
1687003200,152
1687004100,206
1687005000,1193
1687005900,370
1687006800,475
1687007700,119
1687008600,104
1687009500,102
1687010400,101
1687011300,148
1687012200,149
1687013100,199
1687014000,124
1687014900,153
1687015800,111
1687016700,145
1687017600,134
1687018500,152
1687019400,130
1687020300,183
1687021200,240
1687022100,188
1687023000,146
1687023900,165
1687024800,598
1687025700,992
1687026600,228
1687027500,160
1687028400,174
1687029300,160
1687030200,151
1687031100,157
1687032000,189
1687032900,140
1687033800,120
1687034700,107
1687035600,126
1687036500,105
1687037400,116
1687038300,126
1687039200,103
1687040100,74
1687041000,77
1687041900,76
1687042800,70
1687043700,57
1687044600,56
1687045500,59
1687046400,48
1687047300,46
1687048200,46
1687049100,65
1687050000,35
1687050900,51
1687051800,51
1687052700,72
1687053600,35
1687054500,43
1687055400,34
1687056300,56
1687057200,35
1687058100,45
1687059000,44
1687059900,54
1687060800,45
1687061700,205
1687062600,292
1687063500,111
1687064400,82
1687065300,247
1687066200,80
1687067100,86
1687068000,71
1687068900,83
1687069800,139
1687070700,131
1687071600,132
1687072500,137
1687073400,157
1687074300,123
1687075200,129
1687076100,121
1687077000,135
1687077900,178
1687078800,94
1687079700,80
1687080600,111
1687081500,96
1687082400,114
1687083300,215
1687084200,212
1687085100,214
1687086000,826
1687086900,252
1687087800,493
1687088700,142
1687089600,107
1687090500,102
1687091400,104
1687092300,102
1687093200,111
1687094100,162
1687095000,153
1687095900,149
1687096800,134
1687097700,149
1687098600,123
1687099500,133
1687100400,120
1687101300,139
1687102200,129
1687103100,121
1687104000,115
1687104900,129
1687105800,139
1687106700,139
1687107600,162
1687108500,269
1687109400,183
1687110300,132
1687111200,159
1687112100,154
1687113000,152
1687113900,132
1687114800,160
1687115700,134
1687116600,136
1687117500,119
1687118400,141
1687119300,87
1687120200,89
1687121100,83
1687122000,113
1687122900,104
1687123800,97
1687124700,76
1687125600,67
1687126500,62
1687127400,59
1687128300,71
1687129200,58
1687130100,62
1687131000,54
1687131900,75
1687132800,55
1687133700,65
1687134600,51
1687135500,77
1687136400,66
1687137300,76
1687138200,50
1687139100,57
1687140000,39
1687140900,48
1687141800,50
1687142700,53
1687143600,41
1687144500,63
1687145400,51
1687146300,46
1687147200,207
1687148100,51
1687149000,72
1687149900,58
1687150800,47
1687151700,38
1687152600,117
1687153500,116
1687154400,159
1687155300,89
1687156200,61
1687157100,213
1687158000,200
1687158900,91
1687159800,599
1687160700,545
1687161600,74
1687162500,142
1687163400,76
1687164300,194
1687165200,83
1687166100,96
1687167000,66
1687167900,153
1687168800,80
1687169700,94
1687170600,276
1687171500,139
1687172400,75
1687173300,146
1687174200,145
1687175100,251
1687176000,758
1687176900,949
1687177800,944
1687178700,383
1687179600,132
1687180500,117
1687181400,130
1687182300,111
1687183200,130
1687184100,110
1687185000,120
1687185900,122
1687186800,303
1687187700,116
1687188600,139
1687189500,152
1687190400,132
1687191300,122
1687192200,122
1687193100,145
1687194000,118
1687194900,128
1687195800,123
1687196700,121
1687197600,102
1687198500,101
1687199400,108
1687200300,146
1687201200,150
1687202100,189
1687203000,188
1687203900,204
1687204800,152
1687205700,129
1687206600,164
1687207500,131
1687208400,148
1687209300,133
1687210200,125
1687211100,131
1687212000,117
1687212900,84
1687213800,78
1687214700,76
1687215600,73
1687216500,87
1687217400,58
1687218300,53
1687219200,45
1687220100,69
1687221000,43
1687221900,54
1687222800,59
1687223700,82
1687224600,56
1687225500,49
1687226400,49
1687227300,53
1687228200,40
1687229100,49
1687230000,56
1687230900,62
1687231800,65
1687232700,53
1687233600,58
1687234500,45
1687235400,64
1687236300,65
1687237200,79
1687238100,141
1687239000,239
1687239900,197
1687240800,181
1687241700,164
1687242600,86
1687243500,99
1687244400,97
1687245300,179
1687246200,663
1687247100,181
1687248000,253
1687248900,48
1687249800,61
1687250700,56
1687251600,49
1687252500,53
1687253400,73
1687254300,72
1687255200,65
1687256100,71
1687257000,78
1687257900,85
1687258800,84
1687259700,148
1687260600,151
1687261500,165
1687262400,104
1687263300,121
1687264200,104
1687265100,118
1687266000,99
1687266900,114
1687267800,92
1687268700,136
1687269600,115
1687270500,112
1687271400,136
1687272300,135
1687273200,145
1687274100,130
1687275000,137
1687275900,134
1687276800,155
1687277700,143
1687278600,153
1687279500,154
1687280400,167
1687281300,151
1687282200,140
1687283100,139
1687284000,148
1687284900,154
1687285800,251
1687286700,167
1687287600,154
1687288500,121
1687289400,118
1687290300,189
1687291200,152
1687292100,151
1687293000,123
1687293900,120
1687294800,101
1687295700,115
1687296600,118
1687297500,121
1687298400,113
1687299300,70
1687300200,87
1687301100,83
1687302000,94
1687302900,88
1687303800,96
1687304700,73
1687305600,77
1687306500,64
1687307400,69
1687308300,48
1687309200,54
1687310100,48
1687311000,64
1687311900,50
1687312800,49
1687313700,49
1687314600,71
1687315500,70
1687316400,63
1687317300,51
1687318200,52
1687319100,49
1687320000,46
1687320900,50
1687321800,54
1687322700,49
1687323600,53
1687324500,65
1687325400,67
1687326300,79
1687327200,322
1687328100,455
1687329000,432
1687329900,793
1687330800,297
1687331700,438
1687332600,524
1687333500,362
1687334400,373
1687335300,571
1687336200,364
1687337100,569
1687338000,799
1687338900,214
1687339800,363
1687340700,157
1687341600,168
1687342500,177
1687343400,164
1687344300,145
1687345200,108
1687346100,110
1687347000,117
1687347900,107
1687348800,118
1687349700,133
1687350600,203
1687351500,193
1687352400,217
1687353300,197
1687354200,193
1687355100,148
1687356000,127
1687356900,107
1687357800,104
1687358700,125
1687359600,1502
1687360500,2097
1687361400,1562
1687362300,1029
1687363200,1146
1687364100,930
1687365000,1025
1687365900,1506
1687366800,2252
1687367700,1240
1687368600,1068
1687369500,1050
1687370400,1357
1687371300,320
1687372200,1322
1687373100,1046
1687374000,248
1687374900,264
1687375800,177
1687376700,150
1687377600,238
1687378500,141
1687379400,133
1687380300,127
1687381200,84
1687382100,102
1687383000,84
1687383900,94
1687384800,85
1687385700,106
1687386600,96
1687387500,95
1687388400,94
1687389300,77
1687390200,70
1687391100,74
1687392000,73
1687392900,54
1687393800,58
1687394700,65
1687395600,56
1687396500,47
1687397400,62
1687398300,49
1687399200,61
1687400100,62
1687401000,84
1687401900,66
1687402800,56
1687403700,49
1687404600,56
1687405500,46
1687406400,42
1687407300,58
1687408200,272
1687409100,275
1687410000,250
1687410900,391
1687411800,375
1687412700,450
1687413600,565
1687414500,118
1687415400,346
1687416300,441
1687417200,851
1687418100,929
1687419000,918
1687419900,530
1687420800,80
1687421700,432
1687422600,525
1687423500,518
1687424400,52
1687425300,60
1687426200,77
1687427100,75
1687428000,75
1687428900,81
1687429800,481
1687430700,653
1687431600,264
1687432500,483
1687433400,138
1687434300,113
1687435200,162
1687436100,233
1687437000,944
1687437900,769
1687438800,712
1687439700,628
1687440600,271
1687441500,108
1687442400,123
1687443300,95
1687444200,98
1687445100,123
1687446000,77
1687446900,80
1687447800,67
1687448700,99
1687449600,95
1687450500,319
1687451400,704
1687452300,331
1687453200,313
1687454100,192
1687455000,164
1687455900,148
1687456800,319
1687457700,194
1687458600,161
1687459500,351
1687460400,765
1687461300,537
1687462200,205
1687463100,181
1687464000,167
1687464900,178
1687465800,155
1687466700,164
1687467600,110
1687468500,90
1687469400,68
1687470300,107
1687471200,113
1687472100,129
1687473000,60
1687473900,59
1687474800,74
1687475700,72
1687476600,54
1687477500,50
1687478400,67
1687479300,43
1687480200,50
1687481100,43
1687482000,63
1687482900,42
1687483800,51
1687484700,49
1687485600,56
1687486500,48
1687487400,66
1687488300,74
1687489200,49
1687490100,48
1687491000,44
1687491900,76
1687492800,58
1687493700,61
1687494600,50
1687495500,62
1687496400,163
1687497300,237
1687498200,758
1687499100,887
1687500000,774
1687500900,493
1687501800,389
1687502700,290
1687503600,94
1687504500,105
1687505400,99
1687506300,189
1687507200,92
1687508100,94
1687509000,93
1687509900,86
1687510800,557
1687511700,380
1687512600,130
1687513500,230
1687514400,138
1687515300,118
1687516200,134
1687517100,139
1687518000,274
1687518900,389
1687519800,396
1687520700,158
1687521600,137
1687522500,128
1687523400,102
1687524300,94
1687525200,128
1687526100,126
1687527000,138
1687527900,141
1687528800,149
1687529700,132
1687530600,139
1687531500,146
1687532400,165
1687533300,144
1687534200,140
1687535100,130
1687536000,118
1687536900,114
1687537800,127
1687538700,126
1687539600,120
1687540500,121
1687541400,125
1687542300,130
1687543200,129
1687544100,172
1687545000,198
1687545900,195
1687546800,157
1687547700,151
1687548600,217
1687549500,140
1687550400,88
1687551300,99
1687552200,86
1687553100,71
1687554000,66
1687554900,69
1687555800,57
1687556700,47
1687557600,63
1687558500,67
1687559400,50
1687560300,39
1687561200,50
1687562100,46
1687563000,45
1687563900,38
1687564800,55
1687565700,41
1687566600,45
1687567500,42
1687568400,54
1687569300,45
1687570200,41
1687571100,63
1687572000,65
1687572900,52
1687573800,38
1687574700,53
1687575600,46
1687576500,47
1687577400,38
1687578300,58
1687579200,39
1687580100,195
1687581000,45
1687581900,67
1687582800,80
1687583700,81
1687584600,69
1687585500,73
1687586400,239
1687587300,68
1687588200,57
1687589100,57
1687590000,59
1687590900,81
1687591800,123
1687592700,107
1687593600,108
1687594500,79
1687595400,183
1687596300,576
1687597200,849
1687598100,257
1687599000,140
1687599900,145
1687600800,158
1687601700,223
1687602600,518
1687603500,187
1687604400,367
1687605300,122
1687606200,135
1687607100,156
1687608000,169
1687608900,210
1687609800,112
1687610700,112
1687611600,105
1687612500,109
1687613400,90
1687614300,98
1687615200,105
1687616100,132
1687617000,143
1687617900,145
1687618800,295
1687619700,144
1687620600,146
1687621500,124
1687622400,140
1687623300,151
1687624200,129
1687625100,132
1687626000,157
1687626900,142
1687627800,166
1687628700,171
1687629600,278
1687630500,153
1687631400,157
1687632300,167
1687633200,159
1687634100,187
1687635000,178
1687635900,227
1687636800,88
1687637700,91
1687638600,78
1687639500,86
1687640400,84
1687641300,91
1687642200,80
1687643100,73
1687644000,44
1687644900,49
1687645800,58
1687646700,55
1687647600,40
1687648500,46
1687649400,49
1687650300,40
1687651200,43
1687652100,50
1687653000,66
1687653900,51
1687654800,50
1687655700,48
1687656600,44
1687657500,37
1687658400,43
1687659300,49
1687660200,45
1687661100,36
1687662000,51
1687662900,44
1687663800,44
1687664700,38
1687665600,68
1687666500,259
1687667400,66
1687668300,44
1687669200,55
1687670100,48
1687671000,36
1687671900,45
1687672800,48
1687673700,46
1687674600,36
1687675500,51
1687676400,56
1687677300,71
1687678200,56
1687679100,94
1687680000,140
1687680900,130
1687681800,118
1687682700,117
1687683600,94
1687684500,98
1687685400,92
1687686300,76
1687687200,65
1687688100,71
1687689000,92
1687689900,76
1687690800,75
1687691700,66
1687692600,86
1687693500,67
1687694400,66
1687695300,54
1687696200,78
1687697100,55
1687698000,65
1687698900,72
1687699800,76
1687700700,58
1687701600,84
1687702500,102
1687703400,111
1687704300,102
1687705200,94
1687706100,119
1687707000,84
1687707900,89
1687708800,85
1687709700,99
1687710600,78
1687711500,147
1687712400,127
1687713300,132
1687714200,107
1687715100,128
1687716000,153
1687716900,162
1687717800,160
1687718700,163
1687719600,168
1687720500,159
1687721400,157
1687722300,162
1687723200,186
1687724100,143
1687725000,134
1687725900,112
1687726800,106
1687727700,98
1687728600,108
1687729500,112
1687730400,108
1687731300,103
1687732200,115
1687733100,102
1687734000,87
1687734900,37
1687735800,55
1687736700,61
1687737600,62
1687738500,44
1687739400,56
1687740300,41
1687741200,43
1687742100,42
1687743000,52
1687743900,44
1687744800,39
1687745700,47
1687746600,47
1687747500,46
1687748400,38
1687749300,62
1687750200,60
1687751100,262
1687752000,59
1687752900,74
1687753800,55
1687754700,127
1687755600,156
1687756500,204
1687757400,317
1687758300,642
1687759200,209
1687760100,292
1687761000,115
1687761900,170
1687762800,131
1687763700,153
1687764600,103
1687765500,132
1687766400,84
1687767300,124
1687768200,368
1687769100,434
1687770000,119
1687770900,101
1687771800,120
1687772700,130
1687773600,102
1687774500,182
1687775400,157
1687776300,440
1687777200,494
1687778100,97
1687779000,89
1687779900,112
1687780800,91
1687781700,127
1687782600,140
1687783500,147
1687784400,117
1687785300,117
1687786200,124
1687787100,114
1687788000,120
1687788900,113
1687789800,129
1687790700,149
1687791600,184
1687792500,146
1687793400,353
1687794300,442
1687795200,241
1687796100,124
1687797000,139
1687797900,351
1687798800,157
1687799700,178
1687800600,166
1687801500,149
1687802400,152
1687803300,152
1687804200,92
1687805100,276
1687806000,119
1687806900,172
1687807800,516
1687808700,618
1687809600,551
1687810500,124
1687811400,125
1687812300,126
1687813200,84
1687814100,70
1687815000,45
1687815900,52
1687816800,50
1687817700,56
1687818600,64
1687819500,55
1687820400,46
1687821300,38
1687822200,54
1687823100,43
1687824000,46
1687824900,38
1687825800,59
1687826700,41
1687827600,43
1687828500,49
1687829400,67
1687830300,62
1687831200,45
1687832100,56
1687833000,40
1687833900,47
1687834800,39
1687835700,59
1687836600,39
1687837500,47
1687838400,43
1687839300,52
1687840200,122
1687841100,91
1687842000,77
1687842900,86
1687843800,83
1687844700,77
1687845600,139
1687846500,78
1687847400,93
1687848300,117
1687849200,1234
1687850100,990
1687851000,961
1687851900,144
1687852800,106
1687853700,105
1687854600,64
1687855500,62
1687856400,51
1687857300,68
1687858200,81
1687859100,83
1687860000,81
1687860900,109
1687861800,142
1687862700,134
1687863600,113
1687864500,160
1687865400,112
1687866300,116
1687867200,111
1687868100,139
1687869000,87
1687869900,67
1687870800,75
1687871700,87
1687872600,92
1687873500,164
1687874400,157
1687875300,91
1687876200,82
1687877100,87
1687878000,166
1687878900,74
1687879800,52
1687880700,50
1687881600,57
1687882500,52
1687883400,58
1687884300,78
1687885200,65
1687886100,195
1687887000,86
1687887900,65
1687888800,45
1687889700,53
1687890600,53
1687891500,60
1687892400,51
1687893300,47
1687894200,63
1687895100,48
1687896000,70
1687896900,61
1687897800,64
1687898700,25
1687899600,35
1687900500,33
1687901400,40
1687902300,29
1687903200,34
1687904100,42
1687905000,60
1687905900,38
1687906800,29
1687907700,62
1687908600,44
1687909500,46
1687910400,33
1687911300,41
1687912200,27
1687913100,35
1687914000,100
1687914900,63
1687915800,54
1687916700,55
1687917600,63
1687918500,50
1687919400,63
1687920300,75
1687921200,74
1687922100,43
1687923000,49
1687923900,56
1687924800,53
1687925700,648
1687926600,2180
1687927500,2161
1687928400,1905
1687929300,887
1687930200,1066
1687931100,947
1687932000,976
1687932900,1059
1687933800,941
1687934700,896
1687935600,536
1687936500,125
1687937400,127
1687938300,126
1687939200,98
1687940100,138
1687941000,763
1687941900,732
1687942800,421
1687943700,154
1687944600,162
1687945500,157
1687946400,150
1687947300,149
1687948200,104
1687949100,102
1687950000,641
1687950900,866
1687951800,773
1687952700,675
1687953600,740
1687954500,902
1687955400,203
1687956300,96
1687957200,83
1687958100,74
1687959000,74
1687959900,79
1687960800,58
1687961700,81
1687962600,80
1687963500,82
1687964400,61
1687965300,62
1687966200,82
1687967100,67
1687968000,76
1687968900,72
1687969800,75
1687970700,62
1687971600,61
1687972500,77
1687973400,70
1687974300,83
1687975200,70
1687976100,77
1687977000,62
1687977900,61
1687978800,78
1687979700,82
1687980600,146
1687981500,153
1687982400,139
1687983300,188
1687984200,197
1687985100,108
1687986000,81
1687986900,192
1687987800,63
1687988700,65
1687989600,69
1687990500,61
1687991400,73
1687992300,59
1687993200,68
1687994100,83
1687995000,63
1687995900,44
1687996800,56
1687997700,42
1687998600,45
1687999500,54
1688000400,37
1688001300,51
1688002200,44
1688003100,46
1688004000,41
1688004900,61
1688005800,60
1688006700,57
1688007600,74
1688008500,41
1688009400,48
1688010300,51
1688011200,62
1688012100,43
1688013000,196
1688013900,70
1688014800,50
1688015700,192
1688016600,177
1688017500,72
1688018400,67
1688019300,825
1688020200,481
1688021100,387
1688022000,177
1688022900,96
1688023800,98
1688024700,365
1688025600,558
1688026500,141
1688027400,315
1688028300,549
1688029200,747
1688030100,349
1688031000,92
1688031900,168
1688032800,95
1688033700,152
1688034600,124
1688035500,138
1688036400,155
1688037300,154
1688038200,142
1688039100,103
1688040000,91
1688040900,64
1688041800,85
1688042700,69
1688043600,70
1688044500,70
1688045400,79
1688046300,73
1688047200,58
1688048100,78
1688049000,90
1688049900,90
1688050800,78
1688051700,84
1688052600,70
1688053500,100
1688054400,98
1688055300,83
1688056200,97
1688057100,164
1688058000,674
1688058900,350
1688059800,486
1688060700,159
1688061600,171
1688062500,162
1688063400,157
1688064300,182
1688065200,200
1688066100,223
1688067000,212
1688067900,137
1688068800,121
1688069700,132
1688070600,120
1688071500,100
1688072400,113
1688073300,83
1688074200,91
1688075100,77
1688076000,86
1688076900,88
1688077800,74
1688078700,90
1688079600,96
1688080500,98
1688081400,97
1688082300,83
1688083200,89
1688084100,78
1688085000,58
1688085900,80
1688086800,66
1688087700,67
1688088600,72
1688089500,64
1688090400,75
1688091300,70
1688092200,60
1688093100,80
1688094000,86
1688094900,77
1688095800,89
1688096700,66
1688097600,173
1688098500,92
1688099400,67
1688100300,69
1688101200,76
1688102100,44
1688103000,64
1688103900,82
1688104800,56
1688105700,41
1688106600,72
1688107500,61
1688108400,49
1688109300,71
1688110200,59
1688111100,54
1688112000,404
1688112900,450
1688113800,319
1688114700,87
1688115600,242
1688116500,313
1688117400,167
1688118300,145
1688119200,474
1688120100,226
1688121000,159
1688121900,229
1688122800,780
1688123700,239
1688124600,532
1688125500,139
1688126400,128
1688127300,142
1688128200,129
1688129100,129
1688130000,138
1688130900,137
1688131800,124
1688132700,105
1688133600,476
1688134500,380
1688135400,421
1688136300,166
1688137200,158
1688138100,138
1688139000,133
1688139900,170
1688140800,161
1688141700,141
1688142600,157
1688143500,149
1688144400,152
1688145300,168
1688146200,180
1688147100,159
1688148000,168
1688148900,179
1688149800,207
1688150700,263
1688151600,412
1688152500,503
1688153400,298
1688154300,209
1688155200,150
1688156100,136
1688157000,108
1688157900,93
1688158800,109
1688159700,111
1688160600,92
1688161500,102
1688162400,135
1688163300,97
1688164200,104
1688165100,102
1688166000,109
1688166900,109
1688167800,117
1688168700,110
1688169600,120
1688170500,85
1688171400,76
1688172300,95
1688173200,92
1688174100,77
1688175000,87
1688175900,94
1688176800,87
1688177700,84
1688178600,74
1688179500,97
1688180400,88
1688181300,92
1688182200,100
1688183100,106
1688184000,76
1688184900,84
1688185800,212
1688186700,219
1688187600,108
1688188500,76
1688189400,89
1688190300,85
1688191200,87
1688192100,99
1688193000,162
1688193900,103
1688194800,101
1688195700,80
1688196600,112
1688197500,134
1688198400,539
1688199300,751
1688200200,800
1688201100,262
1688202000,98
1688202900,82
1688203800,115
1688204700,102
1688205600,121
1688206500,118
1688207400,265
1688208300,141
1688209200,104
1688210100,108
1688211000,94
1688211900,75
1688212800,88
1688213700,84
1688214600,73
1688215500,74
1688216400,63
1688217300,83
1688218200,72
1688219100,59
1688220000,63
1688220900,66
1688221800,64
1688222700,58
1688223600,59
1688224500,81
1688225400,69
1688226300,77
1688227200,66
1688228100,87
1688229000,78
1688229900,113
1688230800,125
1688231700,225
1688232600,136
1688233500,276
1688234400,128
1688235300,134
1688236200,117
1688237100,110
1688238000,108
1688238900,138
1688239800,161
1688240700,87
1688241600,67
1688242500,50
1688243400,46
1688244300,40
1688245200,37
1688246100,35
1688247000,68
1688247900,47
1688248800,101
1688249700,76
1688250600,64
1688251500,66
1688252400,62
1688253300,85
1688254200,60
1688255100,65
1688256000,71
1688256900,61
1688257800,66
1688258700,56
1688259600,90
1688260500,68
1688261400,71
1688262300,65
1688263200,62
1688264100,59
1688265000,52
1688265900,76
1688266800,52
1688267700,60
1688268600,58
1688269500,67
1688270400,51
1688271300,288
1688272200,92
1688273100,73
1688274000,78
1688274900,54
1688275800,58
1688276700,33
1688277600,41
1688278500,38
1688279400,50
1688280300,38
1688281200,38
1688282100,52
1688283000,36
1688283900,40
1688284800,39
1688285700,67
1688286600,51
1688287500,82
1688288400,166
1688289300,116
1688290200,116
1688291100,115
1688292000,131
1688292900,201
1688293800,145
1688294700,140
1688295600,170
1688296500,161
1688297400,150
1688298300,119
1688299200,119
1688300100,110
1688301000,89
1688301900,106
1688302800,107
1688303700,133
1688304600,145
1688305500,704
1688306400,704
1688307300,609
1688308200,177
1688309100,158
1688310000,153
1688310900,85
1688311800,113
1688312700,93
1688313600,101
1688314500,106
1688315400,100
1688316300,102
1688317200,118
1688318100,159
1688319000,106
1688319900,105
1688320800,124
1688321700,255
1688322600,772
1688323500,235
1688324400,415
1688325300,89
1688326200,101
1688327100,78
1688328000,53
1688328900,44
1688329800,48
1688330700,42
1688331600,30
1688332500,30
1688333400,53
1688334300,100
1688335200,58
1688336100,70
1688337000,67
1688337900,49
1688338800,40
1688339700,60
1688340600,54
1688341500,42
1688342400,46
1688343300,53
1688344200,45
1688345100,37
1688346000,44
1688346900,49
1688347800,51
1688348700,57
1688349600,60
1688350500,51
1688351400,33
1688352300,43
1688353200,47
1688354100,43
1688355000,32
1688355900,42
1688356800,163
1688357700,112
1688358600,53
1688359500,66
1688360400,65
1688361300,123
1688362200,155
1688363100,78
1688364000,90
1688364900,43
1688365800,59
1688366700,66
1688367600,58
1688368500,53
1688369400,52
1688370300,68
1688371200,46
1688372100,106
1688373000,158
1688373900,81
1688374800,201
1688375700,111
1688376600,131
1688377500,255
1688378400,157
1688379300,68
1688380200,93
1688381100,66
1688382000,72
1688382900,74
1688383800,79
1688384700,65
1688385600,74
1688386500,80
1688387400,171
1688388300,646
1688389200,954
1688390100,656
1688391000,650
1688391900,302
1688392800,104
1688393700,101
1688394600,94
1688395500,102
1688396400,150
1688397300,170
1688398200,184
1688399100,155
1688400000,198
1688400900,176
1688401800,310
1688402700,221
1688403600,137
1688404500,161
1688405400,595
1688406300,405
1688407200,433
1688408100,173
1688409000,180
1688409900,213
1688410800,238
1688411700,216
1688412600,249
1688413500,203
1688414400,245
1688415300,197
1688416200,188
1688417100,215
1688418000,165
1688418900,159
1688419800,168
1688420700,163
1688421600,155
1688422500,156
1688423400,139
1688424300,139
1688425200,133
1688426100,166
1688427000,440
1688427900,572
1688428800,345
1688429700,277
1688430600,151
1688431500,113
1688432400,132
1688433300,127
1688434200,121
1688435100,134
1688436000,137
1688436900,133
1688437800,124
1688438700,126
1688439600,85
1688440500,51
1688441400,49
1688442300,66
1688443200,59
1688444100,54
1688445000,73
1688445900,93
1688446800,77
1688447700,65
1688448600,72
1688449500,54
1688450400,195
1688451300,87
1688452200,124
1688453100,95
1688454000,90
1688454900,117
1688455800,83
1688456700,70
1688457600,63
1688458500,81
1688459400,109
1688460300,84
1688461200,69
1688462100,335
1688463000,821
1688463900,240
1688464800,485
1688465700,109
1688466600,92
1688467500,78
1688468400,86
1688469300,86
1688470200,200
1688471100,173
1688472000,231
1688472900,105
1688473800,159
1688474700,205
1688475600,141
1688476500,201
1688477400,214
1688478300,423
1688479200,248
1688480100,245
1688481000,190
1688481900,157
1688482800,189
1688483700,328
1688484600,141
1688485500,127
1688486400,121
1688487300,136
1688488200,141
1688489100,165
1688490000,787
1688490900,251
1688491800,489
1688492700,264
1688493600,705
1688494500,580
1688495400,184
1688496300,222
1688497200,202
1688498100,159
1688499000,139
1688499900,150
1688500800,462
1688501700,855
1688502600,833
1688503500,682
1688504400,612
1688505300,100
1688506200,56
1688507100,55
1688508000,71
1688508900,63
1688509800,49
1688510700,49
1688511600,70
1688512500,53
1688513400,117
1688514300,106
1688515200,127
1688516100,91
1688517000,89
1688517900,106
1688518800,110
1688519700,77
1688520600,80
1688521500,85
1688522400,64
1688523300,67
1688524200,69
1688525100,79
1688526000,66
1688526900,70
1688527800,67
1688528700,79
1688529600,69
1688530500,65
1688531400,69
1688532300,80
1688533200,67
1688534100,64
1688535000,92
1688535900,88
1688536800,292
1688537700,99
1688538600,170
1688539500,107
1688540400,94
1688541300,89
1688542200,105
1688543100,87
1688544000,77
1688544900,73
1688545800,97
1688546700,82
1688547600,97
1688548500,131
1688549400,278
1688550300,158
1688551200,163
1688552100,155
1688553000,172
1688553900,116
1688554800,115
1688555700,239
1688556600,125
1688557500,118
1688558400,104
1688559300,98
1688560200,106
1688561100,96
1688562000,103
1688562900,427
1688563800,619
1688564700,259
1688565600,343
1688566500,99
1688567400,112
1688568300,102
1688569200,95
1688570100,183
1688571000,140
1688571900,146
1688572800,150
1688573700,144
1688574600,120
1688575500,115
1688576400,121
1688577300,122
1688578200,155
1688579100,190
1688580000,228
1688580900,114
1688581800,127
1688582700,641
1688583600,650
1688584500,136
1688585400,121
1688586300,123
1688587200,120
1688588100,138
1688589000,184
1688589900,112
1688590800,119
1688591700,128
1688592600,134
1688593500,142
1688594400,124
1688595300,142
1688596200,135
1688597100,125
1688598000,125
1688598900,99
1688599800,70
1688600700,55
1688601600,49
1688602500,66
1688603400,50
1688604300,53
1688605200,46
1688606100,65
1688607000,57
1688607900,45
1688608800,54
1688609700,58
1688610600,54
1688611500,48
1688612400,49
1688613300,72
1688614200,67
1688615100,70
1688616000,60
1688616900,85
1688617800,60
1688618700,218
1688619600,528
1688620500,696
1688621400,613
1688622300,588
1688623200,1009
1688624100,817
1688625000,350
1688625900,508
1688626800,412
1688627700,484
1688628600,372
1688629500,307
1688630400,710
1688631300,948
1688632200,617
1688633100,606
1688634000,264
1688634900,711
1688635800,237
1688636700,769
1688637600,166
1688638500,511
1688639400,93
1688640300,85
1688641200,102
1688642100,136
1688643000,120
1688643900,269
1688644800,102
1688645700,108
1688646600,96
1688647500,113
1688648400,122
1688649300,131
1688650200,110
1688651100,133
1688652000,103
1688652900,104
1688653800,128
1688654700,122
1688655600,135
1688656500,172
1688657400,115
1688658300,107
1688659200,130
1688660100,97
1688661000,129
1688661900,67
1688662800,64
1688663700,117
1688664600,112
1688665500,79
1688666400,85
1688667300,103
1688668200,109
1688669100,122
1688670000,130
1688670900,157
1688671800,135
1688672700,131
1688673600,133
1688674500,131
1688675400,127
1688676300,117
1688677200,83
1688678100,74
1688679000,58
1688679900,74
1688680800,59
1688681700,53
1688682600,69
1688683500,63
1688684400,60
1688685300,61
1688686200,87
1688687100,49
1688688000,52
1688688900,39
1688689800,51
1688690700,32
1688691600,40
1688692500,48
1688693400,41
1688694300,35
1688695200,47
1688696100,83
1688697000,43
1688697900,44
1688698800,65
1688699700,61
1688700600,64
1688701500,68
1688702400,66
1688703300,59
1688704200,136
1688705100,52
1688706000,50
1688706900,145
1688707800,58
1688708700,61
1688709600,41
1688710500,44
1688711400,39
1688712300,59
1688713200,68
1688714100,66
1688715000,70
1688715900,64
1688716800,54
1688717700,45
1688718600,59
1688719500,56
1688720400,295
1688721300,124
1688722200,135
1688723100,105
1688724000,110
1688724900,132
1688725800,207
1688726700,623
1688727600,213
1688728500,314
1688729400,173
1688730300,162
1688731200,161
1688732100,173
1688733000,536
1688733900,151
1688734800,485
1688735700,397
1688736600,218
1688737500,246
1688738400,150
1688739300,167
1688740200,131
1688741100,141
1688742000,150
1688742900,157
1688743800,140
1688744700,137
1688745600,144
1688746500,131
1688747400,130
1688748300,141
1688749200,164
1688750100,159
1688751000,149
1688751900,148
1688752800,162
1688753700,136
1688754600,143
1688755500,138
1688756400,182
1688757300,221
1688758200,177
1688759100,117
1688760000,106
1688760900,88
1688761800,86
1688762700,78
1688763600,96
1688764500,92
1688765400,85
1688766300,88
1688767200,78
1688768100,71
1688769000,58
1688769900,76
1688770800,63
1688771700,68
1688772600,56
1688773500,77
1688774400,51
1688775300,60
1688776200,52
1688777100,86
1688778000,61
1688778900,62
1688779800,47
1688780700,67
1688781600,50
1688782500,49
1688783400,54
1688784300,59
1688785200,53
1688786100,46
1688787000,61
1688787900,55
1688788800,54
1688789700,61
1688790600,186
1688791500,106
1688792400,68
1688793300,51
1688794200,59
1688795100,42
1688796000,44
1688796900,35
1688797800,59
1688798700,140
1688799600,619
1688800500,373
1688801400,371
1688802300,352
1688803200,348
1688804100,624
1688805000,1031
1688805900,427
1688806800,276
1688807700,78
1688808600,202
1688809500,107
1688810400,108
1688811300,122
1688812200,138
1688813100,138
1688814000,164
1688814900,152
1688815800,164
1688816700,167
1688817600,144
1688818500,161
1688819400,149
1688820300,163
1688821200,157
1688822100,177
1688823000,163
1688823900,166
1688824800,162
1688825700,182
1688826600,162
1688827500,163
1688828400,155
1688829300,157
1688830200,157
1688831100,150
1688832000,178
1688832900,163
1688833800,166
1688834700,148
1688835600,191
1688836500,321
1688837400,155
1688838300,133
1688839200,145
1688840100,124
1688841000,142
1688841900,171
1688842800,216
1688843700,172
1688844600,159
1688845500,124
1688846400,77
1688847300,58
1688848200,47
1688849100,44
1688850000,53
1688850900,44
1688851800,38
1688852700,49
1688853600,111
1688854500,68
1688855400,50
1688856300,62
1688857200,69
1688858100,71
1688859000,60
1688859900,68
1688860800,51
1688861700,47
1688862600,37
1688863500,57
1688864400,40
1688865300,46
1688866200,37
1688867100,59
1688868000,38
1688868900,44
1688869800,37
1688870700,77
1688871600,53
1688872500,59
1688873400,40
1688874300,57
1688875200,40
1688876100,216
1688877000,56
1688877900,55
1688878800,93
1688879700,586
1688880600,196
1688881500,282
1688882400,48
1688883300,37
1688884200,56
1688885100,41
1688886000,47
1688886900,36
1688887800,60
1688888700,50
1688889600,56
1688890500,49
1688891400,72
1688892300,49
1688893200,88
1688894100,96
1688895000,142
1688895900,172
1688896800,127
1688897700,203
1688898600,206
1688899500,181
1688900400,161
1688901300,154
1688902200,150
1688903100,149
1688904000,118
1688904900,122
1688905800,119
1688906700,69
1688907600,72
1688908500,85
1688909400,67
1688910300,74
1688911200,60
1688912100,79
1688913000,54
1688913900,64
1688914800,59
1688915700,95
1688916600,71
1688917500,73
1688918400,57
1688919300,77
1688920200,54
1688921100,65
1688922000,76
1688922900,230
1688923800,100
1688924700,323
1688925600,131
1688926500,103
1688927400,105
1688928300,122
1688929200,140
1688930100,134
1688931000,200
1688931900,124
1688932800,139
1688933700,116
1688934600,119
1688935500,86
1688936400,126
1688937300,112
1688938200,113
1688939100,106
1688940000,125
1688940900,109
1688941800,126
1688942700,87
1688943600,75
1688944500,45
1688945400,56
1688946300,56
1688947200,58
1688948100,43
1688949000,49
1688949900,58
1688950800,50
1688951700,47
1688952600,45
1688953500,63
1688954400,45
1688955300,53
1688956200,60
1688957100,82
1688958000,51
1688958900,51
1688959800,48
1688960700,67
1688961600,227
1688962500,146
1688963400,102
1688964300,204
1688965200,450
1688966100,125
1688967000,245
1688967900,131
1688968800,106
1688969700,107
1688970600,216
1688971500,234
1688972400,89
1688973300,113
1688974200,152
1688975100,108
1688976000,73
1688976900,86
1688977800,129
1688978700,257
1688979600,265
1688980500,106
1688981400,119
1688982300,169
1688983200,315
1688984100,159
1688985000,537
1688985900,634
1688986800,438
1688987700,449
1688988600,137
1688989500,124
1688990400,133
1688991300,135
1688992200,128
1688993100,110
1688994000,265
1688994900,254
1688995800,117
1688996700,441
1688997600,270
1688998500,163
1688999400,151
1689000300,135
1689001200,132
1689002100,186
1689003000,277
1689003900,125
1689004800,138
1689005700,155
1689006600,136
1689007500,144
1689008400,147
1689009300,166
1689010200,136
1689011100,151
1689012000,167
1689012900,162
1689013800,182
1689014700,159
1689015600,144
1689016500,146
1689017400,163
1689018300,147
1689019200,145
1689020100,131
1689021000,76
1689021900,81
1689022800,79
1689023700,74
1689024600,66
1689025500,78
1689026400,74
1689027300,194
1689028200,96
1689029100,108
1689030000,92
1689030900,87
1689031800,80
1689032700,87
1689033600,76
1689034500,56
1689035400,56
1689036300,66
1689037200,62
1689038100,53
1689039000,56
1689039900,66
1689040800,60
1689041700,50
1689042600,59
1689043500,95
1689044400,80
1689045300,82
1689046200,76
1689047100,81
1689048000,76
1689048900,66
1689049800,185
1689050700,67
1689051600,59
1689052500,71
1689053400,1403
1689054300,2153
1689055200,2152
1689056100,1315
1689057000,1223
1689057900,948
1689058800,964
1689059700,948
1689060600,1075
1689061500,846
1689062400,917
1689063300,77
1689064200,75
1689065100,202
1689066000,260
1689066900,187
1689067800,250
1689068700,140
1689069600,151
1689070500,170
1689071400,289
1689072300,96
1689073200,89
1689074100,137
1689075000,139
1689075900,301
1689076800,151
1689077700,167
1689078600,636
1689079500,549
1689080400,110
1689081300,132
1689082200,168
1689083100,261
1689084000,145
1689084900,355
1689085800,1393
1689086700,1345
1689087600,1213
1689088500,1122
1689089400,466
1689090300,178
1689091200,144
1689092100,128
1689093000,114
1689093900,105
1689094800,118
1689095700,107
1689096600,105
1689097500,122
1689098400,112
1689099300,124
1689100200,127
1689101100,143
1689102000,629
1689102900,808
1689103800,781
1689104700,703
1689105600,305
1689106500,111
1689107400,103
1689108300,95
1689109200,81
1689110100,84
1689111000,96
1689111900,50
1689112800,47
1689113700,38
1689114600,61
1689115500,46
1689116400,61
1689117300,69
1689118200,55
1689119100,47
1689120000,40
1689120900,189
1689121800,101
1689122700,195
1689123600,249
1689124500,79
1689125400,106
1689126300,75
1689127200,88
1689128100,91
1689129000,82
1689129900,80
1689130800,53
1689131700,74
1689132600,53
1689133500,60
1689134400,53
1689135300,74
1689136200,58
1689137100,55
1689138000,60
1689138900,69
1689139800,77
1689140700,67
1689141600,67
1689142500,67
1689143400,60
1689144300,53
1689145200,64
1689146100,105
1689147000,95
1689147900,102
1689148800,91
1689149700,94
1689150600,69
1689151500,77
1689152400,69
1689153300,102
1689154200,92
1689155100,100
1689156000,81
1689156900,106
1689157800,81
1689158700,88
1689159600,84
1689160500,102
1689161400,85
1689162300,101
1689163200,177
1689164100,161
1689165000,139
1689165900,122
1689166800,120
1689167700,124
1689168600,117
1689169500,91
1689170400,105
1689171300,132
1689172200,118
1689173100,129
1689174000,133
1689174900,137
1689175800,146
1689176700,135
1689177600,148
1689178500,136
1689179400,124
1689180300,126
1689181200,124
1689182100,128
1689183000,104
1689183900,109
1689184800,97
1689185700,122
1689186600,114
1689187500,147
1689188400,150
1689189300,229
1689190200,164
1689191100,189
1689192000,131
1689192900,147
1689193800,162
1689194700,77
1689195600,70
1689196500,94
1689197400,61
1689198300,68
1689199200,60
1689200100,80
1689201000,55
1689201900,56
1689202800,58
1689203700,85
1689204600,73
1689205500,51
1689206400,47
1689207300,61
1689208200,115
1689209100,94
1689210000,91
1689210900,70
1689211800,48
1689212700,40
1689213600,47
1689214500,50
1689215400,49
1689216300,39
1689217200,49
1689218100,66
1689219000,68
1689219900,58
1689220800,53
1689221700,52
1689222600,71
1689223500,180
1689224400,127
1689225300,57
1689226200,227
1689227100,303
1689228000,534
1689228900,184
1689229800,393
1689230700,66
1689231600,51
1689232500,65
1689233400,58
1689234300,59
1689235200,49
1689236100,62
1689237000,59
1689237900,77
1689238800,185
1689239700,110
1689240600,131
1689241500,154
1689242400,201
1689243300,141
1689244200,143
1689245100,128
1689246000,134
1689246900,126
1689247800,150
1689248700,605
1689249600,559
1689250500,400
1689251400,545
1689252300,1048
1689253200,481
1689254100,142
1689255000,156
1689255900,132
1689256800,131
1689257700,108
1689258600,117
1689259500,753
1689260400,823
1689261300,674
1689262200,514
1689263100,109
1689264000,73
1689264900,125
1689265800,104
1689266700,136
1689267600,89
1689268500,94
1689269400,91
1689270300,79
1689271200,87
1689272100,95
1689273000,91
1689273900,95
1689274800,107
1689275700,110
1689276600,98
1689277500,145
1689278400,188
1689279300,165
1689280200,89
1689281100,75
1689282000,59
1689282900,81
1689283800,60
1689284700,66
1689285600,61
1689286500,78
1689287400,69
1689288300,62
1689289200,52
1689290100,57
1689291000,43
1689291900,39
1689292800,46
1689293700,51
1689294600,46
1689295500,32
1689296400,54
1689297300,41
1689298200,33
1689299100,24
1689300000,40
1689300900,51
1689301800,62
1689302700,59
1689303600,54
1689304500,57
1689305400,26
1689306300,33
1689307200,28
1689308100,45
1689309000,25
1689309900,33
1689310800,186
1689311700,73
1689312600,110
1689313500,87
1689314400,69
1689315300,96
1689316200,86
1689317100,89
1689318000,94
1689318900,103
1689319800,122
1689320700,639
1689321600,579
1689322500,899
1689323400,250
1689324300,362
1689325200,216
1689326100,107
1689327000,128
1689327900,150
1689328800,155
1689329700,220
1689330600,144
1689331500,138
1689332400,134
1689333300,151
1689334200,128
1689335100,141
1689336000,133
1689336900,298
1689337800,176
1689338700,138
1689339600,123
1689340500,109
1689341400,269
1689342300,69
1689343200,80
1689344100,87
1689345000,68
1689345900,132
1689346800,488
1689347700,280
1689348600,120
1689349500,145
1689350400,184
1689351300,245
1689352200,119
1689353100,127
1689354000,122
1689354900,159
1689355800,127
1689356700,129
1689357600,145
1689358500,153
1689359400,152
1689360300,141
1689361200,177
1689362100,683
1689363000,236
1689363900,584
1689364800,86
1689365700,107
1689366600,104
1689367500,102
1689368400,68
1689369300,75
1689370200,68
1689371100,257
1689372000,140
1689372900,95
1689373800,68
1689374700,64
1689375600,50
1689376500,69
1689377400,45
1689378300,50
1689379200,47
1689380100,52
1689381000,48
1689381900,37
1689382800,49
1689383700,52
1689384600,46
1689385500,55
1689386400,60
1689387300,77
1689388200,42
1689389100,54
1689390000,59
1689390900,78
1689391800,80
1689392700,1325
1689393600,2103
1689394500,2165
1689395400,1506
1689396300,1163
1689397200,1114
1689398100,1254
1689399000,1173
1689399900,1205
1689400800,401
1689401700,450
1689402600,82
1689403500,124
1689404400,103
1689405300,49
1689406200,63
1689407100,68
1689408000,260
1689408900,929
1689409800,1363
1689410700,1124
1689411600,498
1689412500,174
1689413400,82
1689414300,82
1689415200,174
1689416100,721
1689417000,762
1689417900,643
1689418800,617
1689419700,273
1689420600,89
1689421500,103
1689422400,127
1689423300,163
1689424200,120
1689425100,244
1689426000,435
1689426900,310
1689427800,313
1689428700,162
1689429600,165
1689430500,114
1689431400,110
1689432300,113
1689433200,180
1689434100,161
1689435000,170
1689435900,175
1689436800,184
1689437700,188
1689438600,147
1689439500,168
1689440400,138
1689441300,134
1689442200,125
1689443100,130
1689444000,121
1689444900,113
1689445800,119
1689446700,165
1689447600,187
1689448500,171
1689449400,167
1689450300,153
1689451200,140
1689452100,197
1689453000,101
1689453900,90
1689454800,75
1689455700,94
1689456600,77
1689457500,83
1689458400,61
1689459300,66
1689460200,58
1689461100,77
1689462000,53
1689462900,59
1689463800,73
1689464700,84
1689465600,75
1689466500,70
1689467400,86
1689468300,81
1689469200,76
1689470100,66
1689471000,83
1689471900,52
1689472800,43
1689473700,52
1689474600,58
1689475500,72
1689476400,51
1689477300,71
1689478200,68
1689479100,70
1689480000,56
1689480900,260
1689481800,123
1689482700,209
1689483600,53
1689484500,53
1689485400,82
1689486300,87
1689487200,96
1689488100,74
1689489000,95
1689489900,47
1689490800,55
1689491700,49
1689492600,116
1689493500,101
1689494400,162
1689495300,83
1689496200,68
1689497100,59
1689498000,129
1689498900,120
1689499800,147
1689500700,132
1689501600,107
1689502500,171
1689503400,140
1689504300,146
1689505200,162
1689506100,155
1689507000,177
1689507900,186
1689508800,246
1689509700,120
1689510600,164
1689511500,107
1689512400,112
1689513300,110
1689514200,98
1689515100,90
1689516000,98
1689516900,118
1689517800,134
1689518700,138
1689519600,85
1689520500,87
1689521400,65
1689522300,64
1689523200,55
1689524100,78
1689525000,75
1689525900,154
1689526800,89
1689527700,75
1689528600,64
1689529500,55
1689530400,66
1689531300,86
1689532200,135
1689533100,79
1689534000,99
1689534900,112
1689535800,145
1689536700,172
1689537600,209
1689538500,225
1689539400,152
1689540300,147
1689541200,140
1689542100,145
1689543000,66
1689543900,66
1689544800,72
1689545700,82
1689546600,68
1689547500,63
1689548400,65
1689549300,41
1689550200,44
1689551100,43
1689552000,76
1689552900,52
1689553800,52
1689554700,35
1689555600,60
1689556500,34
1689557400,43
1689558300,39
1689559200,55
1689560100,39
1689561000,46
1689561900,52
1689562800,48
1689563700,45
1689564600,67
1689565500,230
1689566400,124
1689567300,490
1689568200,431
1689569100,440
1689570000,150
1689570900,230
1689571800,138
1689572700,135
1689573600,172
1689574500,103
1689575400,128
1689576300,219
1689577200,87
1689578100,60
1689579000,175
1689579900,78
1689580800,98
1689581700,61
1689582600,400
1689583500,44
1689584400,41
1689585300,34
1689586200,61
1689587100,59
1689588000,53
1689588900,60
1689589800,64
1689590700,67
1689591600,80
1689592500,87
1689593400,91
1689594300,72
1689595200,65
1689596100,481
1689597000,634
1689597900,377
1689598800,105
1689599700,93
1689600600,140
1689601500,150
1689602400,157
1689603300,215
1689604200,218
1689605100,148
1689606000,158
1689606900,157
1689607800,121
1689608700,111
1689609600,107
1689610500,176
1689611400,205
1689612300,136
1689613200,352
1689614100,129
1689615000,107
1689615900,132
1689616800,122
1689617700,140
1689618600,112
1689619500,124
1689620400,115
1689621300,83
1689622200,70
1689623100,58
1689624000,72
1689624900,55
1689625800,50
1689626700,33
1689627600,58
1689628500,90
1689629400,66
1689630300,66
1689631200,113
1689632100,71
1689633000,53
1689633900,40
1689634800,50
1689635700,38
1689636600,36
1689637500,51
1689638400,41
1689639300,41
1689640200,33
1689641100,55
1689642000,36
1689642900,42
1689643800,52
1689644700,73
1689645600,44
1689646500,42
1689647400,36
1689648300,56
1689649200,38
1689650100,46
1689651000,43
1689651900,48
1689652800,39
1689653700,37
1689654600,170
1689655500,57
1689656400,71
1689657300,84
1689658200,90
1689659100,72
1689660000,75
1689660900,64
1689661800,104
1689662700,79
1689663600,147
1689664500,67
1689665400,80
1689666300,59
1689667200,48
1689668100,58
1689669000,78
1689669900,78
1689670800,54
1689671700,74
1689672600,90
1689673500,74
1689674400,61
1689675300,144
1689676200,123
1689677100,66
1689678000,53
1689678900,82
1689679800,61
1689680700,61
1689681600,61
1689682500,110
1689683400,144
1689684300,165
1689685200,154
1689686100,137
1689687000,127
1689687900,160
1689688800,152
1689689700,125
1689690600,133
1689691500,116
1689692400,103
1689693300,92
1689694200,140
1689695100,71
1689696000,90
1689696900,61
1689697800,56
1689698700,62
1689699600,66
1689700500,61
1689701400,53
1689702300,69
1689703200,61
1689704100,62
1689705000,53
1689705900,73
1689706800,67
1689707700,79
1689708600,71
1689709500,75
1689710400,57
1689711300,57
1689712200,49
1689713100,53
1689714000,44
1689714900,35
1689715800,48
1689716700,72
1689717600,65
1689718500,53
1689719400,68
1689720300,163
1689721200,47
1689722100,36
1689723000,54
1689723900,42
1689724800,44
1689725700,39
1689726600,56
1689727500,41
1689728400,40
1689729300,45
1689730200,51
1689731100,45
1689732000,51
1689732900,62
1689733800,63
1689734700,46
1689735600,35
1689736500,49
1689737400,47
1689738300,45
1689739200,35
1689740100,52
1689741000,44
1689741900,43
1689742800,38
1689743700,53
1689744600,1576
1689745500,2119
1689746400,2178
1689747300,1139
1689748200,1127
1689749100,1114
1689750000,969
1689750900,1103
1689751800,179
1689752700,155
1689753600,127
1689754500,420
1689755400,554
1689756300,140
1689757200,140
1689758100,353
1689759000,394
1689759900,411
1689760800,218
1689761700,134
1689762600,115
1689763500,119
1689764400,91
1689765300,99
1689766200,78
1689767100,73
1689768000,81
1689768900,139
1689769800,153
1689770700,268
1689771600,135
1689772500,146
1689773400,172
1689774300,182
1689775200,193
1689776100,182
1689777000,183
1689777900,186
1689778800,207
1689779700,181
1689780600,208
1689781500,224
1689782400,198
1689783300,168
1689784200,200
1689785100,105
1689786000,114
1689786900,119
1689787800,143
1689788700,147
1689789600,155
1689790500,261
1689791400,192
1689792300,173
1689793200,148
1689794100,155
1689795000,138
1689795900,148
1689796800,115
1689797700,114
1689798600,95
1689799500,100
1689800400,71
1689801300,83
1689802200,72
1689803100,98
1689804000,71
1689804900,81
1689805800,69
1689806700,73
1689807600,45
1689808500,46
1689809400,54
1689810300,52
1689811200,49
1689812100,40
1689813000,74
1689813900,63
1689814800,63
1689815700,42
1689816600,61
1689817500,42
1689818400,49
1689819300,40
1689820200,69
1689821100,48
1689822000,56
1689822900,59
1689823800,61
1689824700,45
1689825600,43
1689826500,249
1689827400,145
1689828300,106
1689829200,59
1689830100,133
1689831000,87
1689831900,127
1689832800,233
1689833700,977
1689834600,1033
1689835500,559
1689836400,121
1689837300,198
1689838200,677
1689839100,489
1689840000,364
1689840900,422
1689841800,612
1689842700,575
1689843600,1287
1689844500,856
1689845400,627
1689846300,902
1689847200,947
1689848100,536
1689849000,155
1689849900,133
1689850800,122
1689851700,82
1689852600,110
1689853500,96
1689854400,122
1689855300,363
1689856200,667
1689857100,666
1689858000,260
1689858900,145
1689859800,160
1689860700,142
1689861600,116
1689862500,380
1689863400,765
1689864300,675
1689865200,329
1689866100,115
1689867000,96
1689867900,115
1689868800,95
1689869700,95
1689870600,100
1689871500,131
1689872400,117
1689873300,105
1689874200,116
1689875100,115
1689876000,116
1689876900,121
1689877800,117
1689878700,152
1689879600,145
1689880500,142
1689881400,100
1689882300,86
1689883200,53
1689884100,60
1689885000,54
1689885900,46
1689886800,35
1689887700,43
1689888600,54
1689889500,41
1689890400,40
1689891300,67
1689892200,85
1689893100,71
1689894000,70
1689894900,58
1689895800,62
1689896700,55
1689897600,50
1689898500,40
1689899400,53
1689900300,35
1689901200,42
1689902100,45
1689903000,49
1689903900,37
1689904800,40
1689905700,51
1689906600,45
1689907500,59
1689908400,53
1689909300,70
1689910200,42
1689911100,57
1689912000,49
1689912900,217
1689913800,52
1689914700,66
1689915600,45
1689916500,61
1689917400,83
1689918300,77
1689919200,111
1689920100,264
1689921000,104
1689921900,59
1689922800,89
1689923700,88
1689924600,68
1689925500,52
1689926400,126
1689927300,96
1689928200,102
1689929100,101
1689930000,107
1689930900,97
1689931800,110
1689932700,130
1689933600,101
1689934500,204
1689935400,209
1689936300,122
1689937200,124
1689938100,148
1689939000,119
1689939900,136
1689940800,120
1689941700,83
1689942600,89
1689943500,90
1689944400,78
1689945300,245
1689946200,95
1689947100,445
1689948000,454
1689948900,86
1689949800,90
1689950700,80
1689951600,80
1689952500,85
1689953400,95
1689954300,195
1689955200,99
1689956100,90
1689957000,119
1689957900,105
1689958800,106
1689959700,103
1689960600,153
1689961500,89
1689962400,83
1689963300,92
1689964200,96
1689965100,100
1689966000,93
1689966900,113
1689967800,99
1689968700,117
1689969600,76
1689970500,91
1689971400,72
1689972300,41
1689973200,42
1689974100,52
1689975000,73
1689975900,63
1689976800,54
1689977700,44
1689978600,90
1689979500,64
1689980400,69
1689981300,46
1689982200,54
1689983100,46
1689984000,66
1689984900,56
1689985800,56
1689986700,58
1689987600,42
1689988500,44
1689989400,44
1689990300,56
1689991200,39
1689992100,45
1689993000,60
1689993900,66
1689994800,52
1689995700,54
1689996600,59
1689997500,65
1689998400,53
1689999300,54
1690000200,52
1690001100,45
1690002000,61
1690002900,244
1690003800,201
1690004700,507
1690005600,469
1690006500,325
1690007400,229
1690008300,226
1690009200,191
1690010100,311
1690011000,62
1690011900,38
1690012800,44
1690013700,310
1690014600,176
1690015500,99
1690016400,507
1690017300,156
1690018200,425
1690019100,64
1690020000,61
1690020900,97
1690021800,74
1690022700,84
1690023600,99
1690024500,111
1690025400,81
1690026300,125
1690027200,114
1690028100,117
1690029000,91
1690029900,71
1690030800,136
1690031700,108
1690032600,110
1690033500,105
1690034400,131
1690035300,106
1690036200,124
1690037100,146
1690038000,157
1690038900,117
1690039800,94
1690040700,96
1690041600,88
1690042500,112
1690043400,91
1690044300,146
1690045200,96
1690046100,112
1690047000,174
1690047900,136
1690048800,134
1690049700,162
1690050600,160
1690051500,170
1690052400,169
1690053300,203
1690054200,171
1690055100,165
1690056000,172
1690056900,167
1690057800,159
1690058700,139
1690059600,169
1690060500,133
1690061400,94
1690062300,95
1690063200,71
1690064100,62
1690065000,69
1690065900,78
1690066800,54
1690067700,52
1690068600,53
1690069500,61
1690070400,60
1690071300,70
1690072200,75
1690073100,52
1690074000,46
1690074900,56
1690075800,59
1690076700,52
1690077600,49
1690078500,57
1690079400,57
1690080300,48
1690081200,52
1690082100,61
1690083000,75
1690083900,81
1690084800,85
1690085700,229
1690086600,130
1690087500,56
1690088400,69
1690089300,101
1690090200,94
1690091100,117
1690092000,120
1690092900,116
1690093800,96
1690094700,82
1690095600,97
1690096500,100
1690097400,81
1690098300,127
1690099200,110
1690100100,99
1690101000,144
1690101900,189
1690102800,200
1690103700,216
1690104600,204
1690105500,96
1690106400,199
1690107300,184
1690108200,141
1690109100,174
1690110000,138
1690110900,127
1690111800,126
1690112700,94
1690113600,60
1690114500,67
1690115400,89
1690116300,87
1690117200,131
1690118100,119
1690119000,121
1690119900,232
1690120800,121
1690121700,173
1690122600,103
1690123500,90
1690124400,68
1690125300,90
1690126200,80
1690127100,92
1690128000,104
1690128900,122
1690129800,103
1690130700,132
1690131600,451
1690132500,224
1690133400,373
1690134300,177
1690135200,99
1690136100,102
1690137000,108
1690137900,91
1690138800,127
1690139700,127
1690140600,119
1690141500,104
1690142400,109
1690143300,94
1690144200,52
1690145100,40
1690146000,49
1690146900,106
1690147800,63
1690148700,61
1690149600,82
1690150500,75
1690151400,60
1690152300,65
1690153200,58
1690154100,53
1690155000,43
1690155900,52
1690156800,60
1690157700,55
1690158600,45
1690159500,49
1690160400,61
1690161300,46
1690162200,52
1690163100,70
1690164000,110
1690164900,84
1690165800,68
1690166700,51
1690167600,72
1690168500,57
1690169400,66
1690170300,56
1690171200,178
1690172100,66
1690173000,66
1690173900,69
1690174800,61
1690175700,43
1690176600,206
1690177500,103
1690178400,173
1690179300,133
1690180200,96
1690181100,166
1690182000,188
1690182900,190
1690183800,90
1690184700,120
1690185600,96
1690186500,128
1690187400,79
1690188300,197
1690189200,78
1690190100,86
1690191000,94
1690191900,114
1690192800,100
1690193700,102
1690194600,121
1690195500,118
1690196400,122
1690197300,124
1690198200,149
1690199100,410
1690200000,307
1690200900,131
1690201800,145
1690202700,135
1690203600,117
1690204500,106
1690205400,129
1690206300,108
1690207200,114
1690208100,115
1690209000,139
1690209900,138
1690210800,186
1690211700,173
1690212600,143
1690213500,116
1690214400,108
1690215300,129
1690216200,121
1690217100,130
1690218000,271
1690218900,313
1690219800,299
1690220700,369
1690221600,168
1690222500,177
1690223400,415
1690224300,175
1690225200,166
1690226100,691
1690227000,739
1690227900,733
1690228800,259
1690229700,247
1690230600,183
1690231500,158
1690232400,113
1690233300,108
1690234200,88
1690235100,92
1690236000,78
1690236900,89
1690237800,70
1690238700,82
1690239600,84
1690240500,97
1690241400,72
1690242300,64
1690243200,82
1690244100,61
1690245000,68
1690245900,70
1690246800,101
1690247700,75
1690248600,71
1690249500,62
1690250400,80
1690251300,60
1690252200,67
1690253100,69
1690254000,73
1690254900,67
1690255800,66
1690256700,82
1690257600,89
1690258500,98
1690259400,89
1690260300,530
1690261200,982
1690262100,856
1690263000,635
1690263900,349
1690264800,311
1690265700,147
1690266600,135
1690267500,121
1690268400,93
1690269300,89
1690270200,106
1690271100,99
1690272000,101
1690272900,136
1690273800,136
1690274700,229
1690275600,296
1690276500,258
1690277400,136
1690278300,139
1690279200,191
1690280100,146
1690281000,77
1690281900,75
1690282800,64
1690283700,152
1690284600,119
1690285500,145
1690286400,302
1690287300,139
1690288200,77
1690289100,65
1690290000,70
1690290900,66
1690291800,65
1690292700,67
1690293600,81
1690294500,66
1690295400,98
1690296300,88
1690297200,99
1690298100,71
1690299000,67
1690299900,73
1690300800,75
1690301700,71
1690302600,61
1690303500,78
1690304400,72
1690305300,71
1690306200,63
1690307100,83
1690308000,70
1690308900,82
1690309800,98
1690310700,105
1690311600,74
1690312500,71
1690313400,97
1690314300,99
1690315200,99
1690316100,87
1690317000,98
1690317900,128
1690318800,105
1690319700,88
1690320600,105
1690321500,78
1690322400,76
1690323300,87
1690324200,90
1690325100,82
1690326000,78
1690326900,84
1690327800,77
1690328700,79
1690329600,71
1690330500,88
1690331400,73
1690332300,91
1690333200,72
1690334100,110
1690335000,61
1690335900,58
1690336800,93
1690337700,64
1690338600,61
1690339500,50
1690340400,62
1690341300,56
1690342200,47
1690343100,41
1690344000,57
1690344900,55
1690345800,64
1690346700,55
1690347600,64
1690348500,44
1690349400,46
1690350300,140
1690351200,214
1690352100,76
1690353000,503
1690353900,293
1690354800,511
1690355700,88
1690356600,69
1690357500,83
1690358400,76
1690359300,76
1690360200,66
1690361100,87
1690362000,70
1690362900,76
1690363800,81
1690364700,105
1690365600,90
1690366500,94
1690367400,122
1690368300,124
1690369200,100
1690370100,70
1690371000,101
1690371900,116
1690372800,162
1690373700,126
1690374600,128
1690375500,110
1690376400,100
1690377300,68
1690378200,88
1690379100,71
1690380000,88
1690380900,88
1690381800,104
1690382700,102
1690383600,119
1690384500,120
1690385400,243
1690386300,66
1690387200,55
1690388100,77
1690389000,62
1690389900,66
1690390800,57
1690391700,83
1690392600,76
1690393500,81
1690394400,71
1690395300,77
1690396200,63
1690397100,59
1690398000,73
1690398900,72
1690399800,72
1690400700,61
1690401600,85
1690402500,73
1690403400,74
1690404300,66
1690405200,99
1690406100,71
1690407000,69
1690407900,49
1690408800,67
1690409700,42
1690410600,43
1690411500,49
1690412400,50
1690413300,108
1690414200,44
1690415100,56
1690416000,42
1690416900,58
1690417800,55
1690418700,76
1690419600,38
1690420500,47
1690421400,39
1690422300,60
1690423200,39
1690424100,45
1690425000,48
1690425900,51
1690426800,48
1690427700,45
1690428600,62
1690429500,59
1690430400,62
1690431300,46
1690432200,62
1690433100,37
1690434000,46
1690434900,39
1690435800,239
1690436700,118
1690437600,172
1690438500,69
1690439400,70
1690440300,273
1690441200,81
1690442100,104
1690443000,127
1690443900,326
1690444800,118
1690445700,83
1690446600,66
1690447500,533
1690448400,397
1690449300,316
1690450200,160
1690451100,114
1690452000,140
1690452900,156
1690453800,78
1690454700,96
1690455600,105
1690456500,218
1690457400,82
1690458300,70
1690459200,66
1690460100,76
1690461000,113
1690461900,150
1690462800,282
1690463700,652
1690464600,592
1690465500,502
1690466400,173
1690467300,487
1690468200,163
1690469100,131
1690470000,140
1690470900,474
1690471800,764
1690472700,717
1690473600,653
1690474500,544
1690475400,103
1690476300,97
1690477200,100
1690478100,87
1690479000,79
1690479900,76
1690480800,79
1690481700,66
1690482600,72
1690483500,76
1690484400,66
1690485300,76
1690486200,90
1690487100,86
1690488000,68
1690488900,130
1690489800,154
1690490700,107
1690491600,104
1690492500,116
1690493400,89
1690494300,81
1690495200,62
1690496100,65
1690497000,49
1690497900,55
1690498800,47
1690499700,66
1690500600,43
1690501500,52
1690502400,45
1690503300,63
1690504200,41
1690505100,52
1690506000,51
1690506900,57
1690507800,41
1690508700,62
1690509600,73
1690510500,65
1690511400,59
1690512300,61
1690513200,57
1690514100,61
1690515000,51
1690515900,53
1690516800,55
1690517700,44
1690518600,56
1690519500,215
1690520400,320
1690521300,253
1690522200,299
1690523100,402
1690524000,494
1690524900,277
1690525800,153
1690526700,102
1690527600,72
1690528500,139
1690529400,254
1690530300,405
1690531200,296
1690532100,566
1690533000,349
1690533900,153
1690534800,340
1690535700,158
1690536600,127
1690537500,269
1690538400,836
1690539300,338
1690540200,165
1690541100,208
1690542000,667
1690542900,241
1690543800,605
1690544700,193
1690545600,772
1690546500,870
1690547400,671
1690548300,365
1690549200,239
1690550100,222
1690551000,201
1690551900,183
1690552800,178
1690553700,134
1690554600,144
1690555500,125
1690556400,151
1690557300,126
1690558200,134
1690559100,124
1690560000,138
1690560900,114
1690561800,124
1690562700,126
1690563600,154
1690564500,134
1690565400,142
1690566300,140
1690567200,156
1690568100,323
1690569000,144
1690569900,170
1690570800,175
1690571700,172
1690572600,204
1690573500,208
1690574400,158
1690575300,138
1690576200,124
1690577100,147
1690578000,112
1690578900,119
1690579800,116
1690580700,149
1690581600,140
1690582500,135
1690583400,114
1690584300,92
1690585200,77
1690586100,62
1690587000,81
1690587900,73
1690588800,75
1690589700,58
1690590600,77
1690591500,63
1690592400,64
1690593300,61
1690594200,75
1690595100,66
1690596000,56
1690596900,67
1690597800,72
1690598700,64
1690599600,58
1690600500,71
1690601400,85
1690602300,87
1690603200,87
1690604100,87
1690605000,271
1690605900,79
1690606800,231
1690607700,99
1690608600,99
1690609500,82
1690610400,97
1690611300,135
1690612200,200
1690613100,206
1690614000,190
1690614900,120
1690615800,258
1690616700,809
1690617600,824
1690618500,594
1690619400,568
1690620300,574
1690621200,454
1690622100,170
1690623000,189
1690623900,616
1690624800,346
1690625700,1176
1690626600,770
1690627500,717
1690628400,684
1690629300,709
1690630200,677
1690631100,711
1690632000,396
1690632900,195
1690633800,193
1690634700,203
1690635600,188
1690636500,179
1690637400,185
1690638300,175
1690639200,141
1690640100,162
1690641000,157
1690641900,171
1690642800,206
1690643700,182
1690644600,202
1690645500,179
1690646400,163
1690647300,166
1690648200,182
1690649100,143
1690650000,131
1690650900,136
1690651800,136
1690652700,128
1690653600,113
1690654500,143
1690655400,123
1690656300,126
1690657200,137
1690658100,163
1690659000,174
1690659900,170
1690660800,157
1690661700,176
1690662600,135
1690663500,118
1690664400,131
1690665300,119
1690666200,101
1690667100,89
1690668000,110
1690668900,94
1690669800,85
1690670700,75
1690671600,97
1690672500,73
1690673400,80
1690674300,77
1690675200,93
1690676100,71
1690677000,82
1690677900,84
1690678800,85
1690679700,72
1690680600,80
1690681500,89
1690682400,81
1690683300,93
1690684200,96
1690685100,105
1690686000,92
1690686900,84
1690687800,91
1690688700,103
1690689600,110
1690690500,202
1690691400,172
1690692300,196
1690693200,96
1690694100,117
1690695000,110
1690695900,110
1690696800,106
1690697700,117
1690698600,97
1690699500,103
1690700400,96
1690701300,116
1690702200,93
1690703100,97
1690704000,98
1690704900,119
1690705800,113
1690706700,145
1690707600,143
1690708500,123
1690709400,174
1690710300,150
1690711200,194
1690712100,264
1690713000,250
1690713900,213
1690714800,222
1690715700,192
1690716600,162
1690717500,170
1690718400,175
1690719300,164
1690720200,193
1690721100,432
1690722000,379
1690722900,452
1690723800,301
1690724700,165
1690725600,171
1690726500,163
1690727400,183
1690728300,194
1690729200,192
1690730100,163
1690731000,112
1690731900,103
1690732800,99
1690733700,107
1690734600,81
1690735500,88
1690736400,94
1690737300,88
1690738200,83
1690739100,324
1690740000,135
1690740900,280
1690741800,185
1690742700,207
1690743600,186
1690744500,180
1690745400,144
1690746300,169
1690747200,147
1690748100,153
1690749000,138
1690749900,144
1690750800,123
1690751700,112
1690752600,99
1690753500,93
1690754400,85
1690755300,109
1690756200,127
1690757100,87
1690758000,79
1690758900,79
1690759800,70
1690760700,64
1690761600,68
1690762500,80
1690763400,67
1690764300,65
1690765200,77
1690766100,70
1690767000,68
1690767900,64
1690768800,83
1690769700,75
1690770600,87
1690771500,85
1690772400,244
1690773300,92
1690774200,89
1690775100,91
1690776000,226
1690776900,73
1690777800,154
1690778700,185
1690779600,112
1690780500,142
1690781400,263
1690782300,125
1690783200,203
1690784100,541
1690785000,202
1690785900,139
1690786800,143
1690787700,440
1690788600,302
1690789500,77
1690790400,75
1690791300,349
1690792200,150
1690793100,122
1690794000,322
1690794900,132
1690795800,167
1690796700,126
1690797600,136
1690798500,139
1690799400,203
1690800300,119
1690801200,121
1690802100,118
1690803000,170
1690803900,582
1690804800,223
1690805700,179
1690806600,295
1690807500,189
1690808400,156
1690809300,166
1690810200,176
1690811100,176
1690812000,153
1690812900,160
1690813800,170
1690814700,164
1690815600,158
1690816500,159
1690817400,153
1690818300,155
1690819200,160
1690820100,146
1690821000,195
1690821900,183
1690822800,186
1690823700,223
1690824600,157
1690825500,139
1690826400,162
1690827300,146
1690828200,150
1690829100,128
1690830000,217
1690830900,191
1690831800,214
1690832700,198
1690833600,338
1690834500,243
1690835400,131
1690836300,166
1690837200,368
1690838100,139
1690839000,291
1690839900,51
1690840800,46
1690841700,38
1690842600,56
1690843500,43
1690844400,45
1690845300,41
1690846200,57
1690847100,43
1690848000,42
1690848900,50
1690849800,52
1690850700,62
1690851600,57
1690852500,74
1690853400,43
1690854300,47
1690855200,40
1690856100,64
1690857000,53
1690857900,71
1690858800,67
1690859700,52
1690860600,49
1690861500,62
1690862400,67
1690863300,70
1690864200,62
1690865100,82
1690866000,187
1690866900,139
1690867800,232
1690868700,72
1690869600,134
1690870500,479
1690871400,43
1690872300,69
1690873200,53
1690874100,238
1690875000,99
1690875900,123
1690876800,140
1690877700,116
1690878600,123
1690879500,115
1690880400,194
1690881300,104
1690882200,118
1690883100,119
1690884000,113
1690884900,126
1690885800,122
1690886700,119
1690887600,302
1690888500,248
1690889400,179
1690890300,121
1690891200,99
1690892100,84
1690893000,103
1690893900,125
1690894800,136
1690895700,109
1690896600,87
1690897500,102
1690898400,233
1690899300,113
1690900200,118
1690901100,87
1690902000,144
1690902900,97
1690903800,61
1690904700,76
1690905600,57
1690906500,66
1690907400,72
1690908300,95
1690909200,72
1690910100,78
1690911000,81
1690911900,79
1690912800,64
1690913700,55
1690914600,76
1690915500,58
1690916400,64
1690917300,53
1690918200,81
1690919100,60
1690920000,59
1690920900,72
1690921800,54
1690922700,47
1690923600,38
1690924500,61
1690925400,57
1690926300,64
1690927200,56
1690928100,75
1690929000,57
1690929900,53
1690930800,56
1690931700,45
1690932600,80
1690933500,52
1690934400,62
1690935300,38
1690936200,48
1690937100,43
1690938000,57
1690938900,44
1690939800,40
1690940700,57
1690941600,43
1690942500,48
1690943400,37
1690944300,75
1690945200,53
1690946100,63
1690947000,59
1690947900,71
1690948800,53
1690949700,43
1690950600,59
1690951500,41
1690952400,48
1690953300,38
1690954200,61
1690955100,37
1690956000,47
1690956900,46
1690957800,51
1690958700,50
1690959600,95
1690960500,155
1690961400,115
1690962300,196
1690963200,117
1690964100,155
1690965000,154
1690965900,335
1690966800,445
1690967700,172
1690968600,214
1690969500,625
1690970400,308
1690971300,644
1690972200,246
1690973100,228
1690974000,126
1690974900,83
1690975800,86
1690976700,100
1690977600,74
1690978500,102
1690979400,97
1690980300,110
1690981200,82
1690982100,91
1690983000,102
1690983900,120
1690984800,111
1690985700,93
1690986600,99
1690987500,53
1690988400,63
1690989300,56
1690990200,65
1690991100,48
1690992000,56
1690992900,65
1690993800,55
1690994700,52
1690995600,55
1690996500,69
1690997400,47
1690998300,56
1690999200,61
1691000100,59
1691001000,56
1691001900,72
1691002800,77
1691003700,73
1691004600,66
1691005500,77
1691006400,74
1691007300,67
1691008200,71
1691009100,46
1691010000,40
1691010900,30
1691011800,44
1691012700,40
1691013600,39
1691014500,31
1691015400,52
1691016300,32
1691017200,119
1691018100,37
1691019000,54
1691019900,33
1691020800,37
1691021700,56
1691022600,58
1691023500,64
1691024400,50
1691025300,68
1691026200,48
1691027100,48
1691028000,36
1691028900,48
1691029800,29
1691030700,40
1691031600,48
1691032500,50
1691033400,47
1691034300,58
1691035200,46
1691036100,39
1691037000,30
1691037900,51
1691038800,427
1691039700,220
1691040600,343
1691041500,483
1691042400,399
1691043300,271
1691044200,89
1691045100,83
1691046000,77
1691046900,69
1691047800,83
1691048700,287
1691049600,86
1691050500,80
1691051400,85
1691052300,67
1691053200,245
1691054100,786
1691055000,941
1691055900,843
1691056800,655
1691057700,393
1691058600,189
1691059500,139
1691060400,149
1691061300,561
1691062200,1257
1691063100,1339
1691064000,661
1691064900,239
1691065800,108
1691066700,110
1691067600,114
1691068500,121
1691069400,177
1691070300,96
1691071200,123
1691072100,123
1691073000,118
1691073900,125
1691074800,153
1691075700,169
1691076600,201
1691077500,775
1691078400,750
1691079300,659
1691080200,208
1691081100,66
1691082000,56
1691082900,80
1691083800,56
1691084700,59
1691085600,51
1691086500,70
1691087400,48
1691088300,58
1691089200,60
1691090100,60
1691091000,48
1691091900,58
1691092800,64
1691093700,54
1691094600,58
1691095500,65
1691096400,88
1691097300,98
1691098200,89
1691099100,70
1691100000,55
1691100900,42
1691101800,61
1691102700,42
1691103600,48
1691104500,38
1691105400,60
1691106300,36
1691107200,46
1691108100,45
1691109000,49
1691109900,32
1691110800,38
1691111700,41
1691112600,45
1691113500,43
1691114400,61
1691115300,49
1691116200,50
1691117100,44
1691118000,53
1691118900,43
1691119800,32
1691120700,43
1691121600,35
1691122500,33
1691123400,29
1691124300,51
1691125200,330
1691126100,291
1691127000,47
1691127900,127
1691128800,50
1691129700,56
1691130600,76
1691131500,170
1691132400,310
1691133300,735
1691134200,666
1691135100,483
1691136000,560
1691136900,464
1691137800,836
1691138700,462
1691139600,537
1691140500,534
1691141400,180
1691142300,187
1691143200,134
1691144100,125
1691145000,118
1691145900,156
1691146800,139
1691147700,133
1691148600,126
1691149500,140
1691150400,132
1691151300,138
1691152200,152
1691153100,167
1691154000,130
1691154900,133
1691155800,136
1691156700,131
1691157600,120
1691158500,112
1691159400,111
1691160300,95
1691161200,99
1691162100,114
1691163000,115
1691163900,98
1691164800,118
1691165700,110
1691166600,114
1691167500,115
1691168400,131
1691169300,138
1691170200,170
1691171100,161
1691172000,149
1691172900,143
1691173800,165
1691174700,184
1691175600,194
1691176500,222
1691177400,204
1691178300,246
1691179200,267
1691180100,234
1691181000,189
1691181900,170
1691182800,158
1691183700,160
1691184600,114
1691185500,123
1691186400,102
1691187300,68
1691188200,86
1691189100,84
1691190000,72
1691190900,79
1691191800,86
1691192700,78
1691193600,78
1691194500,72
1691195400,92
1691196300,72
1691197200,77
1691198100,88
1691199000,78
1691199900,95
1691200800,88
1691201700,107
1691202600,100
1691203500,88
1691204400,101
1691205300,96
1691206200,77
1691207100,79
1691208000,78
1691208900,85
1691209800,69
1691210700,77
1691211600,244
1691212500,66
1691213400,246
1691214300,245
1691215200,379
1691216100,41
1691217000,44
1691217900,55
1691218800,66
1691219700,73
1691220600,71
1691221500,201
1691222400,69
1691223300,69
1691224200,72
1691225100,80
1691226000,71
1691226900,87
1691227800,198
1691228700,191
1691229600,137
1691230500,170
1691231400,234
1691232300,666
1691233200,184
1691234100,419
1691235000,407
1691235900,189
1691236800,501
1691237700,545
1691238600,494
1691239500,398
1691240400,302
1691241300,151
1691242200,149
1691243100,162
1691244000,100
1691244900,131
1691245800,75
1691246700,82
1691247600,606
1691248500,154
1691249400,112
1691250300,117
1691251200,141
1691252100,125
1691253000,123
1691253900,159
1691254800,169
1691255700,210
1691256600,167
1691257500,140
1691258400,145
1691259300,118
1691260200,160
1691261100,192
1691262000,118
1691262900,172
1691263800,154
1691264700,125
1691265600,70
1691266500,61
1691267400,68
1691268300,59
1691269200,53
1691270100,66
1691271000,99
1691271900,58
1691272800,68
1691273700,63
1691274600,78
1691275500,61
1691276400,82
1691277300,86
1691278200,77
1691279100,56
1691280000,62
1691280900,71
1691281800,59
1691282700,60
1691283600,53
1691284500,59
1691285400,44
1691286300,49
1691287200,54
1691288100,63
1691289000,76
1691289900,68
1691290800,63
1691291700,68
1691292600,55
1691293500,74
1691294400,77
1691295300,255
1691296200,114
1691297100,105
1691298000,101
1691298900,144
1691299800,95
1691300700,119
1691301600,213
1691302500,93
1691303400,232
1691304300,57
1691305200,52
1691306100,67
1691307000,50
1691307900,53
1691308800,65
1691309700,51
1691310600,61
1691311500,77
1691312400,75
1691313300,55
1691314200,73
1691315100,74
1691316000,76
1691316900,66
1691317800,91
1691318700,65
1691319600,75
1691320500,74
1691321400,81
1691322300,67
1691323200,81
1691324100,88
1691325000,80
1691325900,64
1691326800,82
1691327700,78
1691328600,72
1691329500,70
1691330400,87
1691331300,74
1691332200,70
1691333100,78
1691334000,79
1691334900,82
1691335800,85
1691336700,95
1691337600,65
1691338500,77
1691339400,531
1691340300,350
1691341200,235
1691342100,196
1691343000,115
1691343900,116
1691344800,103
1691345700,88
1691346600,112
1691347500,92
1691348400,111
1691349300,84
1691350200,113
1691351100,95
1691352000,95
1691352900,101
1691353800,80
1691354700,75
1691355600,82
1691356500,102
1691357400,69
1691358300,69
1691359200,61
1691360100,78
1691361000,59
1691361900,49
1691362800,57
1691363700,51
1691364600,51
1691365500,44
1691366400,66
1691367300,53
1691368200,69
1691369100,61
1691370000,70
1691370900,45
1691371800,51
1691372700,55
1691373600,54
1691374500,51
1691375400,45
1691376300,63
1691377200,45
1691378100,52
1691379000,50
1691379900,84
1691380800,57
1691381700,56
1691382600,49
1691383500,60
1691384400,43
1691385300,42
1691386200,48
1691387100,45
1691388000,41
1691388900,36
1691389800,59
1691390700,43
1691391600,59
1691392500,58
1691393400,61
1691394300,45
1691395200,53
1691396100,54
1691397000,59
1691397900,49
1691398800,47
1691399700,68
1691400600,59
1691401500,72
1691402400,75
1691403300,104
1691404200,80
1691405100,72
1691406000,71
1691406900,86
1691407800,216
1691408700,411
1691409600,215
1691410500,149
1691411400,145
1691412300,146
1691413200,191
1691414100,149
1691415000,163
1691415900,131
1691416800,154
1691417700,127
1691418600,134
1691419500,141
1691420400,139
1691421300,121
1691422200,122
1691423100,136
1691424000,156
1691424900,315
1691425800,348
1691426700,478
1691427600,250
1691428500,142
1691429400,137
1691430300,151
1691431200,259
1691432100,152
1691433000,179
1691433900,74
1691434800,67
1691435700,90
1691436600,103
1691437500,75
1691438400,67
1691439300,59
1691440200,64
1691441100,35
1691442000,46
1691442900,46
1691443800,51
1691444700,37
1691445600,45
1691446500,55
1691447400,46
1691448300,59
1691449200,58
1691450100,64
1691451000,102
1691451900,610
1691452800,90
1691453700,95
1691454600,79
1691455500,72
1691456400,71
1691457300,63
1691458200,49
1691459100,64
1691460000,84
1691460900,71
1691461800,57
1691462700,60
1691463600,65
1691464500,49
1691465400,58
1691466300,63
1691467200,60
1691468100,50
1691469000,57
1691469900,66
1691470800,66
1691471700,66
1691472600,80
1691473500,61
1691474400,57
1691475300,50
1691476200,65
1691477100,59
1691478000,50
1691478900,60
1691479800,71
1691480700,65
1691481600,59
1691482500,84
1691483400,86
1691484300,81
1691485200,59
1691486100,76
1691487000,77
1691487900,85
1691488800,76
1691489700,99
1691490600,82
1691491500,704
1691492400,603
1691493300,153
1691494200,124
1691495100,114
1691496000,299
1691496900,648
1691497800,292
1691498700,106
1691499600,100
1691500500,97
1691501400,85
1691502300,91
1691503200,238
1691504100,1123
1691505000,860
1691505900,749
1691506800,521
1691507700,168
1691508600,141
1691509500,214
1691510400,289
1691511300,751
1691512200,348
1691513100,167
1691514000,179
1691514900,150
1691515800,180
1691516700,160
1691517600,123
1691518500,85
1691519400,74
1691520300,71
1691521200,58
1691522100,71
1691523000,123
1691523900,80
1691524800,57
1691525700,70
1691526600,57
1691527500,49
1691528400,61
1691529300,67
1691530200,51
1691531100,36
1691532000,46
1691532900,52
1691533800,46
1691534700,37
1691535600,52
1691536500,47
1691537400,45
1691538300,43
1691539200,66
1691540100,63
1691541000,51
1691541900,47
1691542800,52
1691543700,45
1691544600,38
1691545500,54
1691546400,44
1691547300,46
1691548200,37
1691549100,60
1691550000,43
1691550900,102
1691551800,107
1691552700,65
1691553600,46
1691554500,38
1691555400,55
1691556300,45
1691557200,45
1691558100,38
1691559000,61
1691559900,38
1691560800,44
1691561700,45
1691562600,71
1691563500,59
1691564400,49
1691565300,54
1691566200,46
1691567100,45
1691568000,36
1691568900,63
1691569800,47
1691570700,55
1691571600,51
1691572500,66
1691573400,68
1691574300,89
1691575200,100
1691576100,77
1691577000,76
1691577900,68
1691578800,90
1691579700,67
1691580600,77
1691581500,311
1691582400,339
1691583300,107
1691584200,144
1691585100,169
1691586000,166
1691586900,427
1691587800,190
1691588700,84
1691589600,115
1691590500,98
1691591400,101
1691592300,103
1691593200,89
1691594100,150
1691595000,340
1691595900,296
1691596800,250
1691597700,533
1691598600,259
1691599500,255
1691600400,250
1691601300,455
1691602200,237
1691603100,393
1691604000,811
1691604900,491
1691605800,200
1691606700,169
1691607600,151
1691608500,135
1691609400,143
1691610300,154
1691611200,101
1691612100,106
1691613000,59
1691613900,141
1691614800,67
1691615700,65
1691616600,60
1691617500,60
1691618400,78
1691619300,70
1691620200,74
1691621100,66
1691622000,41
1691622900,33
1691623800,47
1691624700,42
1691625600,41
1691626500,35
1691627400,53
1691628300,66
1691629200,102
1691630100,111
1691631000,58
1691631900,384
1691632800,2150
1691633700,2160
1691634600,1916
1691635500,856
1691636400,1137
1691637300,896
1691638200,1133
1691639100,857
1691640000,867
1691640900,816
1691641800,1152
1691642700,1573
1691643600,665
1691644500,621
1691645400,1064
1691646300,1009
1691647200,717
1691648100,317
1691649000,90
1691649900,480
1691650800,735
1691651700,559
1691652600,677
1691653500,224
1691654400,105
1691655300,149
1691656200,161
1691657100,106
1691658000,241
1691658900,309
1691659800,613
1691660700,979
1691661600,636
1691662500,362
1691663400,456
1691664300,506
1691665200,283
1691666100,199
1691667000,101
1691667900,145
1691668800,124
1691669700,104
1691670600,117
1691671500,118
1691672400,123
1691673300,113
1691674200,120
1691675100,112
1691676000,94
1691676900,110
1691677800,91
1691678700,109
1691679600,115
1691680500,98
1691681400,104
1691682300,136
1691683200,117
1691684100,109
1691685000,163
1691685900,151
1691686800,247
1691687700,186
1691688600,191
1691689500,157
1691690400,143
1691691300,158
1691692200,165
1691693100,510
1691694000,849
1691694900,871
1691695800,785
1691696700,997
1691697600,526
1691698500,432
1691699400,111
1691700300,110
1691701200,107
1691702100,67
1691703000,74
1691703900,69
1691704800,85
1691705700,71
1691706600,74
1691707500,101
1691708400,63
1691709300,67
1691710200,65
1691711100,75
1691712000,70
1691712900,47
1691713800,59
1691714700,52
1691715600,48
1691716500,64
1691717400,74
1691718300,51
1691719200,42
1691720100,54
1691721000,59
1691721900,47
1691722800,51
1691723700,52
1691724600,69
1691725500,52
1691726400,59
1691727300,74
1691728200,172
1691729100,78
1691730000,90
1691730900,104
1691731800,154
1691732700,96
1691733600,133
1691734500,482
1691735400,534
1691736300,416
1691737200,529
1691738100,388
1691739000,464
1691739900,481
1691740800,465
1691741700,350
1691742600,181
1691743500,361
1691744400,482
1691745300,169
1691746200,129
1691747100,139
1691748000,140
1691748900,159
1691749800,170
1691750700,105
1691751600,131
1691752500,303
1691753400,528
1691754300,448
1691755200,361
1691756100,173
1691757000,122
1691757900,129
1691758800,144
1691759700,164
1691760600,236
1691761500,208
1691762400,165
1691763300,243
1691764200,696
1691765100,787
1691766000,766
1691766900,605
1691767800,546
1691768700,750
1691769600,855
1691770500,621
1691771400,556
1691772300,188
1691773200,204
1691774100,249
1691775000,179
1691775900,362
1691776800,695
1691777700,255
1691778600,473
1691779500,242
1691780400,264
1691781300,276
1691782200,319
1691783100,389
1691784000,297
1691784900,288
1691785800,298
1691786700,268
1691787600,260
1691788500,303
1691789400,266
1691790300,277
1691791200,261
1691792100,293
1691793000,431
1691793900,464
1691794800,425
1691795700,111
1691796600,91
1691797500,82
1691798400,87
1691799300,78
1691800200,70
1691801100,86
1691802000,82
1691802900,68
1691803800,75
1691804700,88
1691805600,72
1691806500,76
1691807400,71
1691808300,98
1691809200,82
1691810100,76
1691811000,70
1691811900,60
1691812800,63
1691813700,56
1691814600,68
1691815500,57
1691816400,92
1691817300,375
1691818200,373
1691819100,152
1691820000,95
1691820900,235
1691821800,492
1691822700,424
1691823600,460
1691824500,455
1691825400,378
1691826300,374
1691827200,715
1691828100,379
1691829000,375
1691829900,347
1691830800,130
1691831700,193
1691832600,295
1691833500,182
1691834400,423
1691835300,900
1691836200,364
1691837100,286
1691838000,144
1691838900,150
1691839800,216
1691840700,240
1691841600,129
1691842500,128
1691843400,135
1691844300,157
1691845200,114
1691846100,127
1691847000,131
1691847900,154
1691848800,163
1691849700,175
1691850600,152
1691851500,161
1691852400,177
1691853300,164
1691854200,151
1691855100,165
1691856000,194
1691856900,189
1691857800,194
1691858700,184
1691859600,177
1691860500,135
1691861400,185
1691862300,230
1691863200,245
1691864100,217
1691865000,207
1691865900,208
1691866800,120
1691867700,83
1691868600,66
1691869500,73
1691870400,77
1691871300,70
1691872200,56
1691873100,51
1691874000,65
1691874900,52
1691875800,111
1691876700,91
1691877600,114
1691878500,43
1691879400,55
1691880300,53
1691881200,65
1691882100,44
1691883000,53
1691883900,58
1691884800,61
1691885700,52
1691886600,44
1691887500,60
1691888400,50
1691889300,51
1691890200,45
1691891100,79
1691892000,65
1691892900,67
1691893800,44
1691894700,65
1691895600,48
1691896500,57
1691897400,54
1691898300,66
1691899200,78
1691900100,80
1691901000,87
1691901900,102
1691902800,255
1691903700,255
1691904600,295
1691905500,212
1691906400,561
1691907300,424
1691908200,258
1691909100,89
1691910000,79
1691910900,90
1691911800,121
1691912700,110
1691913600,120
1691914500,116
1691915400,109
1691916300,127
1691917200,102
1691918100,148
1691919000,1005
1691919900,489
1691920800,302
1691921700,209
1691922600,140
1691923500,160
1691924400,159
1691925300,199
1691926200,185
1691927100,143
1691928000,129
1691928900,107
1691929800,165
1691930700,117
1691931600,120
1691932500,145
1691933400,123
1691934300,109
1691935200,106
1691936100,103
1691937000,133
1691937900,143
1691938800,154
1691939700,201
1691940600,162
1691941500,150
1691942400,137
1691943300,155
1691944200,154
1691945100,155
1691946000,168
1691946900,194
1691947800,154
1691948700,156
1691949600,153
1691950500,281
1691951400,453
1691952300,404
1691953200,513
1691954100,157
1691955000,174
1691955900,122
1691956800,108
1691957700,123
1691958600,92
1691959500,61
1691960400,55
1691961300,64
1691962200,70
1691963100,64
1691964000,64
1691964900,61
1691965800,55
1691966700,81
1691967600,53
1691968500,61
1691969400,41
1691970300,44
1691971200,50
1691972100,51
1691973000,38
1691973900,47
1691974800,69
1691975700,66
1691976600,49
1691977500,47
1691978400,56
1691979300,43
1691980200,42
1691981100,41
1691982000,61
1691982900,55
1691983800,52
1691984700,47
1691985600,229
1691986500,67
1691987400,160
1691988300,62
1691989200,99
1691990100,138
1691991000,178
1691991900,139
1691992800,98
1691993700,140
1691994600,188
1691995500,147
1691996400,81
1691997300,100
1691998200,103
1691999100,123
1692000000,81
1692000900,85
1692001800,248
1692002700,190
1692003600,135
1692004500,153
1692005400,137
1692006300,167
1692007200,174
1692008100,408
1692009000,635
1692009900,207
1692010800,121
1692011700,214
1692012600,176
1692013500,647
1692014400,182
1692015300,544
1692016200,145
1692017100,303
1692018000,140
1692018900,172
1692019800,478
1692020700,681
1692021600,629
1692022500,232
1692023400,168
1692024300,169
1692025200,173
1692026100,224
1692027000,1108
1692027900,950
1692028800,743
1692029700,476
1692030600,170
1692031500,153
1692032400,145
1692033300,172
1692034200,161
1692035100,142
1692036000,158
1692036900,165
1692037800,174
1692038700,174
1692039600,211
1692040500,192
1692041400,164
1692042300,136
1692043200,126
1692044100,108
1692045000,81
1692045900,84
1692046800,91
1692047700,84
1692048600,74
1692049500,87
1692050400,89
1692051300,92
1692052200,111
1692053100,156
1692054000,142
1692054900,111
1692055800,117
1692056700,118
1692057600,129
1692058500,110
1692059400,117
1692060300,118
1692061200,121
1692062100,96
1692063000,79
1692063900,90
1692064800,95
1692065700,96
1692066600,89
1692067500,107
1692068400,91
1692069300,95
1692070200,73
1692071100,97
1692072000,71
1692072900,82
1692073800,74
1692074700,95
1692075600,73
1692076500,223
1692077400,215
1692078300,314
1692079200,408
1692080100,137
1692081000,280
1692081900,162
1692082800,90
1692083700,71
1692084600,75
1692085500,148
1692086400,492
1692087300,428
1692088200,319
1692089100,219
1692090000,130
1692090900,164
1692091800,677
1692092700,171
1692093600,569
1692094500,127
1692095400,132
1692096300,125
1692097200,113
1692098100,112
1692099000,148
1692099900,139
1692100800,168
1692101700,152
1692102600,148
1692103500,111
1692104400,117
1692105300,157
1692106200,166
1692107100,226
1692108000,279
1692108900,222
1692109800,152
1692110700,82
1692111600,85
1692112500,84
1692113400,73
1692114300,89
1692115200,64
1692116100,66
1692117000,61
1692117900,79
1692118800,63
1692119700,61
1692120600,70
1692121500,69
1692122400,68
1692123300,56
1692124200,104
1692125100,186
1692126000,133
1692126900,125
1692127800,105
1692128700,95
1692129600,87
1692130500,105
1692131400,91
1692132300,81
1692133200,76
1692134100,112
1692135000,88
1692135900,115
1692136800,58
1692137700,65
1692138600,39
1692139500,41
1692140400,46
1692141300,49
1692142200,43
1692143100,37
1692144000,56
1692144900,40
1692145800,45
1692146700,34
1692147600,87
1692148500,80
1692149400,85
1692150300,69
1692151200,70
1692152100,50
1692153000,57
1692153900,58
1692154800,62
1692155700,55
1692156600,50
1692157500,70
1692158400,52
1692159300,100
1692160200,98
1692161100,106
1692162000,51
1692162900,57
1692163800,53
1692164700,218
1692165600,48
1692166500,80
1692167400,83
1692168300,111
1692169200,80
1692170100,63
1692171000,80
1692171900,60
1692172800,66
1692173700,65
1692174600,276
1692175500,154
1692176400,110
1692177300,190
1692178200,171
1692179100,126
1692180000,138
1692180900,167
1692181800,156
1692182700,148
1692183600,108
1692184500,102
1692185400,79
1692186300,76
1692187200,76
1692188100,87
1692189000,77
1692189900,95
1692190800,99
1692191700,83
1692192600,71
1692193500,77
1692194400,90
1692195300,73
1692196200,76
1692197100,75
1692198000,88
1692198900,69
1692199800,77
1692200700,70
1692201600,79
1692202500,75
1692203400,83
1692204300,74
1692205200,66
1692206100,59
1692207000,69
1692207900,113
1692208800,120
1692209700,138
1692210600,166
1692211500,134
1692212400,115
1692213300,108
1692214200,103
1692215100,90
1692216000,81
1692216900,99
1692217800,84
1692218700,78
1692219600,76
1692220500,71
1692221400,57
1692222300,56
1692223200,65
1692224100,76
1692225000,68
1692225900,43
1692226800,59
1692227700,50
1692228600,52
1692229500,42
1692230400,65
1692231300,43
1692232200,50
1692233100,44
1692234000,80
1692234900,62
1692235800,63
1692236700,55
1692237600,52
1692238500,50
1692239400,42
1692240300,66
1692241200,42
1692242100,50
1692243000,50
1692243900,67
1692244800,46
1692245700,64
1692246600,72
1692247500,71
1692248400,215
1692249300,51
1692250200,155
1692251100,585
1692252000,795
1692252900,211
1692253800,490
1692254700,105
1692255600,174
1692256500,168
1692257400,357
1692258300,102
1692259200,503
1692260100,1154
1692261000,890
1692261900,1008
1692262800,620
1692263700,509
1692264600,241
1692265500,146
1692266400,409
1692267300,194
1692268200,189
1692269100,582
1692270000,187
1692270900,552
1692271800,571
1692272700,647
1692273600,444
1692274500,144
1692275400,177
1692276300,168
1692277200,188
1692278100,184
1692279000,126
1692279900,121
1692280800,116
1692281700,147
1692282600,150
1692283500,140
1692284400,146
1692285300,157
1692286200,170
1692287100,681
1692288000,768
1692288900,725
1692289800,538
1692290700,141
1692291600,193
1692292500,266
1692293400,166
1692294300,250
1692295200,172
1692296100,193
1692297000,220
1692297900,208
1692298800,222
1692299700,183
1692300600,242
1692301500,173
1692302400,154
1692303300,99
1692304200,86
1692305100,106
1692306000,95
1692306900,87
1692307800,74
1692308700,96
1692309600,72
1692310500,75
1692311400,64
1692312300,79
1692313200,65
1692314100,63
1692315000,103
1692315900,98
1692316800,116
1692317700,87
1692318600,82
1692319500,51
1692320400,61
1692321300,64
1692322200,63
1692323100,58
1692324000,58
1692324900,76
1692325800,55
1692326700,62
1692327600,65
1692328500,93
1692329400,85
1692330300,93
1692331200,75
1692332100,60
1692333000,58
1692333900,62
1692334800,245
1692335700,49
1692336600,78
1692337500,74
1692338400,88
1692339300,149
1692340200,100
1692341100,116
1692342000,84
1692342900,95
1692343800,230
1692344700,78
1692345600,63
1692346500,78
1692347400,188
1692348300,638
1692349200,403
1692350100,133
1692351000,75
1692351900,436
1692352800,282
1692353700,160
1692354600,152
1692355500,688
1692356400,180
1692357300,576
1692358200,116
1692359100,180
1692360000,141
1692360900,109
1692361800,114
1692362700,93
1692363600,97
1692364500,92
1692365400,185
1692366300,159
1692367200,115
1692368100,137
1692369000,122
1692369900,129
1692370800,134
1692371700,138
1692372600,103
1692373500,114
1692374400,368
1692375300,282
1692376200,597
1692377100,184
1692378000,180
1692378900,168
1692379800,199
1692380700,287
1692381600,248
1692382500,151
1692383400,149
1692384300,118
1692385200,114
1692386100,122
1692387000,124
1692387900,120
1692388800,109
1692389700,133
1692390600,99
1692391500,95
1692392400,96
1692393300,114
1692394200,112
1692395100,114
1692396000,78
1692396900,56
1692397800,61
1692398700,62
1692399600,58
1692400500,34
1692401400,43
1692402300,49
1692403200,43
1692404100,34
1692405000,50
1692405900,65
1692406800,54
1692407700,48
1692408600,50
1692409500,43
1692410400,34
1692411300,49
1692412200,42
1692413100,42
1692414000,34
1692414900,61
1692415800,43
1692416700,56
1692417600,74
1692418500,80
1692419400,232
1692420300,75
1692421200,92
1692422100,72
1692423000,142
1692423900,104
1692424800,64
1692425700,61
1692426600,70
1692427500,72
1692428400,87
1692429300,67
1692430200,78
1692431100,68
1692432000,65
1692432900,61
1692433800,77
1692434700,63
1692435600,58
1692436500,74
1692437400,95
1692438300,99
1692439200,139
1692440100,421
1692441000,92
1692441900,115
1692442800,123
1692443700,147
1692444600,124
1692445500,127
1692446400,123
1692447300,122
1692448200,127
1692449100,127
1692450000,177
1692450900,559
1692451800,232
1692452700,544
1692453600,161
1692454500,162
1692455400,160
1692456300,161
1692457200,171
1692458100,167
1692459000,213
1692459900,182
1692460800,195
1692461700,210
1692462600,206
1692463500,209
1692464400,180
1692465300,189
1692466200,146
1692467100,138
1692468000,156
1692468900,207
1692469800,198
1692470700,208
1692471600,217
1692472500,218
1692473400,401
1692474300,399
1692475200,486
1692476100,180
1692477000,85
1692477900,91
1692478800,75
1692479700,67
1692480600,72
1692481500,78
1692482400,69
1692483300,60
1692484200,72
1692485100,90
1692486000,80
1692486900,85
1692487800,68
1692488700,67
1692489600,53
1692490500,62
1692491400,75
1692492300,57
1692493200,63
1692494100,60
1692495000,80
1692495900,61
1692496800,86
1692497700,88
1692498600,82
1692499500,67
1692500400,90
1692501300,116
1692502200,73
1692503100,71
1692504000,97
1692504900,100
1692505800,75
1692506700,219
1692507600,382
1692508500,195
1692509400,71
1692510300,109
1692511200,115
1692512100,142
1692513000,172
1692513900,331
1692514800,385
1692515700,463
1692516600,198
1692517500,363
1692518400,183
1692519300,281
1692520200,280
1692521100,503
1692522000,339
1692522900,660
1692523800,193
1692524700,143
1692525600,353
1692526500,222
1692527400,149
1692528300,154
1692529200,161
1692530100,146
1692531000,118
1692531900,132
1692532800,127
1692533700,506
1692534600,714
1692535500,377
1692536400,543
1692537300,154
1692538200,517
1692539100,111
1692540000,134
1692540900,113
1692541800,93
1692542700,89
1692543600,100
1692544500,88
1692545400,89
1692546300,106
1692547200,89
1692548100,97
1692549000,85
1692549900,82
1692550800,72
1692551700,96
1692552600,72
1692553500,82
1692554400,90
1692555300,79
1692556200,78
1692557100,99
1692558000,161
1692558900,139
1692559800,173
1692560700,130
1692561600,125
1692562500,149
1692563400,237
1692564300,89
1692565200,77
1692566100,86
1692567000,59
1692567900,55
1692568800,60
1692569700,42
1692570600,34
1692571500,45
1692572400,42
1692573300,42
1692574200,31
1692575100,75
1692576000,37
1692576900,58
1692577800,61
1692578700,56
1692579600,34
1692580500,44
1692581400,48
1692582300,37
1692583200,39
1692584100,48
1692585000,41
1692585900,34
1692586800,49
1692587700,54
1692588600,60
1692589500,45
1692590400,194
1692591300,52
1692592200,123
1692593100,97
1692594000,145
1692594900,111
1692595800,163
1692596700,75
1692597600,128
1692598500,69
1692599400,406
1692600300,752
1692601200,756
1692602100,659
1692603000,318
1692603900,69
1692604800,108
1692605700,101
1692606600,108
1692607500,154
1692608400,142
1692609300,115
1692610200,98
1692611100,229
1692612000,142
1692612900,106
1692613800,122
1692614700,124
1692615600,137
1692616500,107
1692617400,352
1692618300,295
1692619200,103
1692620100,89
1692621000,101
1692621900,95
1692622800,86
1692623700,76
1692624600,101
1692625500,92
1692626400,93
1692627300,86
1692628200,110
1692629100,86
1692630000,110
1692630900,135
1692631800,161
1692632700,132
1692633600,119
1692634500,124
1692635400,110
1692636300,274
1692637200,140
1692638100,206
1692639000,173
1692639900,151
1692640800,239
1692641700,250
1692642600,217
1692643500,212
1692644400,178
1692645300,180
1692646200,138
1692647100,152
1692648000,139
1692648900,136
1692649800,97
1692650700,90
1692651600,80
1692652500,83
1692653400,112
1692654300,68
1692655200,44
1692656100,38
1692657000,53
1692657900,35
1692658800,41
1692659700,53
1692660600,41
1692661500,40
1692662400,42
1692663300,53
1692664200,50
1692665100,60
1692666000,59
1692666900,44
1692667800,35
1692668700,47
1692669600,47
1692670500,43
1692671400,46
1692672300,67
1692673200,63
1692674100,55
1692675000,71
1692675900,116
1692676800,101
1692677700,229
1692678600,317
1692679500,349
1692680400,80
1692681300,96
1692682200,175
1692683100,112
1692684000,623
1692684900,326
1692685800,122
1692686700,113
1692687600,134
1692688500,667
1692689400,778
1692690300,700
1692691200,189
1692692100,73
1692693000,62
1692693900,69
1692694800,84
1692695700,80
1692696600,78
1692697500,103
1692698400,118
1692699300,528
1692700200,828
1692701100,630
1692702000,544
1692702900,310
1692703800,142
1692704700,105
1692705600,92
1692706500,84
1692707400,105
1692708300,77
1692709200,95
1692710100,171
1692711000,210
1692711900,216
1692712800,207
1692713700,227
1692714600,208
1692715500,208
1692716400,189
1692717300,207
1692718200,113
1692719100,120
1692720000,134
1692720900,124
1692721800,111
1692722700,204
1692723600,170
1692724500,128
1692725400,148
1692726300,117
1692727200,133
1692728100,125
1692729000,172
1692729900,105
1692730800,127
1692731700,106
1692732600,85
1692733500,67
1692734400,74
1692735300,61
1692736200,51
1692737100,71
1692738000,58
1692738900,61
1692739800,50
1692740700,53
1692741600,39
1692742500,49
1692743400,54
1692744300,48
1692745200,39
1692746100,58
1692747000,47
1692747900,46
1692748800,59
1692749700,76
1692750600,51
1692751500,42
1692752400,54
1692753300,76
1692754200,75
1692755100,49
1692756000,71
1692756900,49
1692757800,50
1692758700,42
1692759600,67
1692760500,55
1692761400,64
1692762300,45
1692763200,57
1692764100,46
1692765000,45
1692765900,72
1692766800,55
1692767700,311
1692768600,856
1692769500,676
1692770400,416
1692771300,592
1692772200,483
1692773100,569
1692774000,209
1692774900,66
1692775800,52
1692776700,75
1692777600,55
1692778500,326
1692779400,466
1692780300,383
1692781200,293
1692782100,411
1692783000,412
1692783900,310
1692784800,201
1692785700,187
1692786600,213
1692787500,190
1692788400,163
1692789300,150
1692790200,106
1692791100,105
1692792000,146
1692792900,152
1692793800,190
1692794700,547
1692795600,194
1692796500,507
1692797400,150
1692798300,119
1692799200,110
1692800100,133
1692801000,107
1692801900,112
1692802800,111
1692803700,131
1692804600,100
1692805500,99
1692806400,102
1692807300,108
1692808200,89
1692809100,172
1692810000,183
1692810900,138
1692811800,116
1692812700,118
1692813600,122
1692814500,100
1692815400,121
1692816300,148
1692817200,169
1692818100,133
1692819000,138
1692819900,151
1692820800,143
1692821700,128
1692822600,128
1692823500,223
1692824400,115
1692825300,71
1692826200,73
1692827100,53
1692828000,54
1692828900,51
1692829800,67
1692830700,56
1692831600,62
1692832500,73
1692833400,73
1692834300,56
1692835200,47
1692836100,64
1692837000,54
1692837900,52
1692838800,43
1692839700,67
1692840600,42
1692841500,51
1692842400,46
1692843300,69
1692844200,66
1692845100,70
1692846000,53
1692846900,52
1692847800,42
1692848700,45
1692849600,63
1692850500,42
1692851400,49
1692852300,47
1692853200,55
1692854100,196
1692855000,89
1692855900,212
1692856800,219
1692857700,82
1692858600,89
1692859500,310
1692860400,107
1692861300,129
1692862200,145
1692863100,118
1692864000,123
1692864900,441
1692865800,507
1692866700,506
1692867600,400
1692868500,447
1692869400,126
1692870300,121
1692871200,96
1692872100,117
1692873000,101
1692873900,283
1692874800,328
1692875700,336
1692876600,173
1692877500,548
1692878400,261
1692879300,578
1692880200,140
1692881100,335
1692882000,196
1692882900,135
1692883800,127
1692884700,152
1692885600,139
1692886500,119
1692887400,387
1692888300,176
1692889200,298
1692890100,154
1692891000,131
1692891900,111
1692892800,130
1692893700,169
1692894600,95
1692895500,62
1692896400,61
1692897300,59
1692898200,73
1692899100,62
1692900000,54
1692900900,73
1692901800,60
1692902700,68
1692903600,70
1692904500,93
1692905400,56
1692906300,63
1692907200,60
1692908100,72
1692909000,43
1692909900,75
1692910800,74
1692911700,55
1692912600,36
1692913500,47
1692914400,57
1692915300,58
1692916200,55
1692917100,52
1692918000,47
1692918900,36
1692919800,44
1692920700,51
1692921600,44
1692922500,35
1692923400,53
1692924300,43
1692925200,45
1692926100,35
1692927000,74
1692927900,51
1692928800,53
1692929700,38
1692930600,54
1692931500,35
1692932400,44
1692933300,50
1692934200,53
1692935100,48
1692936000,98
1692936900,57
1692937800,42
1692938700,72
1692939600,214
1692940500,87
1692941400,300
1692942300,353
1692943200,347
1692944100,77
1692945000,59
1692945900,54
1692946800,57
1692947700,56
1692948600,46
1692949500,68
1692950400,51
1692951300,53
1692952200,59
1692953100,83
1692954000,66
1692954900,49
1692955800,77
1692956700,72
1692957600,75
1692958500,66
1692959400,90
1692960300,69
1692961200,135
1692962100,86
1692963000,110
1692963900,101
1692964800,88
1692965700,81
1692966600,77
1692967500,71
1692968400,86
1692969300,136
1692970200,84
1692971100,95
1692972000,96
1692972900,99
1692973800,76
1692974700,67
1692975600,84
1692976500,53
1692977400,64
1692978300,67
1692979200,67
1692980100,113
1692981000,102
1692981900,121
1692982800,110
1692983700,119
1692984600,137
1692985500,268
1692986400,500
1692987300,369
1692988200,324
1692989100,113
1692990000,108
1692990900,121
1692991800,144
1692992700,115
1692993600,115
1692994500,123
1692995400,89
1692996300,78
1692997200,88
1692998100,86
1692999000,79
1692999900,73
1693000800,82
1693001700,59
1693002600,52
1693003500,64
1693004400,58
1693005300,44
1693006200,39
1693007100,55
1693008000,45
1693008900,37
1693009800,48
1693010700,46
1693011600,43
1693012500,35
1693013400,50
1693014300,42
1693015200,34
1693016100,43
1693017000,43
1693017900,40
1693018800,47
1693019700,67
1693020600,62
1693021500,53
1693022400,56
1693023300,44
1693024200,42
1693025100,37
1693026000,206
1693026900,79
1693027800,92
1693028700,59
1693029600,157
1693030500,265
1693031400,647
1693032300,278
1693033200,211
1693034100,50
1693035000,233
1693035900,215
1693036800,186
1693037700,41
1693038600,89
1693039500,919
1693040400,977
1693041300,1026
1693042200,321
1693043100,538
1693044000,324
1693044900,256
1693045800,226
1693046700,122
1693047600,72
1693048500,67
1693049400,102
1693050300,95
1693051200,102
1693052100,151
1693053000,104
1693053900,120
1693054800,115
1693055700,143
1693056600,116
1693057500,142
1693058400,306
1693059300,167
1693060200,173
1693061100,160
1693062000,165
1693062900,162
1693063800,142
1693064700,222
1693065600,230
1693066500,210
1693067400,217
1693068300,212
1693069200,368
1693070100,227
1693071000,209
1693071900,209
1693072800,217
1693073700,212
1693074600,163
1693075500,185
1693076400,164
1693077300,175
1693078200,157
1693079100,147
1693080000,136
1693080900,142
1693081800,148
1693082700,119
1693083600,128
1693084500,142
1693085400,117
1693086300,101
1693087200,51
1693088100,48
1693089000,38
1693089900,54
1693090800,47
1693091700,46
1693092600,43
1693093500,56
1693094400,46
1693095300,39
1693096200,60
1693097100,40
1693098000,47
1693098900,60
1693099800,72
1693100700,53
1693101600,62
1693102500,70
1693103400,50
1693104300,43
1693105200,52
1693106100,49
1693107000,39
1693107900,47
1693108800,51
1693109700,46
1693110600,37
1693111500,65
1693112400,54
1693113300,205
1693114200,112
1693115100,200
1693116000,95
1693116900,101
1693117800,435
1693118700,626
1693119600,301
1693120500,126
1693121400,308
1693122300,119
1693123200,198
1693124100,484
1693125000,545
1693125900,413
1693126800,174
1693127700,124
1693128600,119
1693129500,213
1693130400,136
1693131300,198
1693132200,566
1693133100,220
1693134000,425
1693134900,136
1693135800,113
1693136700,153
1693137600,329
1693138500,771
1693139400,710
1693140300,687
1693141200,632
1693142100,155
1693143000,385
1693143900,424
1693144800,436
1693145700,142
1693146600,148
1693147500,133
1693148400,145
1693149300,158
1693150200,175
1693151100,159
1693152000,383
1693152900,204
1693153800,153
1693154700,151
1693155600,130
1693156500,148
1693157400,136
1693158300,127
1693159200,150
1693160100,143
1693161000,174
1693161900,262
1693162800,228
1693163700,196
1693164600,212
1693165500,79
1693166400,75
1693167300,91
1693168200,71
1693169100,58
1693170000,68
1693170900,60
1693171800,42
1693172700,59
1693173600,77
1693174500,91
1693175400,98
1693176300,65
1693177200,47
1693178100,52
1693179000,48
1693179900,46
1693180800,45
1693181700,54
1693182600,39
1693183500,62
1693184400,72
1693185300,57
1693186200,62
1693187100,66
1693188000,56
1693188900,37
1693189800,60
1693190700,42
1693191600,42
1693192500,54
1693193400,41
1693194300,57
1693195200,211
1693196100,73
1693197000,69
1693197900,87
1693198800,257
1693199700,290
1693200600,137
1693201500,110
1693202400,105
1693203300,161
1693204200,115
1693205100,95
1693206000,83
1693206900,97
1693207800,123
1693208700,346
1693209600,119
1693210500,293
1693211400,141
1693212300,180
1693213200,148
1693214100,582
1693215000,175
1693215900,551
1693216800,153
1693217700,126
1693218600,222
1693219500,264
1693220400,159
1693221300,140
1693222200,130
1693223100,109
1693224000,136
1693224900,113
1693225800,98
1693226700,99
1693227600,98
1693228500,106
1693229400,99
1693230300,123
1693231200,134
1693232100,224
1693233000,158
1693233900,160
1693234800,174
1693235700,138
1693236600,133
1693237500,182
1693238400,128
1693239300,121
1693240200,144
1693241100,148
1693242000,150
1693242900,167
1693243800,132
1693244700,159
1693245600,158
1693246500,163
1693247400,230
1693248300,252
1693249200,254
1693250100,199
1693251000,182
1693251900,99
1693252800,146
1693253700,166
1693254600,83
1693255500,69
1693256400,65
1693257300,79
1693258200,61
1693259100,71
1693260000,74
1693260900,66
1693261800,80
1693262700,93
1693263600,87
1693264500,77
1693265400,104
1693266300,75
1693267200,141
1693268100,72
1693269000,60
1693269900,56
1693270800,48
1693271700,58
1693272600,41
1693273500,50
1693274400,56
1693275300,54
1693276200,44
1693277100,61
1693278000,50
1693278900,48
1693279800,71
1693280700,66
1693281600,83
1693282500,71
1693283400,78
1693284300,58
1693285200,137
1693286100,215
1693287000,227
1693287900,381
1693288800,97
1693289700,115
1693290600,92
1693291500,94
1693292400,122
1693293300,493
1693294200,256
1693295100,175
1693296000,369
1693296900,386
1693297800,370
1693298700,305
1693299600,196
1693300500,261
1693301400,155
1693302300,161
1693303200,148
1693304100,142
1693305000,150
1693305900,143
1693306800,149
1693307700,244
1693308600,161
1693309500,186
1693310400,416
1693311300,415
1693312200,192
1693313100,204
1693314000,225
1693314900,185
1693315800,208
1693316700,249
1693317600,279
1693318500,288
1693319400,289
1693320300,286
1693321200,263
1693322100,239
1693323000,226
1693323900,323
1693324800,712
1693325700,254
1693326600,263
1693327500,246
1693328400,255
1693329300,289
1693330200,294
1693331100,294
1693332000,277
1693332900,267
1693333800,256
1693334700,261
1693335600,271
1693336500,466
1693337400,709
1693338300,514
1693339200,520
1693340100,235
1693341000,199
1693341900,232
1693342800,240
1693343700,209
1693344600,218
1693345500,175
1693346400,149
1693347300,92
1693348200,101
1693349100,93
1693350000,122
1693350900,124
1693351800,110
1693352700,116
1693353600,112
1693354500,133
1693355400,111
1693356300,115
1693357200,93
1693358100,109
1693359000,109
1693359900,102
1693360800,94
1693361700,98
1693362600,105
1693363500,111
1693364400,106
1693365300,122
1693366200,127
1693367100,112
1693368000,133
1693368900,105
1693369800,107
1693370700,102
1693371600,112
1693372500,128
1693373400,206
1693374300,134
1693375200,413
1693376100,152
1693377000,290
1693377900,177
1693378800,76
1693379700,86
1693380600,69
1693381500,95
1693382400,81
1693383300,78
1693384200,71
1693385100,94
1693386000,174
1693386900,215
1693387800,296
1693388700,223
1693389600,592
1693390500,446
1693391400,602
1693392300,256
1693393200,175
1693394100,98
1693395000,97
1693395900,123
1693396800,172
1693397700,159
1693398600,153
1693399500,160
1693400400,195
1693401300,169
1693402200,127
1693403100,130
1693404000,113
1693404900,92
1693405800,91
1693406700,94
1693407600,68
1693408500,68
1693409400,80
1693410300,87
1693411200,105
1693412100,84
1693413000,87
1693413900,76
1693414800,86
1693415700,82
1693416600,85
1693417500,63
1693418400,70
1693419300,76
1693420200,206
1693421100,168
1693422000,118
1693422900,109
1693423800,103
1693424700,110
1693425600,136
1693426500,123
1693427400,84
1693428300,84
1693429200,93
1693430100,101
1693431000,81
1693431900,73
1693432800,61
1693433700,60
1693434600,51
1693435500,52
1693436400,66
1693437300,45
1693438200,52
1693439100,40
1693440000,51
1693440900,56
1693441800,96
1693442700,71
1693443600,69
1693444500,56
1693445400,74
1693446300,78
1693447200,68
1693448100,61
1693449000,58
1693449900,67
1693450800,88
1693451700,111
1693452600,94
1693453500,94
1693454400,85
1693455300,91
1693456200,85
1693457100,67
1693458000,54
1693458900,200
1693459800,58
1693460700,84
1693461600,67
1693462500,61
1693463400,58
1693464300,91
1693465200,395
1693466100,548
1693467000,264
1693467900,120
1693468800,129
1693469700,113
1693470600,137
1693471500,123
1693472400,439
1693473300,124
1693474200,137
1693475100,147
1693476000,146
1693476900,130
1693477800,131
1693478700,132
1693479600,151
1693480500,163
1693481400,186
1693482300,173
1693483200,590
1693484100,257
1693485000,507
1693485900,105
1693486800,93
1693487700,126
1693488600,135
1693489500,178
1693490400,162
1693491300,236
1693492200,152
1693493100,142
1693494000,151
1693494900,108
1693495800,94
1693496700,81
1693497600,515
1693498500,627
1693499400,792
1693500300,494
1693501200,100
1693502100,98
1693503000,93
1693503900,116
1693504800,432
1693505700,695
1693506600,631
1693507500,336
1693508400,208
1693509300,148
1693510200,130
1693511100,80
1693512000,82
1693512900,65
1693513800,97
1693514700,88
1693515600,84
1693516500,46
1693517400,46
1693518300,46
1693519200,41
1693520100,60
1693521000,55
1693521900,49
1693522800,39
1693523700,50
1693524600,41
1693525500,63
1693526400,58
1693527300,43
1693528200,86
1693529100,80
1693530000,91
1693530900,97
1693531800,88
1693532700,69
1693533600,74
1693534500,53
1693535400,78
1693536300,72
1693537200,64
1693538100,58
1693539000,56
1693539900,72
1693540800,77
1693541700,95
1693542600,64
1693543500,93
1693544400,135
1693545300,90
1693546200,271
1693547100,141
1693548000,128
1693548900,128
1693549800,96
1693550700,117
1693551600,137
1693552500,114
1693553400,82
1693554300,65
1693555200,73
1693556100,61
1693557000,90
1693557900,73
1693558800,71
1693559700,61
1693560600,85
1693561500,84
1693562400,117
1693563300,97
1693564200,99
1693565100,163
1693566000,115
1693566900,117
1693567800,130
1693568700,119
1693569600,105
1693570500,110
1693571400,90
1693572300,118
1693573200,116
1693574100,108
1693575000,103
1693575900,103
1693576800,107
1693577700,111
1693578600,121
1693579500,101
1693580400,106
1693581300,95
1693582200,97
1693583100,103
1693584000,634
1693584900,294
1693585800,98
1693586700,135
1693587600,103
1693588500,112
1693589400,80
1693590300,80
1693591200,79
1693592100,62
1693593000,74
1693593900,76
1693594800,71
1693595700,59
1693596600,75
1693597500,154
1693598400,142
1693599300,115
1693600200,73
1693601100,67
1693602000,56
1693602900,66
1693603800,70
1693604700,95
1693605600,75
1693606500,73
1693607400,83
1693608300,74
1693609200,103
1693610100,85
1693611000,81
1693611900,67
1693612800,67
1693613700,69
1693614600,84
1693615500,71
1693616400,62
1693617300,67
1693618200,61
1693619100,70
1693620000,64
1693620900,53
1693621800,39
1693622700,47
1693623600,47
1693624500,64
1693625400,59
1693626300,52
1693627200,64
1693628100,54
1693629000,64
1693629900,73
1693630800,72
1693631700,45
1693632600,217
1693633500,66
1693634400,83
1693635300,163
1693636200,86
1693637100,515
1693638000,489
1693638900,668
1693639800,468
1693640700,462
1693641600,358
1693642500,399
1693643400,415
1693644300,596
1693645200,905
1693646100,695
1693647000,1094
1693647900,510
1693648800,901
1693649700,142
1693650600,154
1693651500,112
1693652400,117
1693653300,128
1693654200,129
1693655100,157
1693656000,186
1693656900,158
1693657800,202
1693658700,167
1693659600,117
1693660500,136
1693661400,114
1693662300,132
1693663200,129
1693664100,169
1693665000,180
1693665900,182
1693666800,172
1693667700,154
1693668600,125
1693669500,141
1693670400,153
1693671300,143
1693672200,130
1693673100,136
1693674000,132
1693674900,156
1693675800,163
1693676700,162
1693677600,175
1693678500,193
1693679400,209
1693680300,244
1693681200,217
1693682100,169
1693683000,134
1693683900,120
1693684800,117
1693685700,135
1693686600,133
1693687500,105
1693688400,114
1693689300,114
1693690200,105
1693691100,114
1693692000,108
1693692900,97
1693693800,98
1693694700,109
1693695600,120
1693696500,135
1693697400,131
1693698300,125
1693699200,118
1693700100,115
1693701000,117
1693701900,130
1693702800,101
1693703700,115
1693704600,139
1693705500,90
1693706400,92
1693707300,100
1693708200,77
1693709100,88
1693710000,54
1693710900,63
1693711800,65
1693712700,52
1693713600,46
1693714500,170
1693715400,102
1693716300,108
1693717200,106
1693718100,99
1693719000,108
1693719900,80
1693720800,110
1693721700,117
1693722600,130
1693723500,106
1693724400,157
1693725300,135
1693726200,123
1693727100,100
1693728000,95
1693728900,74
1693729800,82
1693730700,97
1693731600,189
1693732500,131
1693733400,160
1693734300,169
1693735200,167
1693736100,187
1693737000,182
1693737900,176
1693738800,155
1693739700,172
1693740600,165
1693741500,225
1693742400,264
1693743300,171
1693744200,152
1693745100,150
1693746000,142
1693746900,128
1693747800,96
1693748700,91
1693749600,150
1693750500,75
1693751400,88
1693752300,252
1693753200,121
1693754100,129
1693755000,136
1693755900,164
1693756800,164
1693757700,129
1693758600,131
1693759500,150
1693760400,152
1693761300,94
1693762200,127
1693763100,297
1693764000,161
1693764900,152
1693765800,190
1693766700,116
1693767600,131
1693768500,146
1693769400,148
1693770300,138
1693771200,126
1693772100,111
1693773000,121
1693773900,101
1693774800,86
1693775700,76
1693776600,68
1693777500,37
1693778400,60
1693779300,48
1693780200,46
1693781100,35
1693782000,46
1693782900,37
1693783800,64
1693784700,74
1693785600,71
1693786500,55
1693787400,66
1693788300,84
1693789200,81
1693790100,56
1693791000,44
1693791900,40
1693792800,42
1693793700,54
1693794600,55
1693795500,49
1693796400,47
1693797300,56
1693798200,56
1693799100,62
1693800000,246
1693800900,271
1693801800,205
1693802700,149
1693803600,150
1693804500,404
1693805400,347
1693806300,539
1693807200,189
1693808100,193
1693809000,94
1693809900,118
1693810800,265
1693811700,187
1693812600,83
1693813500,148
1693814400,112
1693815300,132
1693816200,465
1693817100,567
1693818000,189
1693818900,119
1693819800,130
1693820700,140
1693821600,131
1693822500,163
1693823400,289
1693824300,110
1693825200,115
1693826100,90
1693827000,79
1693827900,66
1693828800,77
1693829700,68
1693830600,85
1693831500,60
1693832400,66
1693833300,62
1693834200,114
1693835100,135
1693836000,455
1693836900,745
1693837800,246
1693838700,147
1693839600,158
1693840500,161
1693841400,165
1693842300,307
1693843200,159
1693844100,194
1693845000,716
1693845900,675
1693846800,192
1693847700,198
1693848600,206
1693849500,199
1693850400,198
1693851300,230
1693852200,516
1693853100,279
1693854000,529
1693854900,223
1693855800,161
1693856700,128
1693857600,116
1693858500,104
1693859400,85
1693860300,100
1693861200,76
1693862100,81
1693863000,73
1693863900,82
1693864800,88
1693865700,96
1693866600,80
1693867500,73
1693868400,114
1693869300,151
1693870200,147
1693871100,131
1693872000,127
1693872900,105
1693873800,113
1693874700,110
1693875600,123
1693876500,109
1693877400,99
1693878300,136
1693879200,115
1693880100,108
1693881000,112
1693881900,103
1693882800,94
1693883700,99
1693884600,100
1693885500,121
1693886400,134
1693887300,107
1693888200,108
1693889100,98
1693890000,131
1693890900,181
1693891800,244
1693892700,115
1693893600,239
1693894500,627
1693895400,917
1693896300,773
1693897200,626
1693898100,463
1693899000,224
1693899900,83
1693900800,76
1693901700,76
1693902600,46
1693903500,163
1693904400,259
1693905300,294
1693906200,247
1693907100,118
1693908000,111
1693908900,110
1693909800,122
1693910700,95
1693911600,80
1693912500,128
1693913400,136
1693914300,129
1693915200,107
1693916100,74
1693917000,77
1693917900,74
1693918800,161
1693919700,194
1693920600,129
1693921500,79
1693922400,82
1693923300,79
1693924200,222
1693925100,66
1693926000,93
1693926900,89
1693927800,111
1693928700,100
1693929600,117
1693930500,365
1693931400,99
1693932300,142
1693933200,139
1693934100,165
1693935000,138
1693935900,153
1693936800,410
1693937700,576
1693938600,410
1693939500,349
1693940400,224
1693941300,186
1693942200,182
1693943100,171
1693944000,125
1693944900,110
1693945800,92
1693946700,69
1693947600,122
1693948500,80
1693949400,77
1693950300,83
1693951200,102
1693952100,71
1693953000,54
1693953900,36
1693954800,47
1693955700,36
1693956600,58
1693957500,55
1693958400,42
1693959300,41
1693960200,67
1693961100,71
1693962000,89
1693962900,90
1693963800,88
1693964700,155
1693965600,113
1693966500,123
1693967400,122
1693968300,119
1693969200,106
1693970100,112
1693971000,103
1693971900,151
1693972800,111
1693973700,71
1693974600,66
1693975500,74
1693976400,89
1693977300,103
1693978200,80
1693979100,69
1693980000,69
1693980900,68
1693981800,614
1693982700,474
1693983600,443
1693984500,319
1693985400,368
1693986300,696
1693987200,493
1693988100,466
1693989000,832
1693989900,460
1693990800,361
1693991700,424
1693992600,561
1693993500,360
1693994400,355
1693995300,291
1693996200,432
1693997100,344
1693998000,336
1693998900,104
1693999800,101
1694000700,102
1694001600,122
1694002500,149
1694003400,167
1694004300,114
1694005200,171
1694006100,184
1694007000,179
1694007900,192
1694008800,172
1694009700,184
1694010600,139
1694011500,132
1694012400,130
1694013300,143
1694014200,116
1694015100,128
1694016000,119
1694016900,126
1694017800,128
1694018700,145
1694019600,214
1694020500,231
1694021400,156
1694022300,157
1694023200,183
1694024100,211
1694025000,195
1694025900,174
1694026800,276
1694027700,146
1694028600,179
1694029500,144
1694030400,142
1694031300,117
1694032200,147
1694033100,135
1694034000,115
1694034900,63
1694035800,97
1694036700,77
1694037600,72
1694038500,82
1694039400,90
1694040300,67
1694041200,76
1694042100,62
1694043000,72
1694043900,81
1694044800,94
1694045700,125
1694046600,136
1694047500,107
1694048400,106
1694049300,107
1694050200,71
1694051100,56
1694052000,63
1694052900,61
1694053800,70
1694054700,80
1694055600,60
1694056500,68
1694057400,72
1694058300,77
1694059200,124
1694060100,135
1694061000,100
1694061900,97
1694062800,171
1694063700,196
1694064600,75
1694065500,82
1694066400,60
1694067300,202
1694068200,95
1694069100,72
1694070000,335
1694070900,85
1694071800,90
1694072700,391
1694073600,159
1694074500,494
1694075400,208
1694076300,131
1694077200,142
1694078100,227
1694079000,378
1694079900,171
1694080800,174
1694081700,169
1694082600,129
1694083500,335
1694084400,139
1694085300,169
1694086200,145
1694087100,135
1694088000,123
1694088900,120
1694089800,125
1694090700,139
1694091600,134
1694092500,134
1694093400,133
1694094300,134
1694095200,616
1694096100,280
1694097000,660
1694097900,480
1694098800,206
1694099700,340
1694100600,328
1694101500,153
1694102400,349
1694103300,142
1694104200,205
1694105100,473
1694106000,564
1694106900,481
1694107800,436
1694108700,149
1694109600,563
1694110500,712
1694111400,721
1694112300,653
1694113200,168
1694114100,153
1694115000,173
1694115900,144
1694116800,131
1694117700,102
1694118600,89
1694119500,80
1694120400,70
1694121300,86
1694122200,91
1694123100,80
1694124000,75
1694124900,60
1694125800,89
1694126700,98
1694127600,80
1694128500,57
1694129400,68
1694130300,59
1694131200,87
1694132100,95
1694133000,96
1694133900,76
1694134800,65
1694135700,67
1694136600,63
1694137500,84
1694138400,63
1694139300,66
1694140200,62
1694141100,82
1694142000,93
1694142900,113
1694143800,90
1694144700,70
1694145600,58
1694146500,84
1694147400,93
1694148300,97
1694149200,165
1694150100,465
1694151000,917
1694151900,1056
1694152800,623
1694153700,516
1694154600,92
1694155500,66
1694156400,78
1694157300,73
1694158200,91
1694159100,119
1694160000,102
1694160900,136
1694161800,101
1694162700,76
1694163600,83
1694164500,118
1694165400,137
1694166300,144
1694167200,125
1694168100,141
1694169000,164
1694169900,160
1694170800,143
1694171700,265
1694172600,171
1694173500,267
1694174400,150
1694175300,143
1694176200,120
1694177100,104
1694178000,112
1694178900,112
1694179800,115
1694180700,112
1694181600,137
1694182500,127
1694183400,165
1694184300,144
1694185200,140
1694186100,121
1694187000,94
1694187900,148
1694188800,832
1694189700,448
1694190600,650
1694191500,102
1694192400,102
1694193300,116
1694194200,91
1694195100,78
1694196000,79
1694196900,114
1694197800,155
1694198700,153
1694199600,120
1694200500,116
1694201400,113
1694202300,96
1694203200,89
1694204100,68
1694205000,54
1694205900,40
1694206800,46
1694207700,49
1694208600,62
1694209500,49
1694210400,57
1694211300,63
1694212200,51
1694213100,60
1694214000,53
1694214900,48
1694215800,38
1694216700,49
1694217600,39
1694218500,67
1694219400,45
1694220300,48
1694221200,41
1694222100,46
1694223000,51
1694223900,62
1694224800,60
1694225700,62
1694226600,74
1694227500,166
1694228400,79
1694229300,90
1694230200,88
1694231100,80
1694232000,60
1694232900,142
1694233800,282
1694234700,65
1694235600,318
1694236500,54
1694237400,236
1694238300,109
1694239200,68
1694240100,234
1694241000,119
1694241900,45
1694242800,426
1694243700,170
1694244600,403
1694245500,160
1694246400,169
1694247300,629
1694248200,654
1694249100,293
1694250000,206
1694250900,132
1694251800,215
1694252700,155
1694253600,213
1694254500,1275
1694255400,1307
1694256300,1025
1694257200,510
1694258100,186
1694259000,185
1694259900,191
1694260800,156
1694261700,141
1694262600,645
1694263500,667
1694264400,665
1694265300,629
1694266200,156
1694267100,113
1694268000,124
1694268900,202
1694269800,160
1694270700,142
1694271600,142
1694272500,141
1694273400,151
1694274300,160
1694275200,127
1694276100,135
1694277000,124
1694277900,369
1694278800,486
1694279700,909
1694280600,359
1694281500,456
1694282400,186
1694283300,194
1694284200,199
1694285100,184
1694286000,177
1694286900,109
1694287800,112
1694288700,106
1694289600,111
1694290500,95
1694291400,90
1694292300,77
1694293200,86
1694294100,98
1694295000,79
1694295900,99
1694296800,88
1694297700,91
1694298600,91
1694299500,70
1694300400,37
1694301300,48
1694302200,40
1694303100,54
1694304000,61
1694304900,43
1694305800,44
1694306700,41
1694307600,48
1694308500,56
1694309400,69
1694310300,54
1694311200,63
1694312100,38
1694313000,57
1694313900,54
1694314800,46
1694315700,37
1694316600,55
1694317500,83
1694318400,269
1694319300,184
1694320200,173
1694321100,90
1694322000,80
1694322900,108
1694323800,111
1694324700,94
1694325600,80
1694326500,80
1694327400,74
1694328300,104
1694329200,134
1694330100,112
1694331000,105
1694331900,99
1694332800,106
1694333700,132
1694334600,101
1694335500,120
1694336400,134
1694337300,153
1694338200,155
1694339100,143
1694340000,150
1694340900,240
1694341800,189
1694342700,200
1694343600,207
1694344500,112
1694345400,80
1694346300,76
1694347200,185
1694348100,150
1694349000,168
1694349900,113
1694350800,86
1694351700,71
1694352600,98
1694353500,202
1694354400,81
1694355300,98
1694356200,107
1694357100,120
1694358000,141
1694358900,158
1694359800,226
1694360700,224
1694361600,186
1694362500,204
1694363400,185
1694364300,186
1694365200,180
1694366100,192
1694367000,190
1694367900,209
1694368800,196
1694369700,144
1694370600,139
1694371500,148
1694372400,146
1694373300,132
1694374200,108
1694375100,96
1694376000,97
1694376900,103
1694377800,106
1694378700,73
1694379600,83
1694380500,76
1694381400,51
1694382300,59
1694383200,64
1694384100,56
1694385000,66
1694385900,41
1694386800,63
1694387700,53
1694388600,48
1694389500,41
1694390400,49
1694391300,46
1694392200,66
1694393100,44
1694394000,45
1694394900,45
1694395800,45
1694396700,71
1694397600,67
1694398500,64
1694399400,42
1694400300,48
1694401200,50
1694402100,63
1694403000,40
1694403900,50
1694404800,199
1694405700,89
1694406600,122
1694407500,142
1694408400,276
1694409300,90
1694410200,163
1694411100,582
1694412000,190
1694412900,705
1694413800,112
1694414700,46
1694415600,63
1694416500,80
1694417400,110
1694418300,54
1694419200,280
1694420100,91
1694421000,83
1694421900,59
1694422800,58
1694423700,49
1694424600,69
1694425500,77
1694426400,109
1694427300,86
1694428200,95
1694429100,80
1694430000,80
1694430900,92
1694431800,414
1694432700,242
1694433600,114
1694434500,106
1694435400,102
1694436300,96
1694437200,74
1694438100,85
1694439000,84
1694439900,104
1694440800,100
1694441700,74
1694442600,63
1694443500,71
1694444400,63
1694445300,89
1694446200,70
1694447100,188
1694448000,247
1694448900,145
1694449800,161
1694450700,143
1694451600,139
1694452500,133
1694453400,256
1694454300,523
1694455200,365
1694456100,347
1694457000,122
1694457900,114
1694458800,122
1694459700,133
1694460600,161
1694461500,121
1694462400,514
1694463300,260
1694464200,205
1694465100,95
1694466000,84
1694466900,78
1694467800,82
1694468700,81
1694469600,102
1694470500,87
1694471400,80
1694472300,86
1694473200,95
1694474100,117
1694475000,96
1694475900,80
1694476800,67
1694477700,75
1694478600,73
1694479500,94
1694480400,71
1694481300,77
1694482200,69
1694483100,75
1694484000,84
1694484900,83
1694485800,115
1694486700,118
1694487600,112
1694488500,106
1694489400,106
1694490300,79
1694491200,61
1694492100,60
1694493000,61
1694493900,73
1694494800,76
1694495700,234
1694496600,216
1694497500,282
1694498400,421
1694499300,96
1694500200,119
1694501100,171
1694502000,347
1694502900,114
1694503800,148
1694504700,116
1694505600,106
1694506500,100
1694507400,168
1694508300,117
1694509200,133
1694510100,98
1694511000,130
1694511900,132
1694512800,140
1694513700,142
1694514600,143
1694515500,145
1694516400,92
1694517300,90
1694518200,104
1694519100,110
1694520000,95
1694520900,94
1694521800,91
1694522700,83
1694523600,625
1694524500,312
1694525400,174
1694526300,176
1694527200,165
1694528100,175
1694529000,298
1694529900,304
1694530800,182
1694531700,191
1694532600,156
1694533500,128
1694534400,106
1694535300,105
1694536200,114
1694537100,130
1694538000,180
1694538900,214
1694539800,179
1694540700,196
1694541600,176
1694542500,192
1694543400,203
1694544300,148
1694545200,127
1694546100,132
1694547000,165
1694547900,196
1694548800,158
1694549700,131
1694550600,119
1694551500,83
1694552400,80
1694553300,55
1694554200,54
1694555100,44
1694556000,54
1694556900,60
1694557800,66
1694558700,46
1694559600,54
1694560500,46
1694561400,70
1694562300,62
1694563200,69
1694564100,60
1694565000,64
1694565900,52
1694566800,71
1694567700,46
1694568600,103
1694569500,69
1694570400,76
1694571300,85
1694572200,76
1694573100,59
1694574000,64
1694574900,56
1694575800,83
1694576700,73
1694577600,683
1694578500,2189
1694579400,2200
1694580300,1936
1694581200,1448
1694582100,1379
1694583000,1096
1694583900,946
1694584800,1122
1694585700,152
1694586600,81
1694587500,86
1694588400,122
1694589300,131
1694590200,98
1694591100,105
1694592000,105
1694592900,128
1694593800,515
1694594700,431
1694595600,183
1694596500,160
1694597400,174
1694598300,201
1694599200,213
1694600100,265
1694601000,235
1694601900,247
1694602800,203
1694603700,195
1694604600,178
1694605500,186
1694606400,209
1694607300,207
1694608200,460
1694609100,212
1694610000,392
1694610900,152
1694611800,172
1694612700,158
1694613600,160
1694614500,166
1694615400,148
1694616300,190
1694617200,186
1694618100,88
1694619000,75
1694619900,72
1694620800,95
1694621700,95
1694622600,79
1694623500,64
1694624400,241
1694625300,188
1694626200,216
1694627100,193
1694628000,191
1694628900,162
1694629800,148
1694630700,181
1694631600,153
1694632500,128
1694633400,118
1694634300,112
1694635200,107
1694636100,131
1694637000,100
1694637900,95
1694638800,84
1694639700,94
1694640600,96
1694641500,72
1694642400,67
1694643300,160
1694644200,80
1694645100,84
1694646000,82
1694646900,74
1694647800,67
1694648700,67
1694649600,67
1694650500,71
1694651400,70
1694652300,51
1694653200,60
1694654100,51
1694655000,65
1694655900,66
1694656800,79
1694657700,67
1694658600,68
1694659500,49
1694660400,68
1694661300,59
1694662200,55
1694663100,51
1694664000,74
1694664900,90
1694665800,94
1694666700,84
1694667600,60
1694668500,65
1694669400,211
1694670300,279
1694671200,515
1694672100,193
1694673000,299
1694673900,84
1694674800,207
1694675700,337
1694676600,174
1694677500,371
1694678400,242
1694679300,760
1694680200,698
1694681100,841
1694682000,682
1694682900,496
1694683800,184
1694684700,200
1694685600,176
1694686500,191
1694687400,221
1694688300,193
1694689200,489
1694690100,739
1694691000,695
1694691900,617
1694692800,119
1694693700,105
1694694600,89
1694695500,109
1694696400,83
1694697300,83
1694698200,77
1694699100,83
1694700000,89
1694700900,98
1694701800,77
1694702700,81
1694703600,79
1694704500,90
1694705400,117
1694706300,98
1694707200,89
1694708100,145
1694709000,196
1694709900,217
1694710800,108
1694711700,97
1694712600,155
1694713500,211
1694714400,231
1694715300,240
1694716200,221
1694717100,161
1694718000,168
1694718900,162
1694719800,208
1694720700,157
1694721600,153
1694722500,146
1694723400,142
1694724300,162
1694725200,159
1694726100,128
1694727000,117
1694727900,73
1694728800,79
1694729700,90
1694730600,92
1694731500,75
1694732400,64
1694733300,57
1694734200,77
1694735100,80
1694736000,82
1694736900,60
1694737800,58
1694738700,45
1694739600,72
1694740500,50
1694741400,52
1694742300,45
1694743200,53
1694744100,61
1694745000,69
1694745900,60
1694746800,59
1694747700,85
1694748600,76
1694749500,95
1694750400,67
1694751300,66
1694752200,52
1694753100,198
1694754000,61
1694754900,78
1694755800,75
1694756700,110
1694757600,383
1694758500,652
1694759400,452
1694760300,269
1694761200,87
1694762100,320
1694763000,277
1694763900,211
1694764800,126
1694765700,237
1694766600,308
1694767500,337
1694768400,225
1694769300,336
1694770200,151
1694771100,525
1694772000,531
1694772900,304
1694773800,149
1694774700,156
1694775600,140
1694776500,157
1694777400,149
1694778300,183
1694779200,189
1694780100,130
1694781000,342
1694781900,671
1694782800,327
1694783700,161
1694784600,164
1694785500,343
1694786400,563
1694787300,434
1694788200,1056
1694789100,1137
1694790000,798
1694790900,716
1694791800,480
1694792700,2181
1694793600,2213
1694794500,2086
1694795400,1209
1694796300,1080
1694797200,1092
1694798100,1160
1694799000,1059
1694799900,899
1694800800,799
1694801700,1108
1694802600,349
1694803500,265
1694804400,282
1694805300,273
1694806200,258
1694807100,237
1694808000,258
1694808900,272
1694809800,251
1694810700,277
1694811600,248
1694812500,257
1694813400,296
1694814300,242
1694815200,94
1694816100,98
1694817000,95
1694817900,81
1694818800,92
1694819700,80
1694820600,54
1694821500,44
1694822400,53
1694823300,50
1694824200,72
1694825100,47
1694826000,54
1694826900,48
1694827800,49
1694828700,66
1694829600,80
1694830500,85
1694831400,71
1694832300,85
1694833200,80
1694834100,93
1694835000,49
1694835900,50
1694836800,43
1694837700,48
1694838600,58
1694839500,75
1694840400,235
1694841300,67
1694842200,254
1694843100,181
1694844000,233
1694844900,180
1694845800,204
1694846700,97
1694847600,60
1694848500,57
1694849400,83
1694850300,294
1694851200,471
1694852100,733
1694853000,917
1694853900,467
1694854800,717
1694855700,454
1694856600,162
1694857500,134
1694858400,123
1694859300,205
1694860200,102
1694861100,82
1694862000,109
1694862900,135
1694863800,171
1694864700,189
1694865600,663
1694866500,206
1694867400,599
1694868300,119
1694869200,124
1694870100,77
1694871000,74
1694871900,59
1694872800,68
1694873700,71
1694874600,114
1694875500,108
1694876400,184
1694877300,152
1694878200,147
1694879100,176
1694880000,191
1694880900,168
1694881800,158
1694882700,167
1694883600,155
1694884500,213
1694885400,176
1694886300,170
1694887200,166
1694888100,259
1694889000,184
1694889900,214
1694890800,208
1694891700,172
1694892600,166
1694893500,160
1694894400,149
1694895300,162
1694896200,138
1694897100,112
1694898000,111
1694898900,179
1694899800,125
1694900700,148
1694901600,109
1694902500,89
1694903400,81
1694904300,72
1694905200,86
1694906100,89
1694907000,81
1694907900,40
1694908800,50
1694909700,40
1694910600,59
1694911500,59
1694912400,50
1694913300,41
1694914200,47
1694915100,41
1694916000,80
1694916900,69
1694917800,64
1694918700,42
1694919600,49
1694920500,38
1694921400,68
1694922300,48
1694923200,231
1694924100,101
1694925000,319
1694925900,81
1694926800,106
1694927700,103
1694928600,68
1694929500,62
1694930400,61
1694931300,79
1694932200,98
1694933100,118
1694934000,119
1694934900,85
1694935800,76
1694936700,98
1694937600,72
1694938500,82
1694939400,79
1694940300,72
1694941200,74
1694942100,96
1694943000,87
1694943900,85
1694944800,168
1694945700,179
1694946600,137
1694947500,155
1694948400,139
1694949300,183
1694950200,145
1694951100,142
1694952000,89
1694952900,97
1694953800,72
1694954700,70
1694955600,63
1694956500,72
1694957400,78
1694958300,84
1694959200,62
1694960100,71
1694961000,61
1694961900,71
1694962800,79
1694963700,86
1694964600,80
1694965500,95
1694966400,117
1694967300,199
1694968200,179
1694969100,597
1694970000,723
1694970900,432
1694971800,626
1694972700,362
1694973600,215
1694974500,170
1694975400,189
1694976300,172
1694977200,161
1694978100,162
1694979000,159
1694979900,123
1694980800,115
1694981700,87
1694982600,95
1694983500,123
1694984400,122
1694985300,105
1694986200,113
1694987100,106
1694988000,116
1694988900,99
1694989800,77
1694990700,70
1694991600,74
1694992500,67
1694993400,68
1694994300,65
1694995200,58
1694996100,44
1694997000,49
1694997900,39
1694998800,58
1694999700,58
1695000600,49
1695001500,39
1695002400,49
1695003300,40
1695004200,60
1695005100,61
1695006000,63
1695006900,56
1695007800,53
1695008700,48
1695009600,268
1695010500,110
1695011400,208
1695012300,101
1695013200,236
1695014100,153
1695015000,136
1695015900,151
1695016800,83
1695017700,58
1695018600,99
1695019500,89
1695020400,114
1695021300,150
1695022200,55
1695023100,57
1695024000,53
1695024900,103
1695025800,212
1695026700,159
1695027600,68
1695028500,73
1695029400,133
1695030300,105
1695031200,237
1695032100,161
1695033000,334
1695033900,137
1695034800,121
1695035700,142
1695036600,511
1695037500,666
1695038400,646
1695039300,668
1695040200,686
1695041100,483
1695042000,564
1695042900,180
1695043800,120
1695044700,113
1695045600,133
1695046500,132
1695047400,134
1695048300,93
1695049200,81
1695050100,115
1695051000,149
1695051900,132
1695052800,131
1695053700,355
1695054600,1155
1695055500,803
1695056400,716
1695057300,472
1695058200,176
1695059100,588
1695060000,321
1695060900,221
1695061800,240
1695062700,211
1695063600,197
1695064500,149
1695065400,144
1695066300,347
1695067200,589
1695068100,205
1695069000,467
1695069900,53
1695070800,42
1695071700,70
1695072600,50
1695073500,51
1695074400,42
1695075300,60
1695076200,69
1695077100,81
1695078000,51
1695078900,47
1695079800,48
1695080700,68
1695081600,105
1695082500,101
1695083400,74
1695084300,66
1695085200,73
1695086100,66
1695087000,92
1695087900,71
1695088800,87
1695089700,79
1695090600,82
1695091500,65
1695092400,86
1695093300,64
1695094200,69
1695095100,60
1695096000,89
1695096900,251
1695097800,107
1695098700,76
1695099600,85
1695100500,255
1695101400,104
1695102300,135
1695103200,138
1695104100,113
1695105000,364
1695105900,166
1695106800,91
1695107700,109
1695108600,94
1695109500,94
1695110400,304
1695111300,352
1695112200,133
1695113100,174
1695114000,381
1695114900,483
1695115800,137
1695116700,119
1695117600,139
1695118500,223
1695119400,151
1695120300,124
1695121200,125
1695122100,118
1695123000,143
1695123900,151
1695124800,161
1695125700,171
1695126600,222
1695127500,605
1695128400,358
1695129300,443
1695130200,262
1695131100,269
1695132000,306
1695132900,247
1695133800,243
1695134700,327
1695135600,337
1695136500,327
1695137400,311
1695138300,283
1695139200,331
1695140100,312
1695141000,272
1695141900,305
1695142800,367
1695143700,331
1695144600,282
1695145500,283
1695146400,263
1695147300,303
1695148200,290
1695149100,342
1695150000,295
1695150900,345
1695151800,369
1695152700,363
1695153600,363
1695154500,316
1695155400,309
1695156300,295
1695157200,364
1695158100,315
1695159000,323
1695159900,298
1695160800,290
1695161700,295
1695162600,304
1695163500,312
1695164400,286
1695165300,294
1695166200,273
1695167100,338
1695168000,302
1695168900,301
1695169800,286
1695170700,257
1695171600,262
1695172500,256
1695173400,237
1695174300,222
1695175200,220
1695176100,217
1695177000,232
1695177900,230
1695178800,146
1695179700,69
1695180600,73
1695181500,90
1695182400,92
1695183300,67
1695184200,66
1695185100,59
1695186000,68
1695186900,69
1695187800,82
1695188700,58
1695189600,71
1695190500,73
1695191400,110
1695192300,634
1695193200,271
1695194100,510
1695195000,145
1695195900,106
1695196800,93
1695197700,249
1695198600,124
1695199500,96
1695200400,88
1695201300,104
1695202200,166
1695203100,139
1695204000,156
1695204900,129
1695205800,140
1695206700,134
1695207600,140
1695208500,110
1695209400,122
1695210300,113
1695211200,120
1695212100,130
1695213000,130
1695213900,112
1695214800,134
1695215700,135
1695216600,223
1695217500,170
1695218400,146
1695219300,174
1695220200,207
1695221100,173
1695222000,183
1695222900,195
1695223800,283
1695224700,211
1695225600,661
1695226500,413
1695227400,544
1695228300,338
1695229200,218
1695230100,239
1695231000,184
1695231900,210
1695232800,186
1695233700,177
1695234600,116
1695235500,124
1695236400,245
1695237300,142
1695238200,165
1695239100,149
1695240000,153
1695240900,148
1695241800,129
1695242700,109
1695243600,119
1695244500,98
1695245400,97
1695246300,83
1695247200,80
1695248100,72
1695249000,80
1695249900,59
1695250800,68
1695251700,61
1695252600,66
1695253500,50
1695254400,50
1695255300,57
1695256200,60
1695257100,40
1695258000,49
1695258900,39
1695259800,57
1695260700,58
1695261600,51
1695262500,39
1695263400,48
1695264300,43
1695265200,81
1695266100,72
1695267000,62
1695267900,55
1695268800,251
1695269700,183
1695270600,85
1695271500,43
1695272400,229
1695273300,165
1695274200,259
1695275100,133
1695276000,112
1695276900,74
1695277800,296
1695278700,128
1695279600,86
1695280500,96
1695281400,98
1695282300,87
1695283200,88
1695284100,87
1695285000,97
1695285900,104
1695286800,103
1695287700,117
1695288600,152
1695289500,145
1695290400,146
1695291300,143
1695292200,225
1695293100,153
1695294000,122
1695294900,122
1695295800,137
1695296700,127
1695297600,259
1695298500,240
1695299400,149
1695300300,155
1695301200,155
1695302100,134
1695303000,119
1695303900,186
1695304800,124
1695305700,141
1695306600,182
1695307500,168
1695308400,407
1695309300,561
1695310200,275
1695311100,546
1695312000,171
1695312900,361
1695313800,277
1695314700,370
1695315600,367
1695316500,187
1695317400,163
1695318300,170
1695319200,197
1695320100,198
1695321000,201
1695321900,196
1695322800,200
1695323700,193
1695324600,179
1695325500,176
1695326400,183
1695327300,164
1695328200,155
1695329100,145
1695330000,151
1695330900,151
1695331800,159
1695332700,135
1695333600,128
1695334500,102
1695335400,115
1695336300,124
1695337200,137
1695338100,121
1695339000,121
1695339900,96
1695340800,111
1695341700,114
1695342600,100
1695343500,87
1695344400,95
1695345300,86
1695346200,107
1695347100,102
1695348000,95
1695348900,86
1695349800,83
1695350700,88
1695351600,117
1695352500,96
1695353400,93
1695354300,100
1695355200,99
1695356100,95
1695357000,113
1695357900,77
1695358800,216
1695359700,338
1695360600,121
1695361500,564
1695362400,607
1695363300,397
1695364200,401
1695365100,137
1695366000,56
1695366900,62
1695367800,67
1695368700,51
1695369600,59
1695370500,51
1695371400,68
1695372300,74
1695373200,73
1695374100,66
1695375000,86
1695375900,68
1695376800,219
1695377700,188
1695378600,114
1695379500,124
1695380400,131
1695381300,127
1695382200,138
1695383100,314
1695384000,157
1695384900,181
1695385800,166
1695386700,403
1695387600,693
1695388500,465
1695389400,136
1695390300,147
1695391200,207
1695392100,208
1695393000,219
1695393900,149
1695394800,152
1695395700,655
1695396600,816
1695397500,857
1695398400,876
1695399300,1207
1695400200,850
1695401100,521
1695402000,279
1695402900,307
1695403800,263
1695404700,315
1695405600,280
1695406500,260
1695407400,170
1695408300,166
1695409200,219
1695410100,214
1695411000,223
1695411900,190
1695412800,163
1695413700,148
1695414600,136
1695415500,111
1695416400,119
1695417300,129
1695418200,132
1695419100,111
1695420000,96
1695420900,87
1695421800,96
1695422700,71
1695423600,72
1695424500,72
1695425400,98
1695426300,87
1695427200,66
1695428100,61
1695429000,60
1695429900,80
1695430800,56
1695431700,62
1695432600,53
1695433500,68
1695434400,70
1695435300,64
1695436200,52
1695437100,72
1695438000,60
1695438900,86
1695439800,85
1695440700,88
1695441600,71
1695442500,77
1695443400,101
1695444300,388
1695445200,802
1695446100,721
1695447000,308
1695447900,306
1695448800,77
1695449700,154
1695450600,87
1695451500,65
1695452400,73
1695453300,76
1695454200,165
1695455100,139
1695456000,140
1695456900,336
1695457800,620
1695458700,550
1695459600,737
1695460500,483
1695461400,694
1695462300,322
1695463200,191
1695464100,153
1695465000,142
1695465900,139
1695466800,150
1695467700,164
1695468600,175
1695469500,99
1695470400,120
1695471300,108
1695472200,111
1695473100,111
1695474000,122
1695474900,95
1695475800,94
1695476700,93
1695477600,90
1695478500,119
1695479400,144
1695480300,137
1695481200,309
1695482100,180
1695483000,162
1695483900,560
1695484800,206
1695485700,119
1695486600,107
1695487500,122
1695488400,119
1695489300,158
1695490200,171
1695491100,221
1695492000,246
1695492900,160
1695493800,160
1695494700,208
1695495600,186
1695496500,182
1695497400,163
1695498300,160
1695499200,149
1695500100,168
1695501000,127
1695501900,113
1695502800,111
1695503700,112
1695504600,107
1695505500,110
1695506400,80
1695507300,61
1695508200,77
1695509100,71
1695510000,75
1695510900,73
1695511800,55
1695512700,42
1695513600,50
1695514500,41
1695515400,59
1695516300,58
1695517200,54
1695518100,40
1695519000,51
1695519900,41
1695520800,60
1695521700,74
1695522600,67
1695523500,51
1695524400,48
1695525300,42
1695526200,67
1695527100,92
1695528000,201
1695528900,169
1695529800,101
1695530700,91
1695531600,102
1695532500,101
1695533400,61
1695534300,49
1695535200,58
1695536100,49
1695537000,77
1695537900,64
1695538800,62
1695539700,51
1695540600,61
1695541500,75
1695542400,108
1695543300,115
1695544200,85
1695545100,56
1695546000,52
1695546900,41
1695547800,81
1695548700,71
1695549600,104
1695550500,152
1695551400,200
1695552300,167
1695553200,155
1695554100,145
1695555000,129
1695555900,126
1695556800,119
1695557700,169
1695558600,180
1695559500,142
1695560400,122
1695561300,102
1695562200,99
1695563100,83
1695564000,90
1695564900,86
1695565800,76
1695566700,169
1695567600,92
1695568500,117
1695569400,127
1695570300,101
1695571200,96
1695572100,126
1695573000,126
1695573900,168
1695574800,164
1695575700,439
1695576600,465
1695577500,422
1695578400,260
1695579300,237
1695580200,180
1695581100,166
1695582000,156
1695582900,154
1695583800,157
1695584700,162
1695585600,123
1695586500,131
1695587400,107
1695588300,117
1695589200,136
1695590100,136
1695591000,107
1695591900,108
1695592800,101
1695593700,106
1695594600,80
1695595500,62
1695596400,44
1695597300,51
1695598200,43
1695599100,61
1695600000,58
1695600900,51
1695601800,40
1695602700,63
1695603600,58
1695604500,80
1695605400,54
1695606300,50
1695607200,41
1695608100,50
1695609000,44
1695609900,68
1695610800,49
1695611700,49
1695612600,48
1695613500,215
1695614400,78
1695615300,143
1695616200,130
1695617100,366
1695618000,204
1695618900,104
1695619800,101
1695620700,105
1695621600,233
1695622500,98
1695623400,77
1695624300,88
1695625200,119
1695626100,186
1695627000,168
1695627900,116
1695628800,102
1695629700,105
1695630600,118
1695631500,375
1695632400,237
1695633300,635
1695634200,185
1695635100,137
1695636000,321
1695636900,399
1695637800,126
1695638700,142
1695639600,136
1695640500,141
1695641400,112
1695642300,315
1695643200,158
1695644100,130
1695645000,366
1695645900,138
1695646800,115
1695647700,236
1695648600,210
1695649500,117
1695650400,113
1695651300,139
1695652200,120
1695653100,130
1695654000,136
1695654900,139
1695655800,96
1695656700,130
1695657600,171
1695658500,157
1695659400,139
1695660300,376
1695661200,384
1695662100,295
1695663000,331
1695663900,330
1695664800,218
1695665700,507
1695666600,765
1695667500,570
1695668400,386
1695669300,283
1695670200,223
1695671100,240
1695672000,184
1695672900,192
1695673800,135
1695674700,142
1695675600,107
1695676500,122
1695677400,105
1695678300,84
1695679200,55
1695680100,54
1695681000,50
1695681900,58
1695682800,61
1695683700,44
1695684600,44
1695685500,44
1695686400,56
1695687300,62
1695688200,46
1695689100,43
1695690000,54
1695690900,68
1695691800,79
1695692700,50
1695693600,47
1695694500,41
1695695400,47
1695696300,60
1695697200,57
1695698100,41
1695699000,45
1695699900,51
1695700800,83
1695701700,175
1695702600,279
1695703500,318
1695704400,118
1695705300,938
1695706200,956
1695707100,791
1695708000,595
1695708900,303
1695709800,74
1695710700,75
1695711600,117
1695712500,261
1695713400,99
1695714300,242
1695715200,405
1695716100,240
1695717000,122
1695717900,149
1695718800,185
1695719700,161
1695720600,256
1695721500,151
1695722400,344
1695723300,436
1695724200,467
1695725100,144
1695726000,151
1695726900,147
1695727800,146
1695728700,160
1695729600,148
1695730500,153
1695731400,154
1695732300,173
1695733200,288
1695734100,264
1695735000,285
1695735900,264
1695736800,304
1695737700,248
1695738600,249
1695739500,252
1695740400,265
1695741300,249
1695742200,262
1695743100,263
1695744000,249
1695744900,324
1695745800,514
1695746700,598
1695747600,468
1695748500,410
1695749400,399
1695750300,423
1695751200,402
1695752100,386
1695753000,334
1695753900,342
1695754800,348
1695755700,366
1695756600,349
1695757500,344
1695758400,353
1695759300,449
1695760200,392
1695761100,330
1695762000,347
1695762900,305
1695763800,326
1695764700,324
1695765600,284
1695766500,255
1695767400,280
1695768300,631
1695769200,168
1695770100,354
1695771000,127
1695771900,167
1695772800,127
1695773700,104
1695774600,90
1695775500,87
1695776400,91
1695777300,93
1695778200,105
1695779100,94
1695780000,87
1695780900,87
1695781800,93
1695782700,198
1695783600,136
1695784500,99
1695785400,82
1695786300,88
1695787200,95
1695788100,108
1695789000,81
1695789900,92
1695790800,81
1695791700,98
1695792600,121
1695793500,99
1695794400,80
1695795300,96
1695796200,137
1695797100,131
1695798000,104
1695798900,153
1695799800,244
1695800700,545
1695801600,104
1695802500,170
1695803400,831
1695804300,409
1695805200,143
1695806100,185
1695807000,591
1695807900,442
1695808800,391
1695809700,161
1695810600,151
1695811500,201
1695812400,134
1695813300,128
1695814200,120
1695815100,127
1695816000,192
1695816900,322
1695817800,231
1695818700,250
1695819600,161
1695820500,121
1695821400,102
1695822300,113
1695823200,125
1695824100,163
1695825000,160
1695825900,157
1695826800,153
1695827700,219
1695828600,180
1695829500,169
1695830400,157
1695831300,158
1695832200,152
1695833100,273
1695834000,169
1695834900,212
1695835800,202
1695836700,192
1695837600,194
1695838500,206
1695839400,191
1695840300,203
1695841200,231
1695842100,180
1695843000,175
1695843900,138
1695844800,126
1695845700,113
1695846600,110
1695847500,95
1695848400,114
1695849300,112
1695850200,108
1695851100,95
1695852000,66
1695852900,58
1695853800,78
1695854700,75
1695855600,76
1695856500,75
1695857400,84
1695858300,62
1695859200,82
1695860100,103
1695861000,67
1695861900,58
1695862800,67
1695863700,57
1695864600,81
1695865500,74
1695866400,66
1695867300,59
1695868200,66
1695869100,59
1695870000,89
1695870900,2003
1695871800,2144
1695872700,887
1695873600,1709
1695874500,2342
1695875400,988
1695876300,1134
1695877200,141
1695878100,666
1695879000,403
1695879900,525
1695880800,416
1695881700,134
1695882600,182
1695883500,288
1695884400,82
1695885300,75
1695886200,81
1695887100,86
1695888000,71
1695888900,75
1695889800,72
1695890700,86
1695891600,473
1695892500,327
1695893400,162
1695894300,629
1695895200,699
1695896100,240
1695897000,192
1695897900,192
1695898800,172
1695899700,178
1695900600,175
1695901500,147
1695902400,181
1695903300,205
1695904200,300
1695905100,389
1695906000,418
1695906900,153
1695907800,157
1695908700,111
1695909600,94
1695910500,95
1695911400,83
1695912300,92
1695913200,103
1695914100,79
1695915000,892
1695915900,1256
1695916800,1237
1695917700,1198
1695918600,888
1695919500,167
1695920400,163
1695921300,173
1695922200,175
1695923100,142
1695924000,181
1695924900,148
1695925800,140
1695926700,133
1695927600,148
1695928500,162
1695929400,194
1695930300,276
1695931200,135
1695932100,123
1695933000,120
1695933900,114
1695934800,124
1695935700,88
1695936600,98
1695937500,90
1695938400,75
1695939300,71
1695940200,71
1695941100,53
1695942000,63
1695942900,66
1695943800,75
1695944700,72
1695945600,56
1695946500,42
1695947400,49
1695948300,41
1695949200,57
1695950100,59
1695951000,54
1695951900,42
1695952800,50
1695953700,41
1695954600,58
1695955500,59
1695956400,51
1695957300,57
1695958200,66
1695959100,58
1695960000,67
1695960900,62
1695961800,97
1695962700,172
1695963600,452
1695964500,71
1695965400,78
1695966300,70
1695967200,69
1695968100,137
1695969000,67
1695969900,57
1695970800,94
1695971700,734
1695972600,891
1695973500,1041
1695974400,650
1695975300,478
1695976200,674
1695977100,557
1695978000,305
1695978900,91
1695979800,96
1695980700,117
1695981600,152
1695982500,880
1695983400,510
1695984300,698
1695985200,131
1695986100,125
1695987000,157
1695987900,126
1695988800,239
1695989700,131
1695990600,177
1695991500,186
1695992400,195
1695993300,159
1695994200,145
1695995100,142
1695996000,138
1695996900,169
1695997800,150
1695998700,197
1695999600,160
1696000500,170
1696001400,156
1696002300,181
1696003200,190
1696004100,200
1696005000,182
1696005900,169
1696006800,159
1696007700,186
1696008600,271
1696009500,283
1696010400,315
1696011300,284
1696012200,280
1696013100,282
1696014000,199
1696014900,202
1696015800,155
1696016700,158
1696017600,162
1696018500,157
1696019400,125
1696020300,126
1696021200,120
1696022100,103
1696023000,92
1696023900,86
1696024800,84
1696025700,76
1696026600,74
1696027500,106
1696028400,88
1696029300,59
1696030200,46
1696031100,55
1696032000,51
1696032900,70
1696033800,56
1696034700,54
1696035600,47
1696036500,57
1696037400,65
1696038300,69
1696039200,49
1696040100,53
1696041000,62
1696041900,67
1696042800,79
1696043700,62
1696044600,48
1696045500,49
1696046400,53
1696047300,68
1696048200,82
1696049100,233
1696050000,217
1696050900,106
1696051800,95
1696052700,68
1696053600,71
1696054500,46
1696055400,45
1696056300,43
1696057200,48
1696058100,60
1696059000,57
1696059900,42
1696060800,50
1696061700,40
1696062600,55
1696063500,57
1696064400,52
1696065300,40
1696066200,75
1696067100,83
1696068000,107
1696068900,302
1696069800,210
1696070700,101
1696071600,123
1696072500,115
1696073400,115
1696074300,91
1696075200,89
1696076100,129
1696077000,125
1696077900,100
1696078800,122
1696079700,113
1696080600,519
1696081500,155
1696082400,448
1696083300,78
1696084200,86
1696085100,74
1696086000,106
1696086900,126
1696087800,122
1696088700,129
1696089600,137
1696090500,148
1696091400,160
1696092300,191
1696093200,237
1696094100,273
1696095000,253
1696095900,294
1696096800,295
1696097700,251
1696098600,263
1696099500,261
1696100400,223
1696101300,192
1696102200,179
1696103100,177
1696104000,164
1696104900,149
1696105800,146
1696106700,139
1696107600,125
1696108500,132
1696109400,129
1696110300,117
1696111200,52
1696112100,50
1696113000,58
1696113900,58
1696114800,52
1696115700,48
1696116600,41
1696117500,51
1696118400,69
1696119300,48
1696120200,50
1696121100,66
1696122000,58
1696122900,74
1696123800,74
1696124700,47
1696125600,46
1696126500,51
1696127400,44
1696128300,62
1696129200,62
1696130100,45
1696131000,44
1696131900,53
1696132800,175
1696133700,202
1696134600,407
1696135500,102
1696136400,132
1696137300,397
1696138200,149
1696139100,123
1696140000,102
1696140900,112
1696141800,111
1696142700,102
1696143600,106
1696144500,94
1696145400,88
1696146300,75
1696147200,112
1696148100,98
1696149000,113
1696149900,100
1696150800,109
1696151700,85
1696152600,130
1696153500,166
1696154400,165
1696155300,166
1696156200,167
1696157100,163
1696158000,207
1696158900,167
1696159800,135
1696160700,143
1696161600,137
1696162500,117
1696163400,136
1696164300,244
1696165200,253
1696166100,166
1696167000,142
1696167900,106
1696168800,109
1696169700,116
1696170600,126
1696171500,148
1696172400,140
1696173300,150
1696174200,157
1696175100,153
1696176000,144
1696176900,182
1696177800,164
1696178700,156
1696179600,172
1696180500,136
1696181400,120
1696182300,110
1696183200,120
1696184100,117
1696185000,308
1696185900,131
1696186800,104
1696187700,105
1696188600,111
1696189500,108
1696190400,122
1696191300,95
1696192200,88
1696193100,93
1696194000,90
1696194900,114
1696195800,90
1696196700,85
1696197600,84
1696198500,48
1696199400,51
1696200300,61
1696201200,59
1696202100,47
1696203000,46
1696203900,49
1696204800,48
1696205700,68
1696206600,45
1696207500,48
1696208400,49
1696209300,41
1696210200,80
1696211100,73
1696212000,65
1696212900,46
1696213800,46
1696214700,49
1696215600,60
1696216500,59
1696217400,42
1696218300,84
1696219200,231
1696220100,135
1696221000,112
1696221900,103
1696222800,139
1696223700,678
1696224600,313
1696225500,541
1696226400,258
1696227300,120
1696228200,190
1696229100,178
1696230000,187
1696230900,110
1696231800,144
1696232700,130
1696233600,193
1696234500,86
1696235400,105
1696236300,101
1696237200,98
1696238100,85
1696239000,122
1696239900,120
1696240800,148
1696241700,238
1696242600,217
1696243500,150
1696244400,164
1696245300,170
1696246200,156
1696247100,152
1696248000,129
1696248900,204
1696249800,217
1696250700,197
1696251600,236
1696252500,175
1696253400,176
1696254300,181
1696255200,175
1696256100,281
1696257000,273
1696257900,153
1696258800,123
1696259700,181
1696260600,132
1696261500,156
1696262400,146
1696263300,176
1696264200,216
1696265100,151
1696266000,181
1696266900,167
1696267800,156
1696268700,609
1696269600,290
1696270500,208
1696271400,186
1696272300,167
1696273200,121
1696274100,98
1696275000,104
1696275900,103
1696276800,112
1696277700,98
1696278600,95
1696279500,88
1696280400,82
1696281300,85
1696282200,86
1696283100,76
1696284000,69
1696284900,76
1696285800,67
1696286700,95
1696287600,77
1696288500,76
1696289400,68
1696290300,77
1696291200,93
1696292100,84
1696293000,54
1696293900,68
1696294800,58
1696295700,60
1696296600,56
1696297500,63
1696298400,42
1696299300,84
1696300200,87
1696301100,61
1696302000,65
1696302900,59
1696303800,42
1696304700,51
1696305600,41
1696306500,60
1696307400,58
1696308300,52
1696309200,43
1696310100,50
1696311000,55
1696311900,100
1696312800,174
1696313700,376
1696314600,608
1696315500,392
1696316400,746
1696317300,354
1696318200,611
1696319100,698
1696320000,519
1696320900,417
1696321800,665
1696322700,780
1696323600,354
1696324500,128
1696325400,143
1696326300,170
1696327200,131
1696328100,178
1696329000,829
1696329900,540
1696330800,316
1696331700,300
1696332600,357
1696333500,151
1696334400,159
1696335300,139
1696336200,152
1696337100,475
1696338000,669
1696338900,741
1696339800,547
1696340700,697
1696341600,242
1696342500,256
1696343400,227
1696344300,233
1696345200,245
1696346100,407
1696347000,834
1696347900,843
1696348800,717
1696349700,195
1696350600,155
1696351500,159
1696352400,198
1696353300,184
1696354200,183
1696355100,229
1696356000,265
1696356900,216
1696357800,208
1696358700,163
1696359600,180
1696360500,173
1696361400,191
1696362300,184
1696363200,177
1696364100,163
1696365000,203
1696365900,176
1696366800,194
1696367700,118
1696368600,57
1696369500,44
1696370400,45
1696371300,39
1696372200,63
1696373100,45
1696374000,45
1696374900,39
1696375800,60
1696376700,62
1696377600,77
1696378500,42
1696379400,52
1696380300,66
1696381200,64
1696382100,70
1696383000,72
1696383900,53
1696384800,60
1696385700,52
1696386600,61
1696387500,68
1696388400,66
1696389300,51
1696390200,57
1696391100,51
1696392000,78
1696392900,89
1696393800,101
1696394700,114
1696395600,111
1696396500,101
1696397400,120
1696398300,118
1696399200,107
1696400100,106
1696401000,269
1696401900,353
1696402800,85
1696403700,387
1696404600,653
1696405500,361
1696406400,148
1696407300,136
1696408200,311
1696409100,202
1696410000,360
1696410900,188
1696411800,477
1696412700,333
1696413600,421
1696414500,145
1696415400,136
1696416300,129
1696417200,133
1696418100,138
1696419000,146
1696419900,189
1696420800,125
1696421700,122
1696422600,125
1696423500,476
1696424400,548
1696425300,283
1696426200,138
1696427100,158
1696428000,168
1696428900,181
1696429800,178
1696430700,174
1696431600,162
1696432500,184
1696433400,183
1696434300,233
1696435200,261
1696436100,205
1696437000,185
1696437900,196
1696438800,190
1696439700,232
1696440600,315
1696441500,300
1696442400,274
1696443300,263
1696444200,240
1696445100,230
1696446000,198
1696446900,197
1696447800,183
1696448700,300
1696449600,158
1696450500,214
1696451400,133
1696452300,135
1696453200,104
1696454100,81
1696455000,85
1696455900,76
1696456800,62
1696457700,80
1696458600,48
1696459500,65
1696460400,63
1696461300,55
1696462200,45
1696463100,49
1696464000,39
1696464900,60
1696465800,55
1696466700,59
1696467600,55
1696468500,63
1696469400,42
1696470300,62
1696471200,52
1696472100,47
1696473000,39
1696473900,46
1696474800,37
1696475700,63
1696476600,52
1696477500,63
1696478400,64
1696479300,62
1696480200,46
1696481100,65
1696482000,48
1696482900,77
1696483800,219
1696484700,67
1696485600,143
1696486500,113
1696487400,97
1696488300,267
1696489200,780
1696490100,748
1696491000,676
1696491900,666
1696492800,358
1696493700,119
1696494600,97
1696495500,107
1696496400,97
1696497300,120
1696498200,112
1696499100,483
1696500000,936
1696500900,379
1696501800,165
1696502700,494
1696503600,303
1696504500,498
1696505400,120
1696506300,115
1696507200,122
1696508100,267
1696509000,135
1696509900,128
1696510800,144
1696511700,154
1696512600,150
1696513500,217
1696514400,345
1696515300,522
1696516200,472
1696517100,442
1696518000,156
1696518900,166
1696519800,150
1696520700,320
1696521600,156
1696522500,140
1696523400,125
1696524300,192
1696525200,199
1696526100,286
1696527000,267
1696527900,296
1696528800,321
1696529700,346
1696530600,302
1696531500,266
1696532400,274
1696533300,213
1696534200,204
1696535100,222
1696536000,204
1696536900,143
1696537800,122
1696538700,98
1696539600,118
1696540500,117
1696541400,86
1696542300,81
1696543200,88
1696544100,82
1696545000,87
1696545900,78
1696546800,70
1696547700,62
1696548600,67
1696549500,63
1696550400,80
1696551300,77
1696552200,64
1696553100,66
1696554000,63
1696554900,67
1696555800,79
1696556700,79
1696557600,72
1696558500,86
1696559400,78
1696560300,77
1696561200,76
1696562100,77
1696563000,60
1696563900,1307
1696564800,2105
1696565700,2108
1696566600,1708
1696567500,1049
1696568400,1080
1696569300,1252
1696570200,893
1696571100,1083
1696572000,272
1696572900,71
1696573800,44
1696574700,86
1696575600,75
1696576500,94
1696577400,91
1696578300,87
1696579200,89
1696580100,836
1696581000,1047
1696581900,699
1696582800,319
1696583700,189
1696584600,610
1696585500,211
1696586400,520
1696587300,139
1696588200,215
1696589100,132
1696590000,147
1696590900,787
1696591800,745
1696592700,682
1696593600,685
1696594500,413
1696595400,118
1696596300,99
1696597200,127
1696598100,277
1696599000,164
1696599900,228
1696600800,152
1696601700,137
1696602600,149
1696603500,145
1696604400,160
1696605300,125
1696606200,127
1696607100,128
1696608000,174
1696608900,150
1696609800,165
1696610700,154
1696611600,175
1696612500,174
1696613400,208
1696614300,228
1696615200,226
1696616100,256
1696617000,237
1696617900,228
1696618800,215
1696619700,191
1696620600,145
1696621500,164
1696622400,131
1696623300,130
1696624200,107
1696625100,128
1696626000,106
1696626900,109
1696627800,85
1696628700,72
1696629600,54
1696630500,69
1696631400,49
1696632300,67
1696633200,58
1696634100,66
1696635000,49
1696635900,68
1696636800,46
1696637700,50
1696638600,43
1696639500,51
1696640400,51
1696641300,69
1696642200,43
1696643100,52
1696644000,42
1696644900,54
1696645800,54
1696646700,70
1696647600,42
1696648500,68
1696649400,59
1696650300,65
1696651200,54
1696652100,66
1696653000,42
1696653900,68
1696654800,77
1696655700,231
1696656600,362
1696657500,483
1696658400,373
1696659300,90
1696660200,60
1696661100,62
1696662000,115
1696662900,112
1696663800,79
1696664700,74
1696665600,67
1696666500,72
1696667400,65
1696668300,68
1696669200,52
1696670100,61
1696671000,65
1696671900,79
1696672800,86
1696673700,181
1696674600,88
1696675500,100
1696676400,92
1696677300,94
1696678200,89
1696679100,107
1696680000,79
1696680900,90
1696681800,73
1696682700,80
1696683600,90
1696684500,90
1696685400,64
1696686300,70
1696687200,70
1696688100,75
1696689000,77
1696689900,76
1696690800,58
1696691700,69
1696692600,67
1696693500,112
1696694400,127
1696695300,137
1696696200,141
1696697100,305
1696698000,201
1696698900,135
1696699800,128
1696700700,135
1696701600,223
1696702500,677
1696703400,177
1696704300,575
1696705200,143
1696706100,140
1696707000,126
1696707900,139
1696708800,137
1696709700,165
1696710600,153
1696711500,94
1696712400,63
1696713300,75
1696714200,61
1696715100,80
1696716000,77
1696716900,70
1696717800,58
1696718700,68
1696719600,58
1696720500,82
1696721400,74
1696722300,70
1696723200,61
1696724100,70
1696725000,63
1696725900,98
1696726800,92
1696727700,86
1696728600,68
1696729500,73
1696730400,63
1696731300,90
1696732200,74
1696733100,71
1696734000,61
1696734900,68
1696735800,65
1696736700,94
1696737600,218
1696738500,204
1696739400,136
1696740300,136
1696741200,118
1696742100,148
1696743000,133
1696743900,135
1696744800,109
1696745700,109
1696746600,100
1696747500,97
1696748400,66
1696749300,52
1696750200,44
1696751100,47
1696752000,69
1696752900,214
1696753800,72
1696754700,268
1696755600,188
1696756500,295
1696757400,182
1696758300,184
1696759200,164
1696760100,158
1696761000,129
1696761900,135
1696762800,143
1696763700,153
1696764600,118
1696765500,142
1696766400,148
1696767300,127
1696768200,145
1696769100,111
1696770000,92
1696770900,101
1696771800,518
1696772700,342
1696773600,168
1696774500,164
1696775400,147
1696776300,150
1696777200,130
1696778100,151
1696779000,174
1696779900,151
1696780800,141
1696781700,153
1696782600,195
1696783500,188
1696784400,206
1696785300,211
1696786200,186
1696787100,163
1696788000,200
1696788900,218
1696789800,207
1696790700,192
1696791600,166
1696792500,136
1696793400,103
1696794300,151
1696795200,137
1696796100,103
1696797000,141
1696797900,170
1696798800,129
1696799700,158
1696800600,129
1696801500,77
1696802400,61
1696803300,70
1696804200,60
1696805100,86
1696806000,68
1696806900,65
1696807800,58
1696808700,68
1696809600,62
1696810500,85
1696811400,65
1696812300,65
1696813200,59
1696814100,67
1696815000,79
1696815900,102
1696816800,78
1696817700,68
1696818600,60
1696819500,66
1696820400,68
1696821300,82
1696822200,60
1696823100,76
1696824000,216
1696824900,117
1696825800,598
1696826700,287
1696827600,543
1696828500,316
1696829400,162
1696830300,265
1696831200,148
1696832100,158
1696833000,117
1696833900,160
1696834800,212
1696835700,92
1696836600,121
1696837500,87
1696838400,92
1696839300,80
1696840200,141
1696841100,377
1696842000,106
1696842900,101
1696843800,103
1696844700,82
1696845600,99
1696846500,236
1696847400,186
1696848300,169
1696849200,381
1696850100,208
1696851000,144
1696851900,223
1696852800,568
1696853700,272
1696854600,154
1696855500,130
1696856400,137
1696857300,307
1696858200,150
1696859100,128
1696860000,116
1696860900,104
1696861800,113
1696862700,116
1696863600,149
1696864500,181
1696865400,951
1696866300,797
1696867200,1023
1696868100,317
1696869000,195
1696869900,165
1696870800,133
1696871700,124
1696872600,134
1696873500,128
1696874400,197
1696875300,147
1696876200,141
1696877100,127
1696878000,136
1696878900,147
1696879800,147
1696880700,114
1696881600,130
1696882500,113
1696883400,113
1696884300,104
1696885200,73
1696886100,50
1696887000,60
1696887900,52
1696888800,59
1696889700,67
1696890600,73
1696891500,49
1696892400,89
1696893300,65
1696894200,69
1696895100,77
1696896000,81
1696896900,77
1696897800,84
1696898700,69
1696899600,67
1696900500,74
1696901400,74
1696902300,56
1696903200,65
1696904100,55
1696905000,66
1696905900,78
1696906800,75
1696907700,583
1696908600,2113
1696909500,2123
1696910400,1719
1696911300,1251
1696912200,1089
1696913100,1100
1696914000,1098
1696914900,910
1696915800,1213
1696916700,146
1696917600,456
1696918500,90
1696919400,743
1696920300,761
1696921200,668
1696922100,256
1696923000,103
1696923900,75
1696924800,77
1696925700,95
1696926600,308
1696927500,91
1696928400,164
1696929300,104
1696930200,84
1696931100,97
1696932000,76
1696932900,90
1696933800,80
1696934700,68
1696935600,70
1696936500,68
1696937400,74
1696938300,89
1696939200,84
1696940100,68
1696941000,80
1696941900,93
1696942800,102
1696943700,111
1696944600,112
1696945500,100
1696946400,138
1696947300,185
1696948200,197
1696949100,330
1696950000,136
1696950900,248
1696951800,526
1696952700,516
1696953600,381
1696954500,235
1696955400,258
1696956300,236
1696957200,251
1696958100,199
1696959000,245
1696959900,187
1696960800,201
1696961700,174
1696962600,192
1696963500,164
1696964400,215
1696965300,130
1696966200,109
1696967100,86
1696968000,79
1696968900,63
1696969800,50
1696970700,62
1696971600,58
1696972500,42
1696973400,48
1696974300,43
1696975200,50
1696976100,63
1696977000,53
1696977900,44
1696978800,47
1696979700,47
1696980600,63
1696981500,83
1696982400,64
1696983300,49
1696984200,45
1696985100,48
1696986000,53
1696986900,67
1696987800,48
1696988700,48
1696989600,103
1696990500,57
1696991400,66
1696992300,74
1696993200,55
1696994100,55
1696995000,54
1696995900,72
1696996800,77
1696997700,83
1696998600,91
1696999500,93
1697000400,94
1697001300,103
1697002200,119
1697003100,93
1697004000,237
1697004900,143
1697005800,95
1697006700,422
1697007600,330
1697008500,269
1697009400,46
1697010300,46
1697011200,45
1697012100,67
1697013000,591
1697013900,383
1697014800,363
1697015700,525
1697016600,535
1697017500,212
1697018400,198
1697019300,208
1697020200,240
1697021100,245
1697022000,203
1697022900,170
1697023800,200
1697024700,188
1697025600,168
1697026500,152
1697027400,149
1697028300,114
1697029200,103
1697030100,98
1697031000,122
1697031900,150
1697032800,144
1697033700,140
1697034600,162
1697035500,148
1697036400,187
1697037300,159
1697038200,177
1697039100,214
1697040000,187
1697040900,169
1697041800,177
1697042700,193
1697043600,176
1697044500,169
1697045400,164
1697046300,202
1697047200,581
1697048100,278
1697049000,408
1697049900,144
1697050800,97
1697051700,83
1697052600,83
1697053500,70
1697054400,81
1697055300,105
1697056200,102
1697057100,69
1697058000,91
1697058900,74
1697059800,96
1697060700,101
1697061600,93
1697062500,66
1697063400,78
1697064300,66
1697065200,61
1697066100,38
1697067000,61
1697067900,40
1697068800,46
1697069700,50
1697070600,49
1697071500,41
1697072400,46
1697073300,69
1697074200,60
1697075100,59
1697076000,54
1697076900,48
1697077800,41
1697078700,46
1697079600,64
1697080500,62
1697081400,55
1697082300,71
1697083200,65
1697084100,90
1697085000,69
1697085900,91
1697086800,83
1697087700,246
1697088600,196
1697089500,110
1697090400,54
1697091300,73
1697092200,79
1697093100,356
1697094000,747
1697094900,648
1697095800,425
1697096700,174
1697097600,100
1697098500,130
1697099400,81
1697100300,95
1697101200,57
1697102100,85
1697103000,65
1697103900,62
1697104800,68
1697105700,125
1697106600,84
1697107500,80
1697108400,97
1697109300,74
1697110200,67
1697111100,59
1697112000,215
1697112900,756
1697113800,776
1697114700,657
1697115600,730
1697116500,543
1697117400,362
1697118300,144
1697119200,476
1697120100,600
1697121000,561
1697121900,273
1697122800,199
1697123700,155
1697124600,178
1697125500,188
1697126400,205
1697127300,196
1697128200,238
1697129100,229
1697130000,393
1697130900,301
1697131800,339
1697132700,306
1697133600,265
1697134500,194
1697135400,170
1697136300,142
1697137200,152
1697138100,153
1697139000,150
1697139900,146
1697140800,146
1697141700,149
1697142600,155
1697143500,146
1697144400,153
1697145300,123
1697146200,86
1697147100,70
1697148000,77
1697148900,65
1697149800,69
1697150700,82
1697151600,71
1697152500,63
1697153400,50
1697154300,54
1697155200,49
1697156100,67
1697157000,70
1697157900,54
1697158800,42
1697159700,57
1697160600,47
1697161500,51
1697162400,42
1697163300,64
1697164200,44
1697165100,53
1697166000,48
1697166900,56
1697167800,42
1697168700,55
1697169600,253
1697170500,87
1697171400,68
1697172300,88
1697173200,80
1697174100,237
1697175000,1114
1697175900,1222
1697176800,1104
1697177700,967
1697178600,335
1697179500,111
1697180400,99
1697181300,94
1697182200,106
1697183100,94
1697184000,132
1697184900,127
1697185800,129
1697186700,121
1697187600,390
1697188500,254
1697189400,233
1697190300,161
1697191200,196
1697192100,138
1697193000,111
1697193900,83
1697194800,102
1697195700,81
1697196600,131
1697197500,147
1697198400,584
1697199300,156
1697200200,449
1697201100,83
1697202000,93
1697202900,213
1697203800,177
1697204700,364
1697205600,418
1697206500,586
1697207400,211
1697208300,110
1697209200,118
1697210100,138
1697211000,146
1697211900,151
1697212800,272
1697213700,138
1697214600,140
1697215500,164
1697216400,171
1697217300,232
1697218200,310
1697219100,212
1697220000,245
1697220900,228
1697221800,164
1697222700,161
1697223600,157
1697224500,136
1697225400,124
1697226300,155
1697227200,163
1697228100,167
1697229000,164
1697229900,143
1697230800,112
1697231700,127
1697232600,139
1697233500,127
1697234400,108
1697235300,110
1697236200,72
1697237100,53
1697238000,59
1697238900,53
1697239800,57
1697240700,64
1697241600,88
1697242500,59
1697243400,58
1697244300,60
1697245200,58
1697246100,49
1697247000,55
1697247900,56
1697248800,53
1697249700,56
1697250600,90
1697251500,69
1697252400,78
1697253300,69
1697254200,64
1697255100,54
1697256000,175
1697256900,315
1697257800,120
1697258700,124
1697259600,131
1697260500,155
1697261400,97
1697262300,105
1697263200,110
1697264100,99
1697265000,71
1697265900,85
1697266800,131
1697267700,131
1697268600,95
1697269500,104
1697270400,254
1697271300,482
1697272200,290
1697273100,436
1697274000,110
1697274900,121
1697275800,114
1697276700,99
1697277600,109
1697278500,300
1697279400,188
1697280300,221
1697281200,178
1697282100,155
1697283000,135
1697283900,125
1697284800,148
1697285700,247
1697286600,112
1697287500,80
1697288400,83
1697289300,59
1697290200,80
1697291100,100
1697292000,118
1697292900,119
1697293800,126
1697294700,127
1697295600,122
1697296500,339
1697297400,477
1697298300,195
1697299200,162
1697300100,178
1697301000,193
1697301900,232
1697302800,243
1697303700,200
1697304600,226
1697305500,222
1697306400,273
1697307300,194
1697308200,243
1697309100,150
1697310000,156
1697310900,141
1697311800,134
1697312700,143
1697313600,119
1697314500,82
1697315400,73
1697316300,103
1697317200,83
1697318100,85
1697319000,58
1697319900,61
1697320800,54
1697321700,66
1697322600,50
1697323500,53
1697324400,41
1697325300,60
1697326200,39
1697327100,47
1697328000,51
1697328900,66
1697329800,55
1697330700,61
1697331600,50
1697332500,44
1697333400,44
1697334300,53
1697335200,47
1697336100,51
1697337000,81
1697337900,70
1697338800,74
1697339700,61
1697340600,71
1697341500,59
1697342400,89
1697343300,256
1697344200,436
1697345100,112
1697346000,98
1697346900,147
1697347800,112
1697348700,113
1697349600,122
1697350500,156
1697351400,147
1697352300,143
1697353200,182
1697354100,97
1697355000,92
1697355900,106
1697356800,88
1697357700,80
1697358600,74
1697359500,112
1697360400,98
1697361300,123
1697362200,152
1697363100,174
1697364000,160
1697364900,293
1697365800,256
1697366700,202
1697367600,213
1697368500,186
1697369400,168
1697370300,152
1697371200,140
1697372100,139
1697373000,191
1697373900,105
1697374800,126
1697375700,119
1697376600,111
1697377500,130
1697378400,153
1697379300,160
1697380200,154
1697381100,174
1697382000,136
1697382900,143
1697383800,137
1697384700,153
1697385600,137
1697386500,165
1697387400,232
1697388300,216
1697389200,212
1697390100,263
1697391000,273
1697391900,615
1697392800,314
1697393700,431
1697394600,202
1697395500,219
1697396400,164
1697397300,122
1697398200,148
1697399100,131
1697400000,122
1697400900,112
1697401800,127
1697402700,108
1697403600,98
1697404500,108
1697405400,105
1697406300,102
1697407200,100
1697408100,114
1697409000,70
1697409900,71
1697410800,81
1697411700,62
1697412600,41
1697413500,75
1697414400,61
1697415300,60
1697416200,44
1697417100,57
1697418000,45
1697418900,44
1697419800,60
1697420700,42
1697421600,52
1697422500,52
1697423400,57
1697424300,43
1697425200,50
1697426100,63
1697427000,66
1697427900,65
1697428800,229
1697429700,104
1697430600,110
1697431500,124
1697432400,333
1697433300,431
1697434200,122
1697435100,210
1697436000,113
1697436900,145
1697437800,115
1697438700,186
1697439600,190
1697440500,86
1697441400,86
1697442300,101
1697443200,104
1697444100,148
1697445000,109
1697445900,253
1697446800,107
1697447700,124
1697448600,144
1697449500,277
1697450400,247
1697451300,150
1697452200,133
1697453100,119
1697454000,135
1697454900,118
1697455800,119
1697456700,740
1697457600,566
1697458500,456
1697459400,181
1697460300,200
1697461200,178
1697462100,188
1697463000,189
1697463900,190
1697464800,374
1697465700,232
1697466600,189
1697467500,1722
1697468400,2484
1697469300,2235
1697470200,1423
1697471100,1530
1697472000,1557
1697472900,1696
1697473800,1212
1697474700,1379
1697475600,1191
1697476500,1079
1697477400,946
1697478300,1206
1697479200,952
1697480100,878
1697481000,161
1697481900,146
1697482800,147
1697483700,155
1697484600,138
1697485500,124
1697486400,111
1697487300,118
1697488200,94
1697489100,100
1697490000,58
1697490900,49
1697491800,45
1697492700,60
1697493600,41
1697494500,49
1697495400,56
1697496300,44
1697497200,47
1697498100,54
1697499000,50
1697499900,48
1697500800,76
1697501700,62
1697502600,54
1697503500,46
1697504400,59
1697505300,44
1697506200,80
1697507100,88
1697508000,53
1697508900,48
1697509800,53
1697510700,72
1697511600,65
1697512500,79
1697513400,64
1697514300,64
1697515200,57
1697516100,86
1697517000,55
1697517900,64
1697518800,93
1697519700,109
1697520600,217
1697521500,265
1697522400,1003
1697523300,651
1697524200,624
1697525100,617
1697526000,176
1697526900,187
1697527800,188
1697528700,140
1697529600,94
1697530500,265
1697531400,153
1697532300,64
1697533200,47
1697534100,63
1697535000,63
1697535900,64
1697536800,60
1697537700,81
1697538600,60
1697539500,67
1697540400,86
1697541300,90
1697542200,75
1697543100,90
1697544000,1002
1697544900,690
1697545800,665
1697546700,685
1697547600,918
1697548500,318
1697549400,241
1697550300,244
1697551200,225
1697552100,268
1697553000,239
1697553900,212
1697554800,215
1697555700,201
1697556600,230
1697557500,220
1697558400,202
1697559300,207
1697560200,211
1697561100,203
1697562000,233
1697562900,250
1697563800,248
1697564700,223
1697565600,234
1697566500,220
1697567400,166
1697568300,172
1697569200,145
1697570100,143
1697571000,157
1697571900,186
1697572800,122
1697573700,118
1697574600,84
1697575500,63
1697576400,52
1697577300,54
1697578200,44
1697579100,60
1697580000,67
1697580900,68
1697581800,48
1697582700,62
1697583600,45
1697584500,47
1697585400,60
1697586300,44
1697587200,51
1697588100,57
1697589000,54
1697589900,85
1697590800,77
1697591700,70
1697592600,83
1697593500,80
1697594400,98
1697595300,49
1697596200,62
1697597100,83
1697598000,79
1697598900,70
1697599800,66
1697600700,55
1697601600,47
1697602500,52
1697603400,57
1697604300,66
1697605200,69
1697606100,90
1697607000,96
1697607900,133
1697608800,610
1697609700,673
1697610600,446
1697611500,396
1697612400,314
1697613300,91
1697614200,81
1697615100,87
1697616000,85
1697616900,76
1697617800,112
1697618700,737
1697619600,674
1697620500,223
1697621400,344
1697622300,478
1697623200,421
1697624100,344
1697625000,213
1697625900,167
1697626800,174
1697627700,183
1697628600,124
1697629500,159
1697630400,164
1697631300,204
1697632200,185
1697633100,188
1697634000,162
1697634900,145
1697635800,98
1697636700,105
1697637600,87
1697638500,88
1697639400,85
1697640300,99
1697641200,83
1697642100,105
1697643000,113
1697643900,132
1697644800,108
1697645700,385
1697646600,373
1697647500,286
1697648400,214
1697649300,170
1697650200,201
1697651100,208
1697652000,226
1697652900,171
1697653800,181
1697654700,173
1697655600,154
1697656500,146
1697657400,170
1697658300,109
1697659200,100
1697660100,79
1697661000,64
1697661900,50
1697662800,72
1697663700,63
1697664600,76
1697665500,66
1697666400,75
1697667300,52
1697668200,52
1697669100,74
1697670000,49
1697670900,57
1697671800,56
1697672700,62
1697673600,58
1697674500,55
1697675400,56
1697676300,67
1697677200,60
1697678100,101
1697679000,79
1697679900,84
1697680800,90
1697681700,91
1697682600,47
1697683500,51
1697684400,86
1697685300,66
1697686200,74
1697687100,60
1697688000,50
1697688900,48
1697689800,73
1697690700,293
1697691600,361
1697692500,475
1697693400,380
1697694300,394
1697695200,295
1697696100,243
1697697000,56
1697697900,62
1697698800,45
1697699700,98
1697700600,101
1697701500,160
1697702400,118
1697703300,127
1697704200,90
1697705100,129
1697706000,151
1697706900,138
1697707800,154
1697708700,156
1697709600,225
1697710500,197
1697711400,245
1697712300,282
1697713200,730
1697714100,532
1697715000,179
1697715900,145
1697716800,137
1697717700,182
1697718600,151
1697719500,298
1697720400,162
1697721300,180
1697722200,666
1697723100,1253
1697724000,1053
1697724900,897
1697725800,468
1697726700,404
1697727600,513
1697728500,912
1697729400,296
1697730300,403
1697731200,175
1697732100,251
1697733000,198
1697733900,197
1697734800,274
1697735700,289
1697736600,285
1697737500,272
1697738400,297
1697739300,314
1697740200,298
1697741100,216
1697742000,226
1697742900,185
1697743800,163
1697744700,152
1697745600,139
1697746500,112
1697747400,107
1697748300,119
1697749200,105
1697750100,113
1697751000,117
1697751900,103
1697752800,83
1697753700,106
1697754600,86
1697755500,93
1697756400,83
1697757300,87
1697758200,83
1697759100,93
1697760000,110
1697760900,89
1697761800,121
1697762700,132
1697763600,110
1697764500,85
1697765400,79
1697766300,50
1697767200,52
1697768100,45
1697769000,63
1697769900,46
1697770800,45
1697771700,82
1697772600,69
1697773500,74
1697774400,66
1697775300,65
1697776200,79
1697777100,232
1697778000,91
1697778900,123
1697779800,126
1697780700,106
1697781600,104
1697782500,85
1697783400,82
1697784300,78
1697785200,75
1697786100,126
1697787000,127
1697787900,83
1697788800,117
1697789700,155
1697790600,172
1697791500,125
1697792400,131
1697793300,160
1697794200,172
1697795100,427
1697796000,368
1697796900,151
1697797800,187
1697798700,634
1697799600,238
1697800500,554
1697801400,156
1697802300,208
1697803200,231
1697804100,168
1697805000,145
1697805900,141
1697806800,138
1697807700,141
1697808600,144
1697809500,166
1697810400,135
1697811300,374
1697812200,412
1697813100,558
1697814000,439
1697814900,170
1697815800,182
1697816700,1630
1697817600,2137
1697818500,2164
1697819400,1467
1697820300,1124
1697821200,602
1697822100,504
1697823000,845
1697823900,1014
1697824800,752
1697825700,938
1697826600,415
1697827500,283
1697828400,219
1697829300,210
1697830200,235
1697831100,236
1697832000,240
1697832900,250
1697833800,234
1697834700,178
1697835600,125
1697836500,121
1697837400,104
1697838300,83
1697839200,82
1697840100,70
1697841000,67
1697841900,51
1697842800,59
1697843700,49
1697844600,48
1697845500,62
1697846400,48
1697847300,50
1697848200,55
1697849100,56
1697850000,45
1697850900,55
1697851800,73
1697852700,70
1697853600,62
1697854500,83
1697855400,61
1697856300,56
1697857200,50
1697858100,66
1697859000,69
1697859900,80
1697860800,91
1697861700,280
1697862600,385
1697863500,191
1697864400,155
1697865300,120
1697866200,106
1697867100,134
1697868000,95
1697868900,81
1697869800,81
1697870700,60
1697871600,60
1697872500,66
1697873400,277
1697874300,483
1697875200,84
1697876100,117
1697877000,324
1697877900,84
1697878800,100
1697879700,94
1697880600,78
1697881500,73
1697882400,85
1697883300,164
1697884200,110
1697885100,109
1697886000,127
1697886900,99
1697887800,94
1697888700,88
1697889600,103
1697890500,84
1697891400,93
1697892300,83
1697893200,77
1697894100,71
1697895000,75
1697895900,86
1697896800,60
1697897700,68
1697898600,67
1697899500,73
1697900400,60
1697901300,69
1697902200,96
1697903100,140
1697904000,178
1697904900,312
1697905800,229
1697906700,211
1697907600,161
1697908500,225
1697909400,585
1697910300,266
1697911200,493
1697912100,156
1697913000,160
1697913900,126
1697914800,135
1697915700,116
1697916600,119
1697917500,110
1697918400,129
1697919300,86
1697920200,87
1697921100,154
1697922000,140
1697922900,127
1697923800,105
1697924700,100
1697925600,84
1697926500,74
1697927400,76
1697928300,71
1697929200,61
1697930100,73
1697931000,69
1697931900,66
1697932800,58
1697933700,79
1697934600,58
1697935500,66
1697936400,65
1697937300,70
1697938200,64
1697939100,59
1697940000,78
1697940900,59
1697941800,70
1697942700,87
1697943600,118
1697944500,98
1697945400,107
1697946300,97
1697947200,103
1697948100,273
1697949000,150
1697949900,94
1697950800,343
1697951700,238
1697952600,144
1697953500,118
1697954400,134
1697955300,141
1697956200,112
1697957100,96
1697958000,111
1697958900,147
1697959800,124
1697960700,109
1697961600,120
1697962500,135
1697963400,128
1697964300,103
1697965200,98
1697966100,102
1697967000,108
1697967900,147
1697968800,168
1697969700,197
1697970600,368
1697971500,192
1697972400,172
1697973300,173
1697974200,112
1697975100,120
1697976000,101
1697976900,88
1697977800,82
1697978700,84
1697979600,69
1697980500,75
1697981400,95
1697982300,158
1697983200,526
1697984100,174
1697985000,422
1697985900,99
1697986800,95
1697987700,89
1697988600,122
1697989500,105
1697990400,99
1697991300,130
1697992200,141
1697993100,120
1697994000,160
1697994900,118
1697995800,181
1697996700,194
1697997600,176
1697998500,193
1697999400,154
1698000300,166
1698001200,209
1698002100,208
1698003000,215
1698003900,245
1698004800,198
1698005700,138
1698006600,109
1698007500,98
1698008400,108
1698009300,96
1698010200,107
1698011100,78
1698012000,87
1698012900,79
1698013800,87
1698014700,91
1698015600,105
1698016500,98
1698017400,104
1698018300,112
1698019200,97
1698020100,85
1698021000,84
1698021900,110
1698022800,62
1698023700,72
1698024600,74
1698025500,83
1698026400,122
1698027300,112
1698028200,119
1698029100,97
1698030000,85
1698030900,97
1698031800,112
1698032700,108
1698033600,167
1698034500,207
1698035400,144
1698036300,134
1698037200,160
1698038100,337
1698039000,275
1698039900,123
1698040800,187
1698041700,144
1698042600,98
1698043500,281
1698044400,108
1698045300,139
1698046200,68
1698047100,105
1698048000,82
1698048900,71
1698049800,52
1698050700,63
1698051600,349
1698052500,205
1698053400,111
1698054300,110
1698055200,100
1698056100,102
1698057000,103
1698057900,115
1698058800,94
1698059700,61
1698060600,66
1698061500,72
1698062400,65
1698063300,61
1698064200,61
1698065100,77
1698066000,59
1698066900,65
1698067800,65
1698068700,75
1698069600,72
1698070500,84
1698071400,93
1698072300,93
1698073200,88
1698074100,114
1698075000,138
1698075900,166
1698076800,197
1698077700,480
1698078600,756
1698079500,915
1698080400,412
1698081300,447
1698082200,500
1698083100,532
1698084000,546
1698084900,356
1698085800,264
1698086700,262
1698087600,332
1698088500,289
1698089400,334
1698090300,165
1698091200,91
1698092100,68
1698093000,40
1698093900,48
1698094800,47
1698095700,54
1698096600,41
1698097500,46
1698098400,55
1698099300,43
1698100200,44
1698101100,41
1698102000,73
1698102900,57
1698103800,63
1698104700,63
1698105600,70
1698106500,103
1698107400,101
1698108300,72
1698109200,54
1698110100,45
1698111000,68
1698111900,86
1698112800,67
1698113700,66
1698114600,46
1698115500,58
1698116400,39
1698117300,74
1698118200,70
1698119100,78
1698120000,71
1698120900,69
1698121800,84
1698122700,70
1698123600,237
1698124500,99
1698125400,131
1698126300,110
1698127200,200
1698128100,252
1698129000,217
1698129900,78
1698130800,172
1698131700,129
1698132600,119
1698133500,75
1698134400,60
1698135300,96
1698136200,87
1698137100,94
1698138000,87
1698138900,114
1698139800,176
1698140700,161
1698141600,501
1698142500,340
1698143400,178
1698144300,216
1698145200,153
1698146100,193
1698147000,193
1698147900,219
1698148800,177
1698149700,132
1698150600,140
1698151500,354
1698152400,332
1698153300,432
1698154200,194
1698155100,184
1698156000,216
1698156900,210
1698157800,207
1698158700,210
1698159600,211
1698160500,172
1698161400,184
1698162300,224
1698163200,201
1698164100,188
1698165000,92
1698165900,79
1698166800,82
1698167700,75
1698168600,105
1698169500,76
1698170400,85
1698171300,93
1698172200,105
1698173100,97
1698174000,99
1698174900,110
1698175800,108
1698176700,140
1698177600,86
1698178500,65
1698179400,48
1698180300,54
1698181200,60
1698182100,56
1698183000,48
1698183900,63
1698184800,53
1698185700,56
1698186600,47
1698187500,67
1698188400,48
1698189300,53
1698190200,54
1698191100,73
1698192000,99
1698192900,46
1698193800,66
1698194700,46
1698195600,54
1698196500,53
1698197400,82
1698198300,61
1698199200,72
1698200100,78
1698201000,99
1698201900,73
1698202800,146
1698203700,104
1698204600,59
1698205500,66
1698206400,58
1698207300,81
1698208200,66
1698209100,90
1698210000,87
1698210900,101
1698211800,87
1698212700,103
1698213600,87
1698214500,67
1698215400,60
1698216300,65
1698217200,123
1698218100,86
1698219000,121
1698219900,186
1698220800,199
1698221700,75
1698222600,81
1698223500,260
1698224400,522
1698225300,441
1698226200,363
1698227100,141
1698228000,131
1698228900,145
1698229800,632
1698230700,232
1698231600,562
1698232500,90
1698233400,102
1698234300,160
1698235200,107
1698236100,107
1698237000,114
1698237900,124
1698238800,107
1698239700,109
1698240600,118
1698241500,113
1698242400,114
1698243300,206
1698244200,182
1698245100,121
1698246000,111
1698246900,102
1698247800,139
1698248700,122
1698249600,130
1698250500,128
1698251400,125
1698252300,117
1698253200,112
1698254100,131
1698255000,109
1698255900,119
1698256800,108
1698257700,123
1698258600,104
1698259500,117
1698260400,121
1698261300,123
1698262200,121
1698263100,176
1698264000,227
1698264900,184
1698265800,212
1698266700,192
1698267600,196
1698268500,174
1698269400,143
1698270300,82
1698271200,87
1698272100,74
1698273000,80
1698273900,92
1698274800,72
1698275700,74
1698276600,70
1698277500,85
1698278400,86
1698279300,88
1698280200,88
1698281100,91
1698282000,58
1698282900,68
1698283800,65
1698284700,62
1698285600,60
1698286500,89
1698287400,93
1698288300,100
1698289200,102
1698290100,107
1698291000,84
1698291900,86
1698292800,101
1698293700,103
1698294600,89
1698295500,146
1698296400,180
1698297300,184
1698298200,292
1698299100,264
1698300000,271
1698300900,113
1698301800,358
1698302700,124
1698303600,109
1698304500,196
1698305400,366
1698306300,195
1698307200,143
1698308100,714
1698309000,720
1698309900,609
1698310800,278
1698311700,572
1698312600,701
1698313500,611
1698314400,172
1698315300,108
1698316200,127
1698317100,202
1698318000,460
1698318900,273
1698319800,368
1698320700,167
1698321600,124
1698322500,92
1698323400,108
1698324300,93
1698325200,79
1698326100,88
1698327000,77
1698327900,69
1698328800,63
1698329700,83
1698330600,62
1698331500,71
1698332400,64
1698333300,81
1698334200,62
1698335100,68
1698336000,75
1698336900,67
1698337800,66
1698338700,63
1698339600,83
1698340500,92
1698341400,122
1698342300,115
1698343200,116
1698344100,94
1698345000,86
1698345900,81
1698346800,78
1698347700,149
1698348600,104
1698349500,231
1698350400,95
1698351300,103
1698352200,98
1698353100,113
1698354000,134
1698354900,122
1698355800,71
1698356700,74
1698357600,60
1698358500,67
1698359400,80
1698360300,62
1698361200,77
1698362100,77
1698363000,101
1698363900,83
1698364800,81
1698365700,73
1698366600,78
1698367500,43
1698368400,50
1698369300,61
1698370200,52
1698371100,50
1698372000,68
1698372900,90
1698373800,66
1698374700,75
1698375600,65
1698376500,61
1698377400,43
1698378300,61
1698379200,79
1698380100,108
1698381000,105
1698381900,109
1698382800,114
1698383700,92
1698384600,55
1698385500,207
1698386400,283
1698387300,924
1698388200,1234
1698389100,1243
1698390000,1276
1698390900,682
1698391800,180
1698392700,142
1698393600,772
1698394500,346
1698395400,1091
1698396300,915
1698397200,889
1698398100,937
1698399000,980
1698399900,1174
1698400800,339
1698401700,136
1698402600,179
1698403500,220
1698404400,264
1698405300,149
1698406200,127
1698407100,170
1698408000,125
1698408900,126
1698409800,118
1698410700,139
1698411600,295
1698412500,176
1698413400,487
1698414300,282
1698415200,135
1698416100,146
1698417000,121
1698417900,147
1698418800,154
1698419700,159
1698420600,159
1698421500,227
1698422400,176
1698423300,423
1698424200,331
1698425100,402
1698426000,158
1698426900,154
1698427800,150
1698428700,144
1698429600,219
1698430500,248
1698431400,251
1698432300,251
1698433200,283
1698434100,249
1698435000,269
1698435900,260
1698436800,190
1698437700,168
1698438600,130
1698439500,117
1698440400,112
1698441300,121
1698442200,117
1698443100,95
1698444000,96
1698444900,97
1698445800,87
1698446700,73
1698447600,60
1698448500,62
1698449400,55
1698450300,72
1698451200,58
1698452100,57
1698453000,72
1698453900,57
1698454800,80
1698455700,77
1698456600,85
1698457500,70
1698458400,62
1698459300,68
1698460200,67
1698461100,90
1698462000,133
1698462900,115
1698463800,118
1698464700,113
1698465600,95
1698466500,61
1698467400,53
1698468300,74
1698469200,55
1698470100,63
1698471000,79
1698471900,265
1698472800,97
1698473700,109
1698474600,90
1698475500,59
1698476400,61
1698477300,66
1698478200,75
1698479100,103
1698480000,225
1698480900,397
1698481800,172
1698482700,88
1698483600,89
1698484500,269
1698485400,162
1698486300,206
1698487200,127
1698488100,117
1698489000,162
1698489900,211
1698490800,165
1698491700,106
1698492600,119
1698493500,133
1698494400,147
1698495300,149
1698496200,296
1698497100,91
1698498000,67
1698498900,65
1698499800,70
1698500700,75
1698501600,61
1698502500,69
1698503400,72
1698504300,79
1698505200,468
1698506100,290
1698507000,197
1698507900,135
1698508800,122
1698509700,152
1698510600,117
1698511500,151
1698512400,168
1698513300,197
1698514200,194
1698515100,232
1698516000,532
1698516900,588
1698517800,494
1698518700,526
1698519600,294
1698520500,259
1698521400,270
1698522300,294
1698523200,390
1698524100,356
1698525000,392
1698525900,244
1698526800,210
1698527700,162
1698528600,139
1698529500,113
1698530400,105
1698531300,105
1698532200,80
1698533100,68
1698534000,64
1698534900,82
1698535800,85
1698536700,91
1698537600,81
1698538500,98
1698539400,69
1698540300,72
1698541200,74
1698542100,69
1698543000,65
1698543900,67
1698544800,75
1698545700,59
1698546600,69
1698547500,72
1698548400,88
1698549300,105
1698550200,113
1698551100,88
1698552000,97
1698552900,53
1698553800,60
1698554700,48
1698555600,66
1698556500,311
1698557400,170
1698558300,148
1698559200,137
1698560100,173
1698561000,123
1698561900,102
1698562800,79
1698563700,88
1698564600,74
1698565500,55
1698566400,83
1698567300,60
1698568200,99
1698569100,105
1698570000,81
1698570900,71
1698571800,56
1698572700,58
1698573600,66
1698574500,63
1698575400,120
1698576300,86
1698577200,68
1698578100,174
1698579000,94
1698579900,114
1698580800,100
1698581700,147
1698582600,151
1698583500,169
1698584400,157
1698585300,170
1698586200,206
1698587100,142
1698588000,119
1698588900,137
1698589800,144
1698590700,192
1698591600,184
1698592500,173
1698593400,160
1698594300,163
1698595200,195
1698596100,174
1698597000,180
1698597900,171
1698598800,185
1698599700,254
1698600600,288
1698601500,355
1698602400,310
1698603300,273
1698604200,280
1698605100,268
1698606000,276
1698606900,169
1698607800,171
1698608700,179
1698609600,168
1698610500,179
1698611400,154
1698612300,149
1698613200,117
1698614100,92
1698615000,45
1698615900,54
1698616800,55
1698617700,105
1698618600,70
1698619500,96
1698620400,83
1698621300,79
1698622200,71
1698623100,59
1698624000,60
1698624900,46
1698625800,66
1698626700,46
1698627600,54
1698628500,55
1698629400,58
1698630300,45
1698631200,55
1698632100,60
1698633000,48
1698633900,52
1698634800,57
1698635700,60
1698636600,75
1698637500,95
1698638400,103
1698639300,82
1698640200,67
1698641100,88
1698642000,90
1698642900,230
1698643800,105
1698644700,716
1698645600,197
1698646500,371
1698647400,287
1698648300,191
1698649200,156
1698650100,128
1698651000,104
1698651900,260
1698652800,459
1698653700,417
1698654600,117
1698655500,100
1698656400,98
1698657300,219
1698658200,422
1698659100,56
1698660000,52
1698660900,78
1698661800,69
1698662700,80
1698663600,78
1698664500,88
1698665400,69
1698666300,78
1698667200,78
1698668100,68
1698669000,66
1698669900,86
1698670800,99
1698671700,334
1698672600,194
1698673500,98
1698674400,109
1698675300,99
1698676200,101
1698677100,103
1698678000,103
1698678900,501
1698679800,281
1698680700,163
1698681600,158
1698682500,214
1698683400,253
1698684300,292
1698685200,265
1698686100,270
1698687000,267
1698687900,249
1698688800,239
1698689700,332
1698690600,248
1698691500,348
1698692400,191
1698693300,192
1698694200,126
1698695100,164
1698696000,150
1698696900,152
1698697800,108
1698698700,115
1698699600,113
1698700500,83
1698701400,65
1698702300,59
1698703200,68
1698704100,43
1698705000,53
1698705900,50
1698706800,59
1698707700,45
1698708600,53
1698709500,56
1698710400,53
1698711300,45
1698712200,56
1698713100,53
1698714000,56
1698714900,72
1698715800,127
1698716700,99
1698717600,90
1698718500,84
1698719400,86
1698720300,69
1698721200,62
1698722100,81
1698723000,94
1698723900,93
1698724800,82
1698725700,103
1698726600,61
1698727500,73
1698728400,76
1698729300,89
1698730200,91
1698731100,102
1698732000,114
1698732900,298
1698733800,213
1698734700,241
1698735600,494
1698736500,96
1698737400,99
1698738300,136
1698739200,378
1698740100,114
1698741000,125
1698741900,169
1698742800,149
1698743700,83
1698744600,81
1698745500,89
1698746400,79
1698747300,88
1698748200,117
1698749100,138
1698750000,132
1698750900,153
1698751800,251
1698752700,128
1698753600,115
1698754500,124
1698755400,92
1698756300,80
1698757200,80
1698758100,92
1698759000,131
1698759900,124
1698760800,96
1698761700,110
1698762600,97
1698763500,110
1698764400,147
1698765300,145
1698766200,342
1698767100,353
1698768000,293
1698768900,166
1698769800,91
1698770700,89
1698771600,102
1698772500,84
1698773400,97
1698774300,97
1698775200,92
1698776100,84
1698777000,111
1698777900,213
1698778800,278
1698779700,271
1698780600,277
1698781500,324
1698782400,261
1698783300,278
1698784200,235
1698785100,230
1698786000,204
1698786900,197
1698787800,174
1698788700,197
1698789600,167
1698790500,171
1698791400,158
1698792300,62
1698793200,46
1698794100,51
1698795000,92
1698795900,74
1698796800,84
1698797700,76
1698798600,67
1698799500,60
1698800400,63
1698801300,56
1698802200,60
1698803100,54
1698804000,78
1698804900,57
1698805800,65
1698806700,69
1698807600,62
1698808500,64
1698809400,59
1698810300,85
1698811200,183
1698812100,145
1698813000,381
1698813900,301
1698814800,408
1698815700,76
1698816600,64
1698817500,58
1698818400,53
1698819300,66
1698820200,59
1698821100,79
1698822000,84
1698822900,100
1698823800,230
1698824700,105
1698825600,110
1698826500,643
1698827400,508
1698828300,375
1698829200,345
1698830100,745
1698831000,939
1698831900,705
1698832800,228
1698833700,174
1698834600,521
1698835500,210
1698836400,516
1698837300,150
1698838200,244
1698839100,154
1698840000,146
1698840900,136
1698841800,102
1698842700,121
1698843600,125
1698844500,119
1698845400,131
1698846300,111
1698847200,119
1698848100,149
1698849000,142
1698849900,110
1698850800,246
1698851700,136
1698852600,95
1698853500,74
1698854400,81
1698855300,86
1698856200,174
1698857100,198
1698858000,267
1698858900,298
1698859800,288
1698860700,303
1698861600,297
1698862500,284
1698863400,289
1698864300,310
1698865200,312
1698866100,332
1698867000,340
1698867900,318
1698868800,295
1698869700,202
1698870600,217
1698871500,223
1698872400,206
1698873300,197
1698874200,168
1698875100,127
1698876000,132
1698876900,101
1698877800,98
1698878700,106
1698879600,88
1698880500,82
1698881400,85
1698882300,82
1698883200,55
1698884100,67
1698885000,58
1698885900,62
1698886800,52
1698887700,71
1698888600,55
1698889500,62
1698890400,205
1698891300,135
1698892200,76
1698893100,58
1698894000,67
1698894900,53
1698895800,63
1698896700,80
1698897600,77
1698898500,71
1698899400,80
1698900300,71
1698901200,53
1698902100,71
1698903000,90
1698903900,82
1698904800,231
1698905700,162
1698906600,102
1698907500,514
1698908400,120
1698909300,100
1698910200,51
1698911100,40
1698912000,70
1698912900,63
1698913800,73
1698914700,66
1698915600,79
1698916500,47
1698917400,64
1698918300,68
1698919200,63
1698920100,66
1698921000,86
1698921900,99
1698922800,65
1698923700,331
1698924600,92
1698925500,91
1698926400,82
1698927300,83
1698928200,75
1698929100,67
1698930000,61
1698930900,75
1698931800,66
1698932700,63
1698933600,64
1698934500,73
1698935400,68
1698936300,75
1698937200,88
1698938100,87
1698939000,84
1698939900,59
1698940800,77
1698941700,61
1698942600,65
1698943500,61
1698944400,75
1698945300,63
1698946200,405
1698947100,479
1698948000,187
1698948900,194
1698949800,191
1698950700,482
1698951600,542
1698952500,508
1698953400,412
1698954300,212
1698955200,180
1698956100,183
1698957000,185
1698957900,212
1698958800,202
1698959700,142
1698960600,131
1698961500,112
1698962400,86
1698963300,61
1698964200,81
1698965100,58
1698966000,67
1698966900,64
1698967800,84
1698968700,81
1698969600,87
1698970500,105
1698971400,64
1698972300,59
1698973200,46
1698974100,68
1698975000,51
1698975900,52
1698976800,74
1698977700,84
1698978600,67
1698979500,101
1698980400,285
1698981300,61
1698982200,73
1698983100,66
1698984000,112
1698984900,99
1698985800,91
1698986700,90
1698987600,100
1698988500,84
1698989400,89
1698990300,80
1698991200,57
1698992100,230
1698993000,69
1698993900,736
1698994800,961
1698995700,741
1698996600,294
1698997500,153
1698998400,137
1698999300,139
1699000200,160
1699001100,516
1699002000,906
1699002900,766
1699003800,709
1699004700,683
1699005600,837
1699006500,633
1699007400,431
1699008300,276
1699009200,346
1699010100,188
1699011000,436
1699011900,626
1699012800,958
1699013700,682
1699014600,678
1699015500,231
1699016400,128
1699017300,129
1699018200,139
1699019100,181
1699020000,147
1699020900,787
1699021800,741
1699022700,657
1699023600,535
1699024500,289
1699025400,133
1699026300,141
1699027200,191
1699028100,188
1699029000,186
1699029900,206
1699030800,236
1699031700,305
1699032600,242
1699033500,252
1699034400,291
1699035300,253
1699036200,268
1699037100,261
1699038000,260
1699038900,220
1699039800,213
1699040700,203
1699041600,212
1699042500,197
1699043400,184
1699044300,384
1699045200,526
1699046100,371
1699047000,147
1699047900,135
1699048800,104
1699049700,105
1699050600,104
1699051500,92
1699052400,86
1699053300,57
1699054200,53
1699055100,43
1699056000,74
1699056900,66
1699057800,63
1699058700,76
1699059600,54
1699060500,52
1699061400,51
1699062300,58
1699063200,53
1699064100,43
1699065000,66
1699065900,46
1699066800,49
1699067700,66
1699068600,48
1699069500,50
1699070400,72
1699071300,74
1699072200,77
1699073100,74
1699074000,92
1699074900,100
1699075800,334
1699076700,110
1699077600,168
1699078500,118
1699079400,64
1699080300,84
1699081200,54
1699082100,43
1699083000,55
1699083900,44
1699084800,49
1699085700,52
1699086600,97
1699087500,89
1699088400,76
1699089300,79
1699090200,55
1699091100,49
1699092000,44
1699092900,60
1699093800,67
1699094700,57
1699095600,72
1699096500,84
1699097400,88
1699098300,88
1699099200,95
1699100100,84
1699101000,58
1699101900,96
1699102800,174
1699103700,344
1699104600,108
1699105500,121
1699106400,295
1699107300,467
1699108200,321
1699109100,239
1699110000,274
1699110900,149
1699111800,121
1699112700,138
1699113600,163
1699114500,176
1699115400,234
1699116300,212
1699117200,186
1699118100,274
1699119000,198
1699119900,332
1699120800,221
1699121700,236
1699122600,239
1699123500,221
1699124400,245
1699125300,139
1699126200,136
1699127100,132
1699128000,145
1699128900,130
1699129800,151
1699130700,155
1699131600,121
1699132500,112
1699133400,96
1699134300,94
1699135200,82
1699136100,93
1699137000,91
1699137900,65
1699138800,57
1699139700,81
1699140600,72
1699141500,71
1699142400,71
1699143300,70
1699144200,73
1699145100,74
1699146000,91
1699146900,72
1699147800,56
1699148700,69
1699149600,63
1699150500,56
1699151400,66
1699152300,66
1699153200,65
1699154100,56
1699155000,74
1699155900,56
1699156800,67
1699157700,69
1699158600,113
1699159500,103
1699160400,147
1699161300,302
1699162200,586
1699163100,228
1699164000,98
1699164900,123
1699165800,134
1699166700,481
1699167600,217
1699168500,410
1699169400,165
1699170300,164
1699171200,153
1699172100,120
1699173000,133
1699173900,138
1699174800,187
1699175700,244
1699176600,186
1699177500,164
1699178400,168
1699179300,160
1699180200,153
1699181100,159
1699182000,154
1699182900,182
1699183800,202
1699184700,134
1699185600,104
1699186500,91
1699187400,134
1699188300,396
1699189200,117
1699190100,128
1699191000,140
1699191900,92
1699192800,182
1699193700,100
1699194600,75
1699195500,88
1699196400,111
1699197300,140
1699198200,125
1699199100,209
1699200000,212
1699200900,201
1699201800,207
1699202700,250
1699203600,240
1699204500,266
1699205400,292
1699206300,269
1699207200,247
1699208100,288
1699209000,276
1699209900,210
1699210800,216
1699211700,198
1699212600,170
1699213500,148
1699214400,170
1699215300,174
1699216200,139
1699217100,79
1699218000,75
1699218900,58
1699219800,49
1699220700,42
1699221600,58
1699222500,41
1699223400,45
1699224300,57
1699225200,42
1699226100,47
1699227000,46
1699227900,74
1699228800,58
1699229700,63
1699230600,73
1699231500,111
1699232400,58
1699233300,71
1699234200,68
1699235100,59
1699236000,76
1699236900,70
1699237800,53
1699238700,53
1699239600,55
1699240500,61
1699241400,62
1699242300,63
1699243200,79
1699244100,61
1699245000,63
1699245900,68
1699246800,107
1699247700,204
1699248600,140
1699249500,272
1699250400,145
1699251300,268
1699252200,209
1699253100,341
1699254000,192
1699254900,135
1699255800,101
1699256700,216
1699257600,210
1699258500,101
1699259400,100
1699260300,108
1699261200,90
1699262100,95
1699263000,100
1699263900,155
1699264800,600
1699265700,226
1699266600,213
1699267500,169
1699268400,451
1699269300,415
1699270200,539
1699271100,197
1699272000,132
1699272900,121
1699273800,142
1699274700,338
1699275600,207
1699276500,132
1699277400,381
1699278300,144
1699279200,145
1699280100,168
1699281000,167
1699281900,415
1699282800,162
1699283700,185
1699284600,206
1699285500,183
1699286400,179
1699287300,133
1699288200,114
1699289100,120
1699290000,126
1699290900,120
1699291800,127
1699292700,237
1699293600,264
1699294500,125
1699295400,118
1699296300,129
1699297200,142
1699298100,105
1699299000,88
1699299900,86
1699300800,90
1699301700,71
1699302600,71
1699303500,114
1699304400,116
1699305300,119
1699306200,93
1699307100,61
1699308000,40
1699308900,46
1699309800,53
1699310700,46
1699311600,40
1699312500,52
1699313400,47
1699314300,45
1699315200,41
1699316100,53
1699317000,46
1699317900,42
1699318800,83
1699319700,109
1699320600,97
1699321500,82
1699322400,90
1699323300,78
1699324200,80
1699325100,60
1699326000,56
1699326900,44
1699327800,42
1699328700,50
1699329600,51
1699330500,50
1699331400,41
1699332300,72
1699333200,61
1699334100,64
1699335000,54
1699335900,95
1699336800,75
1699337700,73
1699338600,240
1699339500,277
1699340400,466
1699341300,121
1699342200,87
1699343100,76
1699344000,94
1699344900,109
1699345800,149
1699346700,117
1699347600,131
1699348500,207
1699349400,166
1699350300,98
1699351200,85
1699352100,100
1699353000,99
1699353900,106
1699354800,102
1699355700,119
1699356600,117
1699357500,111
1699358400,137
1699359300,143
1699360200,425
1699361100,169
1699362000,120
1699362900,141
1699363800,196
1699364700,191
1699365600,204
1699366500,201
1699367400,211
1699368300,218
1699369200,911
1699370100,2277
1699371000,2289
1699371900,2068
1699372800,1211
1699373700,1460
1699374600,1074
1699375500,1192
1699376400,993
1699377300,1040
1699378200,1168
1699379100,1002
1699380000,1224
1699380900,893
1699381800,1088
1699382700,716
1699383600,387
1699384500,146
1699385400,435
1699386300,226
1699387200,375
1699388100,140
1699389000,138
1699389900,114
1699390800,124
1699391700,123
1699392600,97
1699393500,85
1699394400,106
1699395300,44
1699396200,50
1699397100,55
1699398000,55
1699398900,59
1699399800,79
1699400700,58
1699401600,51
1699402500,77
1699403400,98
1699404300,91
1699405200,115
1699406100,97
1699407000,94
1699407900,86
1699408800,59
1699409700,46
1699410600,53
1699411500,106
1699412400,74
1699413300,65
1699414200,102
1699415100,82
1699416000,82
1699416900,67
1699417800,61
1699418700,58
1699419600,53
1699420500,70
1699421400,49
1699422300,81
1699423200,75
1699424100,82
1699425000,74
1699425900,89
1699426800,204
1699427700,176
1699428600,83
1699429500,91
1699430400,63
1699431300,56
1699432200,57
1699433100,83
1699434000,63
1699434900,65
1699435800,362
1699436700,379
1699437600,115
1699438500,110
1699439400,162
1699440300,129
1699441200,147
1699442100,127
1699443000,159
1699443900,78
1699444800,85
1699445700,87
1699446600,91
1699447500,533
1699448400,295
1699449300,245
1699450200,84
1699451100,148
1699452000,142
1699452900,109
1699453800,111
1699454700,106
1699455600,95
1699456500,84
1699457400,69
1699458300,78
1699459200,83
1699460100,77
1699461000,69
1699461900,77
1699462800,81
1699463700,77
1699464600,68
1699465500,81
1699466400,79
1699467300,88
1699468200,88
1699469100,100
1699470000,83
1699470900,71
1699471800,92
1699472700,128
1699473600,206
1699474500,162
1699475400,158
1699476300,155
1699477200,146
1699478100,123
1699479000,120
1699479900,105
1699480800,95
1699481700,92
1699482600,67
1699483500,56
1699484400,39
1699485300,49
1699486200,51
1699487100,50
1699488000,40
1699488900,51
1699489800,54
1699490700,50
1699491600,42
1699492500,50
1699493400,54
1699494300,47
1699495200,44
1699496100,61
1699497000,89
1699497900,72
1699498800,68
1699499700,64
1699500600,76
1699501500,57
1699502400,66
1699503300,67
1699504200,79
1699505100,55
1699506000,71
1699506900,89
1699507800,98
1699508700,372
1699509600,732
1699510500,610
1699511400,335
1699512300,198
1699513200,144
1699514100,164
1699515000,241
1699515900,441
1699516800,389
1699517700,1148
1699518600,1284
1699519500,1138
1699520400,658
1699521300,448
1699522200,534
1699523100,537
1699524000,383
1699524900,207
1699525800,185
1699526700,168
1699527600,286
1699528500,130
1699529400,163
1699530300,141
1699531200,138
1699532100,133
1699533000,116
1699533900,220
1699534800,500
1699535700,1265
1699536600,906
1699537500,842
1699538400,1027
1699539300,312
1699540200,170
1699541100,204
1699542000,278
1699542900,203
1699543800,176
1699544700,180
1699545600,162
1699546500,172
1699547400,173
1699548300,207
1699549200,182
1699550100,222
1699551000,240
1699551900,230
1699552800,259
1699553700,238
1699554600,254
1699555500,233
1699556400,280
1699557300,232
1699558200,242
1699559100,177
1699560000,156
1699560900,168
1699561800,156
1699562700,173
1699563600,195
1699564500,172
1699565400,160
1699566300,170
1699567200,152
1699568100,122
1699569000,103
1699569900,174
1699570800,112
1699571700,81
1699572600,62
1699573500,69
1699574400,58
1699575300,66
1699576200,69
1699577100,55
1699578000,42
1699578900,60
1699579800,42
1699580700,49
1699581600,44
1699582500,60
1699583400,43
1699584300,46
1699585200,57
1699586100,46
1699587000,49
1699587900,41
1699588800,61
1699589700,51
1699590600,65
1699591500,66
1699592400,75
1699593300,87
1699594200,103
1699595100,97
1699596000,91
1699596900,206
1699597800,86
1699598700,303
1699599600,130
1699600500,115
1699601400,475
1699602300,190
1699603200,351
1699604100,76
1699605000,75
1699605900,50
1699606800,40
1699607700,55
1699608600,47
1699609500,59
1699610400,65
1699611300,88
1699612200,88
1699613100,78
1699614000,62
1699614900,193
1699615800,112
1699616700,108
1699617600,119
1699618500,114
1699619400,113
1699620300,111
1699621200,120
1699622100,100
1699623000,74
1699623900,102
1699624800,129
1699625700,147
1699626600,219
1699627500,173
1699628400,201
1699629300,195
1699630200,235
1699631100,203
1699632000,235
1699632900,207
1699633800,198
1699634700,197
1699635600,214
1699636500,179
1699637400,225
1699638300,217
1699639200,210
1699640100,198
1699641000,245
1699641900,268
1699642800,284
1699643700,227
1699644600,221
1699645500,226
1699646400,175
1699647300,154
1699648200,249
1699649100,222
1699650000,200
1699650900,195
1699651800,158
1699652700,92
1699653600,98
1699654500,102
1699655400,86
1699656300,73
1699657200,103
1699658100,64
1699659000,57
1699659900,53
1699660800,64
1699661700,58
1699662600,49
1699663500,56
1699664400,62
1699665300,69
1699666200,62
1699667100,78
1699668000,67
1699668900,81
1699669800,70
1699670700,91
1699671600,58
1699672500,55
1699673400,44
1699674300,67
1699675200,45
1699676100,61
1699677000,86
1699677900,83
1699678800,109
1699679700,193
1699680600,135
1699681500,265
1699682400,163
1699683300,163
1699684200,99
1699685100,65
1699686000,72
1699686900,67
1699687800,86
1699688700,52
1699689600,47
1699690500,48
1699691400,52
1699692300,47
1699693200,56
1699694100,85
1699695000,70
1699695900,74
1699696800,66
1699697700,93
1699698600,82
1699699500,84
1699700400,67
1699701300,201
1699702200,82
1699703100,82
1699704000,82
1699704900,81
1699705800,66
1699706700,58
1699707600,67
1699708500,74
1699709400,120
1699710300,102
1699711200,135
1699712100,142
1699713000,136
1699713900,139
1699714800,152
1699715700,125
1699716600,98
1699717500,94
1699718400,94
1699719300,122
1699720200,128
1699721100,162
1699722000,197
1699722900,284
1699723800,207
1699724700,200
1699725600,234
1699726500,207
1699727400,181
1699728300,182
1699729200,347
1699730100,293
1699731000,189
1699731900,160
1699732800,130
1699733700,102
1699734600,123
1699735500,200
1699736400,171
1699737300,152
1699738200,141
1699739100,143
1699740000,120
1699740900,119
1699741800,111
1699742700,94
1699743600,61
1699744500,69
1699745400,74
1699746300,67
1699747200,61
1699748100,66
1699749000,71
1699749900,55
1699750800,63
1699751700,62
1699752600,76
1699753500,71
1699754400,79
1699755300,81
1699756200,88
1699757100,81
1699758000,79
1699758900,93
1699759800,55
1699760700,61
1699761600,60
1699762500,80
1699763400,73
1699764300,120
1699765200,356
1699766100,174
1699767000,161
1699767900,164
1699768800,323
1699769700,114
1699770600,130
1699771500,99
1699772400,130
1699773300,103
1699774200,130
1699775100,501
1699776000,247
1699776900,411
1699777800,50
1699778700,64
1699779600,65
1699780500,65
1699781400,56
1699782300,90
1699783200,90
1699784100,99
1699785000,127
1699785900,181
1699786800,146
1699787700,137
1699788600,146
1699789500,154
1699790400,171
1699791300,134
1699792200,114
1699793100,119
1699794000,125
1699794900,106
1699795800,97
1699796700,118
1699797600,147
1699798500,108
1699799400,261
1699800300,293
1699801200,125
1699802100,178
1699803000,165
1699803900,190
1699804800,152
1699805700,161
1699806600,167
1699807500,148
1699808400,128
1699809300,142
1699810200,195
1699811100,172
1699812000,176
1699812900,175
1699813800,210
1699814700,190
1699815600,225
1699816500,243
1699817400,256
1699818300,242
1699819200,230
1699820100,240
1699821000,151
1699821900,146
1699822800,152
1699823700,171
1699824600,122
1699825500,120
1699826400,109
1699827300,72
1699828200,79
1699829100,77
1699830000,85
1699830900,72
1699831800,81
1699832700,86
1699833600,82
1699834500,77
1699835400,78
1699836300,94
1699837200,49
1699838100,64
1699839000,66
1699839900,73
1699840800,47
1699841700,50
1699842600,56
1699843500,48
1699844400,44
1699845300,42
1699846200,79
1699847100,64
1699848000,75
1699848900,69
1699849800,71
1699850700,48
1699851600,236
1699852500,96
1699853400,109
1699854300,255
1699855200,125
1699856100,170
1699857000,202
1699857900,306
1699858800,108
1699859700,158
1699860600,53
1699861500,110
1699862400,179
1699863300,175
1699864200,94
1699865100,94
1699866000,80
1699866900,122
1699867800,124
1699868700,711
1699869600,524
1699870500,69
1699871400,151
1699872300,117
1699873200,178
1699874100,611
1699875000,257
1699875900,488
1699876800,82
1699877700,80
1699878600,795
1699879500,929
1699880400,689
1699881300,535
1699882200,385
1699883100,130
1699884000,139
1699884900,117
1699885800,118
1699886700,230
1699887600,486
1699888500,116
1699889400,121
1699890300,104
1699891200,116
1699892100,87
1699893000,94
1699893900,119
1699894800,185
1699895700,288
1699896600,642
1699897500,327
1699898400,506
1699899300,243
1699900200,224
1699901100,250
1699902000,319
1699902900,289
1699903800,242
1699904700,237
1699905600,177
1699906500,140
1699907400,124
1699908300,142
1699909200,96
1699910100,80
1699911000,61
1699911900,90
1699912800,77
1699913700,64
1699914600,78
1699915500,68
1699916400,62
1699917300,39
1699918200,62
1699919100,41
1699920000,50
1699920900,49
1699921800,81
1699922700,68
1699923600,64
1699924500,79
1699925400,90
1699926300,86
1699927200,79
1699928100,75
1699929000,75
1699929900,100
1699930800,84
1699931700,98
1699932600,115
1699933500,116
1699934400,103
1699935300,104
1699936200,74
1699937100,63
1699938000,71
1699938900,83
1699939800,94
1699940700,83
1699941600,142
1699942500,186
1699943400,230
1699944300,76
1699945200,324
1699946100,269
1699947000,126
1699947900,234
1699948800,230
1699949700,131
1699950600,128
1699951500,128
1699952400,133
1699953300,374
1699954200,475
1699955100,385
1699956000,292
1699956900,234
1699957800,290
1699958700,330
1699959600,451
1699960500,564
1699961400,206
1699962300,128
1699963200,153
1699964100,155
1699965000,150
1699965900,419
1699966800,203
1699967700,332
1699968600,580
1699969500,482
1699970400,223
1699971300,276
1699972200,258
1699973100,205
1699974000,195
1699974900,149
1699975800,517
1699976700,696
1699977600,482
1699978500,461
1699979400,380
1699980300,654
1699981200,548
1699982100,420
1699983000,287
1699983900,337
1699984800,426
1699985700,269
1699986600,248
1699987500,231
1699988400,218
1699989300,218
1699990200,209
1699991100,224
1699992000,336
1699992900,711
1699993800,332
1699994700,500
1699995600,172
1699996500,129
1699997400,143
1699998300,116
1699999200,139
1700000100,100
1700001000,148
1700001900,102
1700002800,105
1700003700,89
1700004600,78
1700005500,54
1700006400,53
1700007300,75
1700008200,53
1700009100,97
1700010000,94
1700010900,114
1700011800,91
1700012700,96
1700013600,64
1700014500,65
1700015400,51
1700016300,50
1700017200,75
1700018100,77
1700019000,80
1700019900,73
1700020800,97
1700021700,80
1700022600,262
1700023500,81
1700024400,101
1700025300,78
1700026200,123
1700027100,128
1700028000,138
1700028900,128
1700029800,77
1700030700,85
1700031600,82
1700032500,182
1700033400,138
1700034300,77
1700035200,169
1700036100,80
1700037000,80
1700037900,82
1700038800,83
1700039700,78
1700040600,144
1700041500,252
1700042400,213
1700043300,126
1700044200,144
1700045100,150
1700046000,93
1700046900,78
1700047800,67
1700048700,89
1700049600,95
1700050500,102
1700051400,93
1700052300,149
1700053200,106
1700054100,85
1700055000,79
1700055900,138
1700056800,87
1700057700,82
1700058600,125
1700059500,139
1700060400,128
1700061300,113
1700062200,113
1700063100,105
1700064000,86
1700064900,88
1700065800,94
1700066700,111
1700067600,123
1700068500,196
1700069400,252
1700070300,287
1700071200,244
1700072100,235
1700073000,219
1700073900,241
1700074800,185
1700075700,153
1700076600,151
1700077500,211
1700078400,201
1700079300,184
1700080200,195
1700081100,172
1700082000,168
1700082900,205
1700083800,218
1700084700,160
1700085600,135
1700086500,121
1700087400,65
1700088300,64
1700089200,49
1700090100,68
1700091000,72
1700091900,96
1700092800,84
1700093700,78
1700094600,80
1700095500,78
1700096400,64
1700097300,41
1700098200,58
1700099100,44
1700100000,49
1700100900,65
1700101800,82
1700102700,66
1700103600,74
1700104500,64
1700105400,79
1700106300,69
1700107200,75
1700108100,68
1700109000,73
1700109900,75
1700110800,71
1700111700,87
1700112600,76
1700113500,72
1700114400,63
1700115300,85
1700116200,264
1700117100,267
1700118000,215
1700118900,522
1700119800,221
1700120700,775
1700121600,129
1700122500,237
1700123400,662
1700124300,634
1700125200,627
1700126100,698
1700127000,151
1700127900,145
1700128800,233
1700129700,196
1700130600,206
1700131500,619
1700132400,909
1700133300,811
1700134200,721
1700135100,460
1700136000,149
1700136900,160
1700137800,137
1700138700,197
1700139600,156
1700140500,120
1700141400,118
1700142300,114
1700143200,122
1700144100,117
1700145000,136
1700145900,117
1700146800,125
1700147700,107
1700148600,162
1700149500,149
1700150400,152
1700151300,195
1700152200,172
1700153100,193
1700154000,479
1700154900,561
1700155800,695
1700156700,239
1700157600,205
1700158500,204
1700159400,202
1700160300,197
1700161200,225
1700162100,287
1700163000,260
1700163900,218
1700164800,183
1700165700,172
1700166600,163
1700167500,124
1700168400,111
1700169300,109
1700170200,80
1700171100,72
1700172000,88
1700172900,87
1700173800,108
1700174700,97
1700175600,108
1700176500,89
1700177400,104
1700178300,74
1700179200,79
1700180100,63
1700181000,53
1700181900,63
1700182800,89
1700183700,83
1700184600,75
1700185500,89
1700186400,85
1700187300,76
1700188200,52
1700189100,62
1700190000,60
1700190900,62
1700191800,93
1700192700,104
1700193600,100
1700194500,85
1700195400,97
1700196300,104
1700197200,67
1700198100,224
1700199000,181
1700199900,159
1700200800,139
1700201700,86
1700202600,71
1700203500,99
1700204400,79
1700205300,80
1700206200,62
1700207100,84
1700208000,63
1700208900,48
1700209800,40
1700210700,58
1700211600,54
1700212500,65
1700213400,245
1700214300,620
1700215200,446
1700216100,185
1700217000,414
1700217900,1101
1700218800,919
1700219700,308
1700220600,148
1700221500,150
1700222400,147
1700223300,297
1700224200,392
1700225100,1189
1700226000,1129
1700226900,976
1700227800,1032
1700228700,289
1700229600,187
1700230500,166
1700231400,183
1700232300,173
1700233200,188
1700234100,190
1700235000,268
1700235900,346
1700236800,219
1700237700,359
1700238600,215
1700239500,201
1700240400,122
1700241300,77
1700242200,68
1700243100,67
1700244000,57
1700244900,95
1700245800,121
1700246700,116
1700247600,119
1700248500,99
1700249400,98
1700250300,123
1700251200,113
1700252100,127
1700253000,115
1700253900,97
1700254800,95
1700255700,90
1700256600,81
1700257500,69
1700258400,95
1700259300,154
1700260200,188
1700261100,150
1700262000,147
1700262900,88
1700263800,98
1700264700,61
1700265600,69
1700266500,65
1700267400,77
1700268300,75
1700269200,86
1700270100,96
1700271000,96
1700271900,94
1700272800,84
1700273700,95
1700274600,94
1700275500,110
1700276400,80
1700277300,82
1700278200,68
1700279100,70
1700280000,84
1700280900,92
1700281800,105
1700282700,97
1700283600,99
1700284500,83
1700285400,98
1700286300,81
1700287200,90
1700288100,83
1700289000,237
1700289900,78
1700290800,94
1700291700,107
1700292600,120
1700293500,204
1700294400,148
1700295300,122
1700296200,129
1700297100,112
1700298000,135
1700298900,601
1700299800,701
1700300700,729
1700301600,439
1700302500,216
1700303400,326
1700304300,150
1700305200,222
1700306100,167
1700307000,175
1700307900,173
1700308800,156
1700309700,244
1700310600,338
1700311500,315
1700312400,139
1700313300,101
1700314200,91
1700315100,79
1700316000,71
1700316900,74
1700317800,85
1700318700,72
1700319600,100
1700320500,92
1700321400,115
1700322300,92
1700323200,85
1700324100,102
1700325000,296
1700325900,140
1700326800,172
1700327700,200
1700328600,103
1700329500,87
1700330400,146
1700331300,179
1700332200,173
1700333100,188
1700334000,157
1700334900,193
1700335800,221
1700336700,205
1700337600,228
1700338500,235
1700339400,210
1700340300,530
1700341200,242
1700342100,434
1700343000,150
1700343900,163
1700344800,126
1700345700,129
1700346600,113
1700347500,109
1700348400,122
1700349300,91
1700350200,97
1700351100,97
1700352000,102
1700352900,96
1700353800,99
1700354700,72
1700355600,80
1700356500,71
1700357400,68
1700358300,80
1700359200,97
1700360100,100
1700361000,87
1700361900,95
1700362800,98
1700363700,105
1700364600,94
1700365500,92
1700366400,67
1700367300,63
1700368200,55
1700369100,81
1700370000,304
1700370900,229
1700371800,234
1700372700,152
1700373600,162
1700374500,182
1700375400,125
1700376300,103
1700377200,123
1700378100,111
1700379000,110
1700379900,96
1700380800,245
1700381700,115
1700382600,178
1700383500,123
1700384400,130
1700385300,115
1700386200,95
1700387100,116
1700388000,144
1700388900,215
1700389800,237
1700390700,237
1700391600,182
1700392500,215
1700393400,177
1700394300,185
1700395200,202
1700396100,283
1700397000,155
1700397900,146
1700398800,162
1700399700,171
1700400600,177
1700401500,116
1700402400,114
1700403300,106
1700404200,87
1700405100,137
1700406000,135
1700406900,158
1700407800,166
1700408700,259
1700409600,247
1700410500,233
1700411400,266
1700412300,782
1700413200,302
1700414100,710
1700415000,372
1700415900,279
1700416800,126
1700417700,105
1700418600,98
1700419500,119
1700420400,105
1700421300,98
1700422200,124
1700423100,115
1700424000,124
1700424900,110
1700425800,96
1700426700,95
1700427600,98
1700428500,103
1700429400,74
1700430300,114
1700431200,118
1700432100,188
1700433000,115
1700433900,115
1700434800,107
1700435700,117
1700436600,85
1700437500,79
1700438400,90
1700439300,89
1700440200,105
1700441100,102
1700442000,113
1700442900,112
1700443800,106
1700444700,115
1700445600,124
1700446500,125
1700447400,93
1700448300,81
1700449200,75
1700450100,96
1700451000,99
1700451900,106
1700452800,97
1700453700,119
1700454600,97
1700455500,109
1700456400,262
1700457300,237
1700458200,136
1700459100,126
1700460000,126
1700460900,119
1700461800,147
1700462700,325
1700463600,161
1700464500,166
1700465400,60
1700466300,55
1700467200,190
1700468100,186
1700469000,74
1700469900,309
1700470800,108
1700471700,158
1700472600,344
1700473500,267
1700474400,128
1700475300,115
1700476200,97
1700477100,92
1700478000,86
1700478900,91
1700479800,100
1700480700,95
1700481600,103
1700482500,100
1700483400,116
1700484300,136
1700485200,502
1700486100,144
1700487000,126
1700487900,103
1700488800,136
1700489700,134
1700490600,124
1700491500,327
1700492400,398
1700493300,437
1700494200,370
1700495100,569
1700496000,271
1700496900,384
1700497800,153
1700498700,163
1700499600,168
1700500500,216
1700501400,453
1700502300,321
1700503200,186
1700504100,91
1700505000,58
1700505900,78
1700506800,56
1700507700,66
1700508600,59
1700509500,77
1700510400,62
1700511300,83
1700512200,82
1700513100,81
1700514000,58
1700514900,62
1700515800,51
1700516700,49
1700517600,39
1700518500,50
1700519400,99
1700520300,52
1700521200,40
1700522100,45
1700523000,56
1700523900,59
1700524800,67
1700525700,81
1700526600,94
1700527500,70
1700528400,47
1700529300,46
1700530200,55
1700531100,39
1700532000,48
1700532900,69
1700533800,74
1700534700,65
1700535600,68
1700536500,73
1700537400,60
1700538300,41
1700539200,57
1700540100,82
1700541000,92
1700541900,105
1700542800,122
1700543700,157
1700544600,370
1700545500,177
1700546400,280
1700547300,175
1700548200,193
1700549100,83
1700550000,44
1700550900,83
1700551800,64
1700552700,80
1700553600,84
1700554500,65
1700555400,46
1700556300,38
1700557200,46
1700558100,51
1700559000,46
1700559900,38
1700560800,75
1700561700,78
1700562600,85
1700563500,72
1700564400,72
1700565300,83
1700566200,84
1700567100,91
1700568000,86
1700568900,82
1700569800,56
1700570700,65
1700571600,65
1700572500,70
1700573400,58
1700574300,60
1700575200,70
1700576100,62
1700577000,66
1700577900,56
1700578800,73
1700579700,76
1700580600,81
1700581500,66
1700582400,73
1700583300,60
1700584200,60
1700585100,59
1700586000,64
1700586900,67
1700587800,56
1700588700,64
1700589600,65
1700590500,70
1700591400,57
1700592300,65
1700593200,64
1700594100,84
1700595000,73
1700595900,74
1700596800,67
1700597700,65
1700598600,66
1700599500,56
1700600400,71
1700601300,62
1700602200,46
1700603100,38
1700604000,52
1700604900,49
1700605800,44
1700606700,42
1700607600,60
1700608500,83
1700609400,73
1700610300,90
1700611200,52
1700612100,62
1700613000,39
1700613900,48
1700614800,39
1700615700,78
1700616600,65
1700617500,63
1700618400,70
1700619300,76
1700620200,57
1700621100,39
1700622000,47
1700622900,49
1700623800,57
1700624700,63
1700625600,83
1700626500,92
1700627400,74
1700628300,66
1700629200,56
1700630100,57
1700631000,41
1700631900,46
1700632800,38
1700633700,81
1700634600,71
1700635500,69
1700636400,66
1700637300,68
1700638200,78
1700639100,62
1700640000,57
1700640900,38
1700641800,60
1700642700,60
1700643600,88
1700644500,70
1700645400,80
1700646300,65
1700647200,62
1700648100,73
1700649000,86
1700649900,66
1700650800,56
1700651700,66
1700652600,66
1700653500,71
1700654400,56
1700655300,64
1700656200,65
1700657100,67
1700658000,65
1700658900,57
1700659800,79
1700660700,85
1700661600,87
1700662500,80
1700663400,89
1700664300,84
1700665200,61
1700666100,60
1700667000,55
1700667900,75
1700668800,59
1700669700,64
1700670600,57
1700671500,71
1700672400,65
1700673300,65
1700674200,72
1700675100,241
1700676000,239
1700676900,228
1700677800,228
1700678700,211
1700679600,279
1700680500,216
1700681400,179
1700682300,154
1700683200,182
1700684100,167
1700685000,164
1700685900,153
1700686800,181
1700687700,142
1700688600,66
1700689500,64
1700690400,70
1700691300,66
1700692200,59
1700693100,79
1700694000,110
1700694900,94
1700695800,77
1700696700,61
1700697600,66
1700698500,44
1700699400,45
1700700300,41
1700701200,72
1700702100,64
1700703000,68
1700703900,68
1700704800,70
1700705700,43
1700706600,38
1700707500,63
1700708400,64
1700709300,63
1700710200,53
1700711100,75
1700712000,70
1700712900,74
1700713800,70
1700714700,100
1700715600,69
1700716500,38
1700717400,47
1700718300,49
1700719200,78
1700720100,91
1700721000,364
1700721900,100
1700722800,297
1700723700,138
1700724600,62
1700725500,59
1700726400,455
1700727300,225
1700728200,89
1700729100,221
1700730000,616
1700730900,835
1700731800,1022
1700732700,345
1700733600,470
1700734500,183
1700735400,154
1700736300,98
1700737200,92
1700738100,73
1700739000,135
1700739900,60
1700740800,80
1700741700,89
1700742600,100
1700743500,386
1700744400,397
1700745300,400
1700746200,224
1700747100,84
1700748000,84
1700748900,89
1700749800,71
1700750700,78
1700751600,65
1700752500,75
1700753400,53
1700754300,63
1700755200,53
1700756100,78
1700757000,131
1700757900,188
1700758800,157
1700759700,174
1700760600,165
1700761500,163
1700762400,192
1700763300,182
1700764200,175
1700765100,159
1700766000,207
1700766900,217
1700767800,203
1700768700,181
1700769600,186
1700770500,176
1700771400,175
1700772300,193
1700773200,143
1700774100,103
1700775000,81
1700775900,80
1700776800,60
1700777700,67
1700778600,69
1700779500,56
1700780400,66
1700781300,61
1700782200,71
1700783100,56
1700784000,65
1700784900,60
1700785800,71
1700786700,57
1700787600,74
1700788500,83
1700789400,86
1700790300,86
1700791200,77
1700792100,95
1700793000,61
1700793900,61
1700794800,53
1700795700,71
1700796600,91
1700797500,92
1700798400,116
1700799300,114
1700800200,125
1700801100,102
1700802000,80
1700802900,72
1700803800,268
1700804700,876
1700805600,1197
1700806500,1219
1700807400,579
1700808300,122
1700809200,118
1700810100,147
1700811000,211
1700811900,88
1700812800,59
1700813700,321
1700814600,115
1700815500,435
1700816400,764
1700817300,1529
1700818200,1448
1700819100,1138
1700820000,712
1700820900,275
1700821800,157
1700822700,168
1700823600,176
1700824500,249
1700825400,147
1700826300,291
1700827200,337
1700828100,248
1700829000,306
1700829900,89
1700830800,95
1700831700,81
1700832600,89
1700833500,68
1700834400,75
1700835300,74
1700836200,81
1700837100,70
1700838000,69
1700838900,85
1700839800,75
1700840700,91
1700841600,85
1700842500,114
1700843400,178
1700844300,772
1700845200,786
1700846100,789
1700847000,735
1700847900,289
1700848800,272
1700849700,336
1700850600,321
1700851500,316
1700852400,348
1700853300,368
1700854200,325
1700855100,342
1700856000,225
1700856900,217
1700857800,213
1700858700,177
1700859600,198
1700860500,120
1700861400,123
1700862300,110
1700863200,130
1700864100,135
1700865000,129
1700865900,110
1700866800,85
1700867700,63
1700868600,52
1700869500,59
1700870400,59
1700871300,58
1700872200,47
1700873100,61
1700874000,58
1700874900,55
1700875800,54
1700876700,63
1700877600,57
1700878500,45
1700879400,54
1700880300,70
1700881200,69
1700882100,72
1700883000,58
1700883900,70
1700884800,75
1700885700,83
1700886600,86
1700887500,86
1700888400,73
1700889300,86
1700890200,76
1700891100,232
1700892000,101
1700892900,334
1700893800,376
1700894700,436
1700895600,206
1700896500,152
1700897400,151
1700898300,162
1700899200,111
1700900100,495
1700901000,588
1700901900,410
1700902800,400
1700903700,595
1700904600,739
1700905500,645
1700906400,513
1700907300,260
1700908200,136
1700909100,165
1700910000,162
1700910900,101
1700911800,120
1700912700,146
1700913600,134
1700914500,113
1700915400,101
1700916300,103
1700917200,154
1700918100,170
1700919000,155
1700919900,148
1700920800,122
1700921700,124
1700922600,115
1700923500,135
1700924400,116
1700925300,128
1700926200,165
1700927100,187
1700928000,249
1700928900,269
1700929800,222
1700930700,296
1700931600,270
1700932500,275
1700933400,261
1700934300,275
1700935200,252
1700936100,281
1700937000,244
1700937900,272
1700938800,285
1700939700,454
1700940600,548
1700941500,486
1700942400,222
1700943300,215
1700944200,211
1700945100,205
1700946000,132
1700946900,119
1700947800,99
1700948700,82
1700949600,101
1700950500,89
1700951400,61
1700952300,55
1700953200,68
1700954100,57
1700955000,52
1700955900,68
1700956800,55
1700957700,60
1700958600,54
1700959500,89
1700960400,66
1700961300,75
1700962200,58
1700963100,60
1700964000,58
1700964900,49
1700965800,68
1700966700,50
1700967600,57
1700968500,48
1700969400,70
1700970300,49
1700971200,84
1700972100,82
1700973000,89
1700973900,86
1700974800,109
1700975700,352
1700976600,250
1700977500,354
1700978400,118
1700979300,192
1700980200,115
1700981100,144
1700982000,121
1700982900,109
1700983800,95
1700984700,79
1700985600,70
1700986500,68
1700987400,46
1700988300,76
1700989200,93
1700990100,67
1700991000,76
1700991900,48
1700992800,169
1700993700,71
1700994600,211
1700995500,102
1700996400,156
1700997300,222
1700998200,162
1700999100,158
1701000000,151
1701000900,168
1701001800,112
1701002700,119
1701003600,116
1701004500,105
1701005400,102
1701006300,112
1701007200,95
1701008100,105
1701009000,87
1701009900,110
1701010800,124
1701011700,152
1701012600,226
1701013500,221
1701014400,201
1701015300,219
1701016200,192
1701017100,218
1701018000,198
1701018900,258
1701019800,218
1701020700,223
1701021600,214
1701022500,198
1701023400,200
1701024300,208
1701025200,249
1701026100,535
1701027000,340
1701027900,388
1701028800,158
1701029700,130
1701030600,151
1701031500,130
1701032400,130
1701033300,97
1701034200,152
1701035100,115
1701036000,117
1701036900,94
1701037800,100
1701038700,89
1701039600,96
1701040500,85
1701041400,82
1701042300,54
1701043200,50
1701044100,50
1701045000,49
1701045900,39
1701046800,55
1701047700,45
1701048600,49
1701049500,40
1701050400,60
1701051300,42
1701052200,71
1701053100,79
1701054000,102
1701054900,68
1701055800,57
1701056700,39
1701057600,61
1701058500,41
1701059400,48
1701060300,79
1701061200,284
1701062100,91
1701063000,116
1701063900,102
1701064800,119
1701065700,117
1701066600,143
1701067500,260
1701068400,388
1701069300,207
1701070200,120
1701071100,206
1701072000,279
1701072900,161
1701073800,121
1701074700,96
1701075600,150
1701076500,82
1701077400,198
1701078300,119
1701079200,154
1701080100,132
1701081000,158
1701081900,179
1701082800,163
1701083700,112
1701084600,118
1701085500,155
1701086400,99
1701087300,88
1701088200,192
1701089100,649
1701090000,210
1701090900,132
1701091800,143
1701092700,145
1701093600,118
1701094500,233
1701095400,144
1701096300,144
1701097200,142
1701098100,182
1701099000,209
1701099900,129
1701100800,138
1701101700,139
1701102600,198
1701103500,191
1701104400,272
1701105300,263
1701106200,697
1701107100,410
1701108000,436
1701108900,236
1701109800,208
1701110700,421
1701111600,234
1701112500,212
1701113400,195
1701114300,198
1701115200,195
1701116100,176
1701117000,139
1701117900,126
1701118800,93
1701119700,81
1701120600,39
1701121500,57
1701122400,58
1701123300,76
1701124200,55
1701125100,58
1701126000,52
1701126900,49
1701127800,49
1701128700,39
1701129600,58
1701130500,43
1701131400,49
1701132300,40
1701133200,61
1701134100,72
1701135000,67
1701135900,70
1701136800,78
1701137700,56
1701138600,39
1701139500,62
1701140400,118
1701141300,118
1701142200,125
1701143100,143
1701144000,136
1701144900,81
1701145800,67
1701146700,59
1701147600,60
1701148500,42
1701149400,51
1701150300,45
1701151200,86
1701152100,227
1701153000,387
1701153900,113
1701154800,171
1701155700,81
1701156600,61
1701157500,38
1701158400,139
1701159300,79
1701160200,103
1701161100,118
1701162000,139
1701162900,103
1701163800,85
1701164700,160
1701165600,426
1701166500,98
1701167400,124
1701168300,126
1701169200,138
1701170100,141
1701171000,140
1701171900,182
1701172800,149
1701173700,237
1701174600,171
1701175500,118
1701176400,203
1701177300,213
1701178200,227
1701179100,238
1701180000,354
1701180900,214
1701181800,199
1701182700,198
1701183600,202
1701184500,284
1701185400,303
1701186300,108
1701187200,85
1701188100,86
1701189000,66
1701189900,88
1701190800,68
1701191700,75
1701192600,69
1701193500,90
1701194400,69
1701195300,77
1701196200,74
1701197100,84
1701198000,69
1701198900,76
1701199800,77
1701200700,81
1701201600,70
1701202500,81
1701203400,92
1701204300,91
1701205200,77
1701206100,64
1701207000,51
1701207900,48
1701208800,39
1701209700,48
1701210600,105
1701211500,166
1701212400,79
1701213300,58
1701214200,56
1701215100,65
1701216000,64
1701216900,68
1701217800,79
1701218700,58
1701219600,44
1701220500,43
1701221400,74
1701222300,58
1701223200,74
1701224100,65
1701225000,85
1701225900,61
1701226800,123
1701227700,91
1701228600,85
1701229500,55
1701230400,56
1701231300,39
1701232200,73
1701233100,73
1701234000,71
1701234900,104
1701235800,149
1701236700,110
1701237600,139
1701238500,92
1701239400,125
1701240300,62
1701241200,64
1701242100,55
1701243000,70
1701243900,66
1701244800,160
1701245700,73
1701246600,86
1701247500,690
1701248400,470
1701249300,464
1701250200,334
1701251100,185
1701252000,203
1701252900,180
1701253800,213
1701254700,199
1701255600,642
1701256500,217
1701257400,619
1701258300,167
1701259200,144
1701260100,145
1701261000,169
1701261900,139
1701262800,129
1701263700,99
1701264600,127
1701265500,107
1701266400,113
1701267300,110
1701268200,142
1701269100,132
1701270000,146
1701270900,156
1701271800,251
1701272700,223
1701273600,230
1701274500,285
1701275400,265
1701276300,242
1701277200,235
1701278100,268
1701279000,265
1701279900,281
1701280800,268
1701281700,303
1701282600,302
1701283500,301
1701284400,264
1701285300,286
1701286200,260
1701287100,204
1701288000,216
1701288900,230
1701289800,214
1701290700,235
1701291600,195
1701292500,292
1701293400,129
1701294300,119
1701295200,137
1701296100,147
1701297000,144
1701297900,138
1701298800,98
1701299700,64
1701300600,58
1701301500,65
1701302400,63
1701303300,57
1701304200,53
1701305100,65
1701306000,48
1701306900,55
1701307800,56
1701308700,58
1701309600,47
1701310500,54
1701311400,61
1701312300,50
1701313200,45
1701314100,100
1701315000,76
1701315900,58
1701316800,61
1701317700,47
1701318600,66
1701319500,61
1701320400,71
1701321300,74
1701322200,267
1701323100,112
1701324000,185
1701324900,125
1701325800,625
1701326700,327
1701327600,443
1701328500,312
1701329400,389
1701330300,349
1701331200,536
1701332100,381
1701333000,246
1701333900,392
1701334800,667
1701335700,583
1701336600,292
1701337500,596
1701338400,678
1701339300,755
1701340200,592
1701341100,704
1701342000,735
1701342900,339
1701343800,277
1701344700,135
1701345600,141
1701346500,180
1701347400,757
1701348300,1247
1701349200,889
1701350100,647
1701351000,256
1701351900,129
1701352800,152
1701353700,134
1701354600,143
1701355500,109
1701356400,117
1701357300,117
1701358200,114
1701359100,124
1701360000,140
1701360900,181
1701361800,200
1701362700,677
1701363600,824
1701364500,790
1701365400,774
1701366300,320
1701367200,241
1701368100,220
1701369000,258
1701369900,252
1701370800,246
1701371700,255
1701372600,240
1701373500,247
1701374400,228
1701375300,196
1701376200,192
1701377100,206
1701378000,199
1701378900,198
1701379800,177
1701380700,155
1701381600,140
1701382500,159
1701383400,170
1701384300,149
1701385200,152
1701386100,133
1701387000,96
1701387900,80
1701388800,84
1701389700,82
1701390600,85
1701391500,72
1701392400,81
1701393300,94
1701394200,97
1701395100,89
1701396000,93
1701396900,86
1701397800,80
1701398700,76
1701399600,77
1701400500,89
1701401400,81
1701402300,79
1701403200,77
1701404100,91
1701405000,74
1701405900,82
1701406800,78
1701407700,136
1701408600,141
1701409500,162
1701410400,284
1701411300,302
1701412200,162
1701413100,176
1701414000,231
1701414900,558
1701415800,750
1701416700,380
1701417600,379
1701418500,345
1701419400,352
1701420300,271
1701421200,293
1701422100,347
1701423000,283
1701423900,310
1701424800,455
1701425700,402
1701426600,231
1701427500,230
1701428400,713
1701429300,188
1701430200,337
1701431100,109
1701432000,226
1701432900,500
1701433800,372
1701434700,202
1701435600,159
1701436500,155
1701437400,104
1701438300,120
1701439200,415
1701440100,593
1701441000,290
1701441900,190
1701442800,217
1701443700,238
1701444600,411
1701445500,824
1701446400,681
1701447300,272
1701448200,275
1701449100,233
1701450000,254
1701450900,460
1701451800,818
1701452700,745
1701453600,506
1701454500,185
1701455400,180
1701456300,170
1701457200,321
1701458100,271
1701459000,255
1701459900,220
1701460800,160
1701461700,133
1701462600,131
1701463500,104
1701464400,114
1701465300,90
1701466200,98
1701467100,88
1701468000,111
1701468900,90
1701469800,87
1701470700,69
1701471600,57
1701472500,38
1701473400,47
1701474300,47
1701475200,51
1701476100,39
1701477000,46
1701477900,51
1701478800,47
1701479700,39
1701480600,47
1701481500,52
1701482400,48
1701483300,52
1701484200,67
1701485100,72
1701486000,2539
1701486900,2570
1701487800,2571
1701488700,1431
1701489600,1022
1701490500,1161
1701491400,880
1701492300,944
1701493200,938
1701494100,882
1701495000,191
1701495900,196
1701496800,234
1701497700,151
1701498600,161
1701499500,181
1701500400,143
1701501300,110
1701502200,90
1701503100,114
1701504000,118
1701504900,319
1701505800,515
1701506700,302
1701507600,77
1701508500,215
1701509400,497
1701510300,590
1701511200,342
1701512100,106
1701513000,370
1701513900,128
1701514800,109
1701515700,159
1701516600,138
1701517500,115
1701518400,123
1701519300,112
1701520200,113
1701521100,95
1701522000,132
1701522900,103
1701523800,215
1701524700,192
1701525600,130
1701526500,142
1701527400,335
1701528300,347
1701529200,403
1701530100,192
1701531000,253
1701531900,249
1701532800,553
1701533700,193
1701534600,223
1701535500,210
1701536400,231
1701537300,320
1701538200,231
1701539100,206
1701540000,196
1701540900,189
1701541800,183
1701542700,144
1701543600,184
1701544500,194
1701545400,175
1701546300,168
1701547200,173
1701548100,166
1701549000,154
1701549900,146
1701550800,128
1701551700,97
1701552600,72
1701553500,98
1701554400,94
1701555300,81
1701556200,73
1701557100,87
1701558000,64
1701558900,56
1701559800,47
1701560700,60
1701561600,47
1701562500,39
1701563400,47
1701564300,72
1701565200,71
1701566100,62
1701567000,71
1701567900,63
1701568800,47
1701569700,39
1701570600,64
1701571500,66
1701572400,68
1701573300,72
1701574200,68
1701575100,75
1701576000,64
1701576900,72
1701577800,70
1701578700,84
1701579600,308
1701580500,132
1701581400,100
1701582300,133
1701583200,342
1701584100,175
1701585000,158
1701585900,124
1701586800,91
1701587700,68
1701588600,91
1701589500,67
1701590400,102
1701591300,101
1701592200,125
1701593100,101
1701594000,93
1701594900,95
1701595800,106
1701596700,92
1701597600,82
1701598500,126
1701599400,147
1701600300,229
1701601200,165
1701602100,231
1701603000,188
1701603900,187
1701604800,183
1701605700,143
1701606600,135
1701607500,112
1701608400,125
1701609300,100
1701610200,117
1701611100,91
1701612000,157
1701612900,140
1701613800,158
1701614700,135
1701615600,143
1701616500,141
1701617400,150
1701618300,168
1701619200,152
1701620100,226
1701621000,216
1701621900,226
1701622800,254
1701623700,246
1701624600,213
1701625500,273
1701626400,310
1701627300,302
1701628200,282
1701629100,273
1701630000,296
1701630900,212
1701631800,204
1701632700,264
1701633600,283
1701634500,261
1701635400,241
1701636300,243
1701637200,224
1701638100,143
1701639000,201
1701639900,139
1701640800,129
1701641700,107
1701642600,57
1701643500,48
1701644400,40
1701645300,56
1701646200,46
1701647100,49
1701648000,41
1701648900,60
1701649800,41
1701650700,47
1701651600,47
1701652500,52
1701653400,49
1701654300,56
1701655200,78
1701656100,56
1701657000,65
1701657900,63
1701658800,84
1701659700,72
1701660600,103
1701661500,77
1701662400,86
1701663300,73
1701664200,41
1701665100,66
1701666000,254
1701666900,101
1701667800,133
1701668700,210
1701669600,432
1701670500,407
1701671400,143
1701672300,211
1701673200,132
1701674100,127
1701675000,374
1701675900,640
1701676800,338
1701677700,300
1701678600,134
1701679500,174
1701680400,119
1701681300,129
1701682200,171
1701683100,111
1701684000,127
1701684900,124
1701685800,125
1701686700,199
1701687600,167
1701688500,196
1701689400,111
1701690300,115
1701691200,102
1701692100,112
1701693000,310
1701693900,130
1701694800,112
1701695700,412
1701696600,167
1701697500,150
1701698400,185
1701699300,154
1701700200,161
1701701100,114
1701702000,107
1701702900,132
1701703800,131
1701704700,98
1701705600,103
1701706500,105
1701707400,149
1701708300,194
1701709200,150
1701710100,204
1701711000,232
1701711900,255
1701712800,216
1701713700,199
1701714600,215
1701715500,283
1701716400,280
1701717300,280
1701718200,257
1701719100,262
1701720000,273
1701720900,268
1701721800,285
1701722700,221
1701723600,220
1701724500,182
1701725400,148
1701726300,122
1701727200,112
1701728100,85
1701729000,70
1701729900,52
1701730800,40
1701731700,47
1701732600,51
1701733500,48
1701734400,38
1701735300,56
1701736200,45
1701737100,45
1701738000,98
1701738900,91
1701739800,74
1701740700,49
1701741600,62
1701742500,55
1701743400,59
1701744300,50
1701745200,73
1701746100,76
1701747000,73
1701747900,88
1701748800,149
1701749700,89
1701750600,86
1701751500,100
1701752400,97
1701753300,75
1701754200,92
1701755100,107
1701756000,85
1701756900,100
1701757800,279
1701758700,192
1701759600,685
1701760500,224
1701761400,97
1701762300,127
1701763200,172
1701764100,116
1701765000,432
1701765900,418
1701766800,343
1701767700,608
1701768600,655
1701769500,681
1701770400,204
1701771300,389
1701772200,90
1701773100,139
1701774000,136
1701774900,132
1701775800,114
1701776700,129
1701777600,150
1701778500,221
1701779400,206
1701780300,299
1701781200,169
1701782100,169
1701783000,166
1701783900,155
1701784800,146
1701785700,117
1701786600,160
1701787500,174
1701788400,166
1701789300,362
1701790200,198
1701791100,352
1701792000,240
1701792900,208
1701793800,266
1701794700,288
1701795600,252
1701796500,243
1701797400,239
1701798300,224
1701799200,260
1701800100,317
1701801000,338
1701801900,216
1701802800,218
1701803700,231
1701804600,196
1701805500,153
1701806400,151
1701807300,152
1701808200,168
1701809100,200
1701810000,210
1701810900,160
1701811800,120
1701812700,135
1701813600,101
1701814500,61
1701815400,52
1701816300,65
1701817200,50
1701818100,49
1701819000,67
1701819900,49
1701820800,58
1701821700,48
1701822600,70
1701823500,50
1701824400,56
1701825300,59
1701826200,121
1701827100,83
1701828000,76
1701828900,93
1701829800,62
1701830700,74
1701831600,107
1701832500,75
1701833400,56
1701834300,66
1701835200,67
1701836100,65
1701837000,59
1701837900,70
1701838800,98
1701839700,78
1701840600,89
1701841500,75
1701842400,100
1701843300,114
1701844200,120
1701845100,113
1701846000,367
1701846900,577
1701847800,377
1701848700,394
1701849600,251
1701850500,69
1701851400,54
1701852300,73
1701853200,57
1701854100,122
1701855000,955
1701855900,882
1701856800,359
1701857700,229
1701858600,319
1701859500,440
1701860400,470
1701861300,239
1701862200,176
1701863100,183
1701864000,138
1701864900,124
1701865800,174
1701866700,242
1701867600,124
1701868500,104
1701869400,107
1701870300,148
1701871200,128
1701872100,120
1701873000,161
1701873900,187
1701874800,168
1701875700,223
1701876600,216
1701877500,214
1701878400,218
1701879300,228
1701880200,163
1701881100,207
1701882000,232
1701882900,300
1701883800,315
1701884700,308
1701885600,316
1701886500,299
1701887400,269
1701888300,249
1701889200,234
1701890100,227
1701891000,221
1701891900,217
1701892800,198
1701893700,214
1701894600,227
1701895500,203
1701896400,256
1701897300,145
1701898200,148
1701899100,133
1701900000,81
1701900900,63
1701901800,85
1701902700,64
1701903600,71
1701904500,69
1701905400,76
1701906300,68
1701907200,64
1701908100,76
1701909000,41
1701909900,49
1701910800,58
1701911700,77
1701912600,57
1701913500,51
1701914400,44
1701915300,56
1701916200,45
1701917100,41
1701918000,56
1701918900,47
1701919800,68
1701920700,62
1701921600,81
1701922500,65
1701923400,58
1701924300,47
1701925200,64
1701926100,62
1701927000,76
1701927900,145
1701928800,384
1701929700,161
1701930600,282
1701931500,167
1701932400,96
1701933300,54
1701934200,38
1701935100,39
1701936000,75
1701936900,57
1701937800,71
1701938700,57
1701939600,82
1701940500,59
1701941400,76
1701942300,53
1701943200,72
1701944100,46
1701945000,56
1701945900,61
1701946800,69
1701947700,198
1701948600,83
1701949500,237
1701950400,221
1701951300,207
1701952200,103
1701953100,97
1701954000,107
1701954900,134
1701955800,372
1701956700,613
1701957600,543
1701958500,76
1701959400,81
1701960300,77
1701961200,110
1701962100,86
1701963000,123
1701963900,89
1701964800,159
1701965700,665
1701966600,1353
1701967500,1303
1701968400,1287
1701969300,1278
1701970200,854
1701971100,354
1701972000,288
1701972900,354
1701973800,327
1701974700,771
1701975600,863
1701976500,838
1701977400,658
1701978300,298
1701979200,317
1701980100,262
1701981000,210
1701981900,158
1701982800,201
1701983700,130
1701984600,123
1701985500,95
1701986400,74
1701987300,59
1701988200,65
1701989100,67
1701990000,65
1701990900,67
1701991800,59
1701992700,75
1701993600,65
1701994500,64
1701995400,55
1701996300,70
1701997200,39
1701998100,60
1701999000,52
1701999900,69
1702000800,57
1702001700,57
1702002600,65
1702003500,73
1702004400,59
1702005300,37
1702006200,42
1702007100,47
1702008000,45
1702008900,36
1702009800,59
1702010700,71
1702011600,58
1702012500,65
1702013400,92
1702014300,157
1702015200,189
1702016100,115
1702017000,589
1702017900,878
1702018800,595
1702019700,517
1702020600,229
1702021500,111
1702022400,242
1702023300,287
1702024200,283
1702025100,534
1702026000,354
1702026900,848
1702027800,529
1702028700,464
1702029600,145
1702030500,563
1702031400,200
1702032300,256
1702033200,91
1702034100,67
1702035000,94
1702035900,99
1702036800,91
1702037700,89
1702038600,92
1702039500,122
1702040400,101
1702041300,105
1702042200,117
1702043100,126
1702044000,98
1702044900,106
1702045800,95
1702046700,120
1702047600,145
1702048500,185
1702049400,195
1702050300,386
1702051200,507
1702052100,152
1702053000,172
1702053900,180
1702054800,185
1702055700,253
1702056600,204
1702057500,205
1702058400,206
1702059300,620
1702060200,625
1702061100,371
1702062000,389
1702062900,388
1702063800,329
1702064700,315
1702065600,300
1702066500,304
1702067400,341
1702068300,303
1702069200,281
1702070100,312
1702071000,251
1702071900,171
1702072800,184
1702073700,177
1702074600,164
1702075500,206
1702076400,85
1702077300,68
1702078200,85
1702079100,75
1702080000,92
1702080900,62
1702081800,62
1702082700,70
1702083600,70
1702084500,70
1702085400,61
1702086300,78
1702087200,64
1702088100,69
1702089000,59
1702089900,79
1702090800,59
1702091700,60
1702092600,65
1702093500,97
1702094400,104
1702095300,94
1702096200,97
1702097100,71
1702098000,66
1702098900,61
1702099800,70
1702100700,84
1702101600,325
1702102500,347
1702103400,139
1702104300,175
1702105200,143
1702106100,78
1702107000,202
1702107900,282
1702108800,565
1702109700,229
1702110600,261
1702111500,181
1702112400,461
1702113300,413
1702114200,266
1702115100,322
1702116000,320
1702116900,519
1702117800,185
1702118700,81
1702119600,73
1702120500,69
1702121400,104
1702122300,90
1702123200,123
1702124100,110
1702125000,111
1702125900,99
1702126800,155
1702127700,149
1702128600,142
1702129500,341
1702130400,179
1702131300,161
1702132200,433
1702133100,172
1702134000,178
1702134900,197
1702135800,203
1702136700,417
1702137600,667
1702138500,396
1702139400,228
1702140300,218
1702141200,271
1702142100,243
1702143000,262
1702143900,220
1702144800,224
1702145700,203
1702146600,213
1702147500,206
1702148400,231
1702149300,238
1702150200,225
1702151100,214
1702152000,198
1702152900,169
1702153800,180
1702154700,117
1702155600,105
1702156500,104
1702157400,102
1702158300,143
1702159200,91
1702160100,92
1702161000,88
1702161900,67
1702162800,76
1702163700,79
1702164600,72
1702165500,69
1702166400,66
1702167300,81
1702168200,57
1702169100,68
1702170000,59
1702170900,83
1702171800,58
1702172700,78
1702173600,76
1702174500,85
1702175400,97
1702176300,102
1702177200,109
1702178100,125
1702179000,117
1702179900,112
1702180800,93
1702181700,69
1702182600,55
1702183500,62
1702184400,239
1702185300,159
1702186200,96
1702187100,143
1702188000,354
1702188900,505
1702189800,137
1702190700,443
1702191600,260
1702192500,433
1702193400,54
1702194300,38
1702195200,72
1702196100,70
1702197000,73
1702197900,60
1702198800,67
1702199700,68
1702200600,121
1702201500,169
1702202400,117
1702203300,136
1702204200,155
1702205100,162
1702206000,143
1702206900,185
1702207800,140
1702208700,140
1702209600,128
1702210500,109
1702211400,143
1702212300,160
1702213200,140
1702214100,127
1702215000,148
1702215900,116
1702216800,100
1702217700,89
1702218600,145
1702219500,152
1702220400,141
1702221300,165
1702222200,171
1702223100,172
1702224000,227
1702224900,204
1702225800,169
1702226700,172
1702227600,248
1702228500,205
1702229400,227
1702230300,227
1702231200,215
1702232100,259
1702233000,240
1702233900,236
1702234800,269
1702235700,260
1702236600,248
1702237500,281
1702238400,257
1702239300,233
1702240200,308
1702241100,155
1702242000,168
1702242900,163
1702243800,132
1702244700,111
1702245600,117
1702246500,108
1702247400,111
1702248300,64
1702249200,57
1702250100,50
1702251000,62
1702251900,64
1702252800,67
1702253700,56
1702254600,42
1702255500,56
1702256400,41
1702257300,48
1702258200,38
1702259100,60
1702260000,38
1702260900,48
1702261800,39
1702262700,73
1702263600,63
1702264500,61
1702265400,68
1702266300,83
1702267200,81
1702268100,50
1702269000,61
1702269900,74
1702270800,220
1702271700,78
1702272600,122
1702273500,175
1702274400,341
1702275300,214
1702276200,146
1702277100,172
1702278000,231
1702278900,139
1702279800,255
1702280700,274
1702281600,119
1702282500,144
1702283400,186
1702284300,280
1702285200,115
1702286100,209
1702287000,158
1702287900,92
1702288800,89
1702289700,66
1702290600,125
1702291500,121
1702292400,118
1702293300,132
1702294200,167
1702295100,268
1702296000,111
1702296900,122
1702297800,81
1702298700,552
1702299600,661
1702300500,243
1702301400,114
1702302300,120
1702303200,124
1702304100,73
1702305000,78
1702305900,77
1702306800,81
1702307700,77
1702308600,93
1702309500,77
1702310400,83
1702311300,79
1702312200,141
1702313100,194
1702314000,936
1702314900,2349
1702315800,3649
1702316700,3050
1702317600,2125
1702318500,1654
1702319400,1380
1702320300,1212
1702321200,1168
1702322100,1382
1702323000,1200
1702323900,299
1702324800,148
1702325700,120
1702326600,123
1702327500,93
1702328400,72
1702329300,62
1702330200,66
1702331100,62
1702332000,58
1702332900,64
1702333800,88
1702334700,84
1702335600,77
1702336500,89
1702337400,81
1702338300,52
1702339200,39
1702340100,59
1702341000,38
1702341900,48
1702342800,43
1702343700,52
1702344600,42
1702345500,40
1702346400,62
1702347300,57
1702348200,62
1702349100,56
1702350000,62
1702350900,38
1702351800,47
1702352700,53
1702353600,78
1702354500,75
1702355400,80
1702356300,88
1702357200,52
1702358100,50
1702359000,47
1702359900,90
1702360800,145
1702361700,163
1702362600,213
1702363500,388
1702364400,536
1702365300,679
1702366200,672
1702367100,641
1702368000,617
1702368900,120
1702369800,112
1702370700,98
1702371600,94
1702372500,98
1702373400,93
1702374300,74
1702375200,82
1702376100,70
1702377000,108
1702377900,143
1702378800,169
1702379700,120
1702380600,246
1702381500,1097
1702382400,1241
1702383300,900
1702384200,637
1702385100,620
1702386000,135
1702386900,108
1702387800,171
1702388700,146
1702389600,209
1702390500,399
1702391400,1081
1702392300,828
1702393200,747
1702394100,836
1702395000,862
1702395900,1017
1702396800,766
1702397700,274
1702398600,207
1702399500,173
1702400400,167
1702401300,174
1702402200,162
1702403100,191
1702404000,151
1702404900,279
1702405800,158
1702406700,151
1702407600,161
1702408500,146
1702409400,149
1702410300,149
1702411200,120
1702412100,129
1702413000,131
1702413900,125
1702414800,111
1702415700,116
1702416600,69
1702417500,72
1702418400,73
1702419300,72
1702420200,66
1702421100,74
1702422000,89
1702422900,76
1702423800,85
1702424700,85
1702425600,77
1702426500,66
1702427400,98
1702428300,118
1702429200,231
1702430100,184
1702431000,117
1702431900,129
1702432800,114
1702433700,120
1702434600,99
1702435500,101
1702436400,78
1702437300,73
1702438200,66
1702439100,74
1702440000,78
1702440900,66
1702441800,73
1702442700,79
1702443600,75
1702444500,67
1702445400,85
1702446300,86
1702447200,82
1702448100,90
1702449000,105
1702449900,94
1702450800,80
1702451700,100
1702452600,152
1702453500,150
1702454400,109
1702455300,106
1702456200,73
1702457100,77
1702458000,71
1702458900,162
1702459800,630
1702460700,199
1702461600,157
1702462500,160
1702463400,135
1702464300,123
1702465200,138
1702466100,123
1702467000,97
1702467900,103
1702468800,104
1702469700,160
1702470600,93
1702471500,100
1702472400,86
1702473300,212
1702474200,105
1702475100,125
1702476000,120
1702476900,70
1702477800,90
1702478700,87
1702479600,96
1702480500,93
1702481400,112
1702482300,87
1702483200,83
1702484100,90
1702485000,81
1702485900,86
1702486800,78
1702487700,98
1702488600,77
1702489500,86
1702490400,87
1702491300,434
1702492200,289
1702493100,197
1702494000,225
1702494900,207
1702495800,217
1702496700,219
1702497600,229
1702498500,530
1702499400,231
1702500300,473
1702501200,182
1702502100,141
1702503000,91
1702503900,82
1702504800,79
1702505700,73
1702506600,80
1702507500,85
1702508400,79
1702509300,90
1702510200,80
1702511100,61
1702512000,69
1702512900,74
1702513800,70
1702514700,61
1702515600,77
1702516500,68
1702517400,69
1702518300,63
1702519200,73
1702520100,68
1702521000,61
1702521900,74
1702522800,76
1702523700,85
1702524600,76
1702525500,94
1702526400,65
1702527300,71
1702528200,74
1702529100,79
1702530000,69
1702530900,52
1702531800,73
1702532700,102
1702533600,282
1702534500,241
1702535400,349
1702536300,422
1702537200,303
1702538100,554
1702539000,317
1702539900,139
1702540800,342
1702541700,268
1702542600,156
1702543500,143
1702544400,154
1702545300,562
1702546200,580
1702547100,718
1702548000,301
1702548900,141
1702549800,289
1702550700,350
1702551600,149
1702552500,177
1702553400,118
1702554300,111
1702555200,119
1702556100,121
1702557000,122
1702557900,148
1702558800,184
1702559700,276
1702560600,100
1702561500,92
1702562400,141
1702563300,494
1702564200,177
1702565100,181
1702566000,170
1702566900,199
1702567800,379
1702568700,470
1702569600,214
1702570500,221
1702571400,223
1702572300,206
1702573200,198
1702574100,242
1702575000,303
1702575900,202
1702576800,251
1702577700,286
1702578600,684
1702579500,263
1702580400,543
1702581300,276
1702582200,286
1702583100,273
1702584000,266
1702584900,154
1702585800,155
1702586700,177
1702587600,268
1702588500,137
1702589400,115
1702590300,107
1702591200,61
1702592100,68
1702593000,78
1702593900,54
1702594800,73
1702595700,81
1702596600,76
1702597500,67
1702598400,77
1702599300,53
1702600200,59
1702601100,56
1702602000,68
1702602900,55
1702603800,53
1702604700,72
1702605600,53
1702606500,62
1702607400,56
1702608300,71
1702609200,53
1702610100,77
1702611000,85
1702611900,83
1702612800,79
1702613700,95
1702614600,110
1702615500,72
1702616400,64
1702617300,59
1702618200,81
1702619100,101
1702620000,119
1702620900,283
1702621800,112
1702622700,97
1702623600,105
1702624500,115
1702625400,139
1702626300,154
1702627200,127
1702628100,224
1702629000,261
1702629900,372
1702630800,411
1702631700,187
1702632600,249
1702633500,200
1702634400,150
1702635300,231
1702636200,171
1702637100,119
1702638000,129
1702638900,193
1702639800,128
1702640700,323
1702641600,333
1702642500,388
1702643400,111
1702644300,251
1702645200,169
1702646100,155
1702647000,135
1702647900,162
1702648800,164
1702649700,143
1702650600,130
1702651500,168
1702652400,168
1702653300,170
1702654200,185
1702655100,180
1702656000,208
1702656900,223
1702657800,208
1702658700,197
1702659600,208
1702660500,254
1702661400,218
1702662300,218
1702663200,214
1702664100,224
1702665000,195
1702665900,208
1702666800,220
1702667700,203
1702668600,192
1702669500,194
1702670400,199
1702671300,201
1702672200,348
1702673100,179
1702674000,141
1702674900,114
1702675800,112
1702676700,87
1702677600,66
1702678500,61
1702679400,47
1702680300,51
1702681200,39
1702682100,57
1702683000,37
1702683900,45
1702684800,50
1702685700,41
1702686600,58
1702687500,58
1702688400,72
1702689300,51
1702690200,47
1702691100,49
1702692000,49
1702692900,55
1702693800,64
1702694700,79
1702695600,62
1702696500,69
1702697400,60
1702698300,52
1702699200,50
1702700100,52
1702701000,73
1702701900,92
1702702800,98
1702703700,92
1702704600,115
1702705500,281
1702706400,85
1702707300,230
1702708200,114
1702709100,119
1702710000,139
1702710900,180
1702711800,672
1702712700,265
1702713600,662
1702714500,569
1702715400,439
1702716300,939
1702717200,809
1702718100,779
1702719000,720
1702719900,751
1702720800,230
1702721700,392
1702722600,320
1702723500,464
1702724400,746
1702725300,364
1702726200,277
1702727100,131
1702728000,613
1702728900,231
1702729800,138
1702730700,132
1702731600,131
1702732500,132
1702733400,160
1702734300,165
1702735200,166
1702736100,339
1702737000,314
1702737900,132
1702738800,137
1702739700,189
1702740600,257
1702741500,282
1702742400,222
1702743300,209
1702744200,216
1702745100,201
1702746000,174
1702746900,195
1702747800,222
1702748700,184
1702749600,240
1702750500,250
1702751400,195
1702752300,201
1702753200,227
1702754100,232
1702755000,281
1702755900,167
1702756800,175
1702757700,171
1702758600,172
1702759500,180
1702760400,144
1702761300,127
1702762200,117
1702763100,102
1702764000,98
1702764900,104
1702765800,97
1702766700,59
1702767600,55
1702768500,74
1702769400,61
1702770300,61
1702771200,67
1702772100,61
1702773000,67
1702773900,78
1702774800,89
1702775700,71
1702776600,78
1702777500,74
1702778400,65
1702779300,55
1702780200,63
1702781100,92
1702782000,65
1702782900,59
1702783800,93
1702784700,93
1702785600,85
1702786500,65
1702787400,84
1702788300,111
1702789200,237
1702790100,236
1702791000,112
1702791900,135
1702792800,127
1702793700,120
1702794600,133
1702795500,123
1702796400,202
1702797300,82
1702798200,91
1702799100,187
1702800000,408
1702800900,384
1702801800,162
1702802700,106
1702803600,105
1702804500,107
1702805400,132
1702806300,211
1702807200,203
1702808100,155
1702809000,172
1702809900,178
1702810800,170
1702811700,168
1702812600,121
1702813500,114
1702814400,108
1702815300,114
1702816200,94
1702817100,99
1702818000,102
1702818900,122
1702819800,110
1702820700,116
1702821600,122
1702822500,132
1702823400,151
1702824300,134
1702825200,159
1702826100,170
1702827000,227
1702827900,290
1702828800,269
1702829700,463
1702830600,234
1702831500,257
1702832400,212
1702833300,234
1702834200,282
1702835100,232
1702836000,194
1702836900,198
1702837800,228
1702838700,234
1702839600,192
1702840500,201
1702841400,201
1702842300,187
1702843200,168
1702844100,217
1702845000,178
1702845900,176
1702846800,176
1702847700,157
1702848600,139
1702849500,114
1702850400,102
1702851300,70
1702852200,78
1702853100,82
1702854000,77
1702854900,69
1702855800,79
1702856700,77
1702857600,73
1702858500,66
1702859400,85
1702860300,69
1702861200,68
1702862100,74
1702863000,82
1702863900,92
1702864800,84
1702865700,98
1702866600,78
1702867500,75
1702868400,67
1702869300,88
1702870200,68
1702871100,95
1702872000,90
1702872900,104
1702873800,100
1702874700,115
1702875600,124
1702876500,234
1702877400,153
1702878300,254
1702879200,438
1702880100,214
1702881000,210
1702881900,193
1702882800,124
1702883700,265
1702884600,132
1702885500,111
1702886400,146
1702887300,107
1702888200,77
1702889100,62
1702890000,79
1702890900,126
1702891800,76
1702892700,93
1702893600,94
1702894500,113
1702895400,219
1702896300,120
1702897200,377
1702898100,250
1702899000,420
1702899900,156
1702900800,170
1702901700,98
1702902600,77
1702903500,66
1702904400,99
1702905300,83
1702906200,88
1702907100,86
1702908000,85
1702908900,66
1702909800,75
1702910700,74
1702911600,80
1702912500,78
1702913400,76
1702914300,96
1702915200,77
1702916100,85
1702917000,88
1702917900,178
1702918800,219
1702919700,231
1702920600,656
1702921500,522
1702922400,315
1702923300,340
1702924200,348
1702925100,347
1702926000,329
1702926900,216
1702927800,206
1702928700,209
1702929600,211
1702930500,200
1702931400,202
1702932300,194
1702933200,218
1702934100,188
1702935000,181
1702935900,132
1702936800,106
1702937700,110
1702938600,94
1702939500,78
1702940400,77
1702941300,82
1702942200,78
1702943100,70
1702944000,85
1702944900,78
1702945800,69
1702946700,60
1702947600,92
1702948500,113
1702949400,120
1702950300,96
1702951200,117
1702952100,61
1702953000,66
1702953900,71
1702954800,94
1702955700,88
1702956600,95
1702957500,86
1702958400,92
1702959300,85
1702960200,80
1702961100,91
1702962000,91
1702962900,87
1702963800,72
1702964700,81
1702965600,76
1702966500,112
1702967400,270
1702968300,349
1702969200,658
1702970100,173
1702971000,482
1702971900,167
1702972800,142
1702973700,163
1702974600,284
1702975500,309
1702976400,221
1702977300,363
1702978200,607
1702979100,893
1702980000,831
1702980900,697
1702981800,650
1702982700,199
1702983600,448
1702984500,127
1702985400,157
1702986300,97
1702987200,195
1702988100,1024
1702989000,1382
1702989900,1034
1702990800,741
1702991700,712
1702992600,406
1702993500,768
1702994400,260
1702995300,184
1702996200,538
1702997100,829
1702998000,794
1702998900,827
1702999800,619
1703000700,299
1703001600,319
1703002500,384
1703003400,371
1703004300,311
1703005200,296
1703006100,233
1703007000,252
1703007900,240
1703008800,286
1703009700,210
1703010600,160
1703011500,175
1703012400,161
1703013300,180
1703014200,133
1703015100,152
1703016000,151
1703016900,136
1703017800,138
1703018700,124
1703019600,140
1703020500,129
1703021400,54
1703022300,44
1703023200,58
1703024100,50
1703025000,68
1703025900,61
1703026800,77
1703027700,57
1703028600,61
1703029500,54
1703030400,52
1703031300,43
1703032200,57
1703033100,52
1703034000,51
1703034900,47
1703035800,70
1703036700,66
1703037600,67
1703038500,93
1703039400,95
1703040300,81
1703041200,78
1703042100,89
1703043000,79
1703043900,73
1703044800,51
1703045700,72
1703046600,63
1703047500,85
1703048400,86
1703049300,107
1703050200,76
1703051100,86
1703052000,80
1703052900,100
1703053800,77
1703054700,98
1703055600,121
1703056500,189
1703057400,78
1703058300,189
1703059200,120
1703060100,108
1703061000,265
1703061900,134
1703062800,287
1703063700,572
1703064600,513
1703065500,665
1703066400,221
1703067300,284
1703068200,202
1703069100,147
1703070000,119
1703070900,168
1703071800,122
1703072700,138
1703073600,108
1703074500,99
1703075400,72
1703076300,80
1703077200,204
1703078100,210
1703079000,333
1703079900,178
1703080800,146
1703081700,140
1703082600,112
1703083500,95
1703084400,114
1703085300,116
1703086200,127
1703087100,192
1703088000,251
1703088900,272
1703089800,284
1703090700,328
1703091600,319
1703092500,254
1703093400,298
1703094300,308
1703095200,319
1703096100,453
1703097000,312
1703097900,340
1703098800,313
1703099700,262
1703100600,216
1703101500,209
1703102400,191
1703103300,200
1703104200,148
1703105100,100
1703106000,86
1703106900,86
1703107800,75
1703108700,60
1703109600,52
1703110500,67
1703111400,58
1703112300,57
1703113200,54
1703114100,66
1703115000,58
1703115900,58
1703116800,78
1703117700,160
1703118600,94
1703119500,84
1703120400,70
1703121300,62
1703122200,61
1703123100,64
1703124000,89
1703124900,81
1703125800,78
1703126700,80
1703127600,82
1703128500,88
1703129400,75
1703130300,80
1703131200,76
1703132100,79
1703133000,76
1703133900,84
1703134800,84
1703135700,86
1703136600,101
1703137500,295
1703138400,139
1703139300,368
1703140200,179
1703141100,485
1703142000,287
1703142900,432
1703143800,234
1703144700,218
1703145600,631
1703146500,310
1703147400,270
1703148300,95
1703149200,103
1703150100,717
1703151000,734
1703151900,905
1703152800,1036
1703153700,383
1703154600,844
1703155500,609
1703156400,228
1703157300,790
1703158200,922
1703159100,808
1703160000,648
1703160900,601
1703161800,306
1703162700,130
1703163600,131
1703164500,110
1703165400,104
1703166300,95
1703167200,101
1703168100,111
1703169000,113
1703169900,122
1703170800,183
1703171700,198
1703172600,211
1703173500,297
1703174400,434
1703175300,245
1703176200,256
1703177100,274
1703178000,239
1703178900,224
1703179800,281
1703180700,320
1703181600,371
1703182500,369
1703183400,385
1703184300,341
1703185200,325
1703186100,289
1703187000,296
1703187900,244
1703188800,279
1703189700,204
1703190600,187
1703191500,120
1703192400,99
1703193300,80
1703194200,68
1703195100,75
1703196000,62
1703196900,61
1703197800,61
1703198700,54
1703199600,65
1703200500,82
1703201400,74
1703202300,67
1703203200,65
1703204100,64
1703205000,57
1703205900,57
1703206800,53
1703207700,74
1703208600,53
1703209500,61
1703210400,53
1703211300,87
1703212200,76
1703213100,99
1703214000,120
1703214900,133
1703215800,127
1703216700,72
1703217600,77
1703218500,81
1703219400,68
1703220300,69
1703221200,81
1703222100,90
1703223000,86
1703223900,90
1703224800,90
1703225700,163
1703226600,325
1703227500,244
1703228400,376
1703229300,408
1703230200,715
1703231100,699
1703232000,468
1703232900,526
1703233800,293
1703234700,245
1703235600,389
1703236500,202
1703237400,272
1703238300,105
1703239200,107
1703240100,110
1703241000,114
1703241900,103
1703242800,101
1703243700,168
1703244600,155
1703245500,156
1703246400,111
1703247300,118
1703248200,113
1703249100,129
1703250000,93
1703250900,94
1703251800,87
1703252700,105
1703253600,92
1703254500,100
1703255400,103
1703256300,110
1703257200,135
1703258100,182
1703259000,249
1703259900,257
1703260800,219
1703261700,214
1703262600,223
1703263500,227
1703264400,284
1703265300,217
1703266200,233
1703267100,242
1703268000,293
1703268900,888
1703269800,2799
1703270700,2829
1703271600,2801
1703272500,1690
1703273400,1466
1703274300,1238
1703275200,1087
1703276100,1300
1703277000,1135
1703277900,1155
1703278800,1120
1703279700,275
1703280600,240
1703281500,399
1703282400,378
1703283300,164
1703284200,153
1703285100,82
1703286000,76
1703286900,65
1703287800,75
1703288700,70
1703289600,59
1703290500,50
1703291400,59
1703292300,64
1703293200,64
1703294100,73
1703295000,107
1703295900,113
1703296800,91
1703297700,78
1703298600,51
1703299500,73
1703300400,51
1703301300,60
1703302200,70
1703303100,95
1703304000,73
1703304900,81
1703305800,80
1703306700,109
1703307600,83
1703308500,75
1703309400,157
1703310300,293
1703311200,255
1703312100,173
1703313000,295
1703313900,433
1703314800,868
1703315700,604
1703316600,159
1703317500,155
1703318400,124
1703319300,523
1703320200,341
1703321100,489
1703322000,795
1703322900,2266
1703323800,1855
1703324700,1492
1703325600,1194
1703326500,718
1703327400,157
1703328300,139
1703329200,148
1703330100,221
1703331000,192
1703331900,177
1703332800,149
1703333700,145
1703334600,135
1703335500,134
1703336400,164
1703337300,174
1703338200,161
1703339100,146
1703340000,157
1703340900,151
1703341800,180
1703342700,177
1703343600,331
1703344500,639
1703345400,331
1703346300,297
1703347200,286
1703348100,268
1703349000,273
1703349900,285
1703350800,556
1703351700,280
1703352600,492
1703353500,205
1703354400,200
1703355300,179
1703356200,210
1703357100,196
1703358000,220
1703358900,180
1703359800,174
1703360700,155
1703361600,180
1703362500,155
1703363400,80
1703364300,88
1703365200,81
1703366100,72
1703367000,50
1703367900,58
1703368800,45
1703369700,46
1703370600,45
1703371500,52
1703372400,48
1703373300,39
1703374200,47
1703375100,51
1703376000,109
1703376900,56
1703377800,65
1703378700,76
1703379600,86
1703380500,76
1703381400,82
1703382300,93
1703383200,82
1703384100,147
1703385000,98
1703385900,110
1703386800,76
1703387700,82
1703388600,46
1703389500,67
1703390400,47
1703391300,54
1703392200,45
1703393100,65
1703394000,87
1703394900,98
1703395800,114
1703396700,156
1703397600,304
1703398500,244
1703399400,111
1703400300,116
1703401200,102
1703402100,122
1703403000,106
1703403900,133
1703404800,591
1703405700,590
1703406600,153
1703407500,268
1703408400,205
1703409300,180
1703410200,575
1703411100,484
1703412000,251
1703412900,561
1703413800,194
1703414700,462
1703415600,181
1703416500,245
1703417400,149
1703418300,130
1703419200,154
1703420100,221
1703421000,134
1703421900,150
1703422800,199
1703423700,153
1703424600,138
1703425500,135
1703426400,302
1703427300,188
1703428200,217
1703429100,202
1703430000,278
1703430900,694
1703431800,807
1703432700,451
1703433600,322
1703434500,252
1703435400,267
1703436300,289
1703437200,231
1703438100,271
1703439000,255
1703439900,253
1703440800,238
1703441700,232
1703442600,222
1703443500,304
1703444400,170
1703445300,143
1703446200,147
1703447100,151
1703448000,156
1703448900,146
1703449800,104
1703450700,87
1703451600,87
1703452500,107
1703453400,68
1703454300,93
1703455200,108
1703456100,111
1703457000,81
1703457900,88
1703458800,93
1703459700,87
1703460600,74
1703461500,82
1703462400,88
1703463300,67
1703464200,59
1703465100,66
1703466000,76
1703466900,67
1703467800,63
1703468700,46
1703469600,57
1703470500,39
1703471400,45
1703472300,43
1703473200,88
1703474100,71
1703475000,76
1703475900,68
1703476800,78
1703477700,45
1703478600,46
1703479500,39
1703480400,47
1703481300,54
1703482200,54
1703483100,81
1703484000,88
1703484900,134
1703485800,174
1703486700,204
1703487600,611
1703488500,593
1703489400,414
1703490300,372
1703491200,415
1703492100,599
1703493000,747
1703493900,811
1703494800,492
1703495700,597
1703496600,882
1703497500,705
1703498400,515
1703499300,654
1703500200,714
1703501100,259
1703502000,195
1703502900,170
1703503800,167
1703504700,202
1703505600,186
1703506500,200
1703507400,190
1703508300,204
1703509200,193
1703510100,215
1703511000,458
1703511900,437
1703512800,624
1703513700,234
1703514600,232
1703515500,236
1703516400,262
1703517300,494
1703518200,409
1703519100,233
1703520000,209
1703520900,204
1703521800,206
1703522700,267
1703523600,263
1703524500,262
1703525400,272
1703526300,258
1703527200,270
1703528100,246
1703529000,310
1703529900,258
1703530800,545
1703531700,216
1703532600,207
1703533500,180
1703534400,178
1703535300,157
1703536200,175
1703537100,142
1703538000,164
1703538900,156
1703539800,129
1703540700,65
1703541600,45
1703542500,50
1703543400,46
1703544300,36
1703545200,43
1703546100,53
1703547000,41
1703547900,43
1703548800,40
1703549700,58
1703550600,39
1703551500,51
1703552400,57
1703553300,75
1703554200,55
1703555100,94
1703556000,86
1703556900,103
1703557800,74
1703558700,74
1703559600,45
1703560500,56
1703561400,56
1703562300,66
1703563200,74
1703564100,102
1703565000,110
1703565900,106
1703566800,116
1703567700,121
1703568600,82
1703569500,52
1703570400,55
1703571300,54
1703572200,58
1703573100,41
1703574000,73
1703574900,374
1703575800,444
1703576700,313
1703577600,178
1703578500,100
1703579400,92
1703580300,61
1703581200,54
1703582100,160
1703583000,408
1703583900,68
1703584800,247
1703585700,259
1703586600,153
1703587500,183
1703588400,178
1703589300,254
1703590200,196
1703591100,191
1703592000,167
1703592900,163
1703593800,179
1703594700,174
1703595600,165
1703596500,138
1703597400,182
1703598300,129
1703599200,118
1703600100,128
1703601000,126
1703601900,160
1703602800,189
1703603700,189
1703604600,188
1703605500,202
1703606400,195
1703607300,195
1703608200,182
1703609100,202
1703610000,224
1703610900,1202
1703611800,2852
1703612700,2863
1703613600,2336
1703614500,1567
1703615400,1460
1703616300,1195
1703617200,1133
1703618100,1420
1703619000,1034
1703619900,1092
1703620800,1155
1703621700,298
1703622600,251
1703623500,155
1703624400,184
1703625300,138
1703626200,128
1703627100,118
1703628000,115
1703628900,82
1703629800,66
1703630700,88
1703631600,67
1703632500,74
1703633400,66
1703634300,87
1703635200,67
1703636100,78
1703637000,81
1703637900,77
1703638800,61
1703639700,61
1703640600,68
1703641500,67
1703642400,67
1703643300,69
1703644200,88
1703645100,101
1703646000,110
1703646900,104
1703647800,116
1703648700,108
1703649600,110
1703650500,83
1703651400,63
1703652300,73
1703653200,38
1703654100,50
1703655000,78
1703655900,99
1703656800,76
1703657700,85
1703658600,72
1703659500,94
1703660400,60
1703661300,47
1703662200,60
1703663100,333
1703664000,579
1703664900,565
1703665800,477
1703666700,829
1703667600,821
1703668500,601
1703669400,376
1703670300,499
1703671200,585
1703672100,634
1703673000,659
1703673900,648
1703674800,176
1703675700,188
1703676600,188
1703677500,207
1703678400,301
1703679300,1284
1703680200,1353
1703681100,897
1703682000,203
1703682900,183
1703683800,204
1703684700,199
1703685600,316
1703686500,663
1703687400,883
1703688300,739
1703689200,702
1703690100,559
1703691000,222
1703691900,172
1703692800,221
1703693700,232
1703694600,260
1703695500,226
1703696400,223
1703697300,222
1703698200,230
1703699100,223
1703700000,219
1703700900,225
1703701800,251
1703702700,250
1703703600,302
1703704500,268
1703705400,219
1703706300,177
1703707200,187
1703708100,189
1703709000,190
1703709900,166
1703710800,119
1703711700,99
1703712600,86
1703713500,86
1703714400,90
1703715300,89
1703716200,78
1703717100,87
1703718000,93
1703718900,88
1703719800,81
1703720700,87
1703721600,76
1703722500,68
1703723400,61
1703724300,65
1703725200,78
1703726100,60
1703727000,70
1703727900,77
1703728800,100
1703729700,77
1703730600,87
1703731500,77
1703732400,97
1703733300,65
1703734200,68
1703735100,60
1703736000,77
1703736900,64
1703737800,80
1703738700,93
1703739600,122
1703740500,219
1703741400,176
1703742300,147
1703743200,205
1703744100,165
1703745000,107
1703745900,133
1703746800,107
1703747700,71
1703748600,77
1703749500,68
1703750400,81
1703751300,80
1703752200,93
1703753100,83
1703754000,86
1703754900,93
1703755800,95
1703756700,86
1703757600,125
1703758500,270
1703759400,185
1703760300,154
1703761200,143
1703762100,136
1703763000,139
1703763900,135
1703764800,167
1703765700,150
1703766600,265
1703767500,433
1703768400,292
1703769300,413
1703770200,191
1703771100,165
1703772000,153
1703772900,146
1703773800,261
1703774700,137
1703775600,140
1703776500,135
1703777400,152
1703778300,141
1703779200,190
1703780100,121
1703781000,184
1703781900,199
1703782800,530
1703783700,354
1703784600,500
1703785500,205
1703786400,210
1703787300,214
1703788200,234
1703789100,223
1703790000,210
1703790900,244
1703791800,252
1703792700,240
1703793600,242
1703794500,238
1703795400,257
1703796300,245
1703797200,223
1703798100,184
1703799000,133
1703799900,163
1703800800,97
1703801700,114
1703802600,75
1703803500,66
1703804400,61
1703805300,75
1703806200,71
1703807100,61
1703808000,76
1703808900,92
1703809800,86
1703810700,76
1703811600,83
1703812500,89
1703813400,81
1703814300,51
1703815200,60
1703816100,64
1703817000,61
1703817900,57
1703818800,58
1703819700,69
1703820600,51
1703821500,60
1703822400,59
1703823300,89
1703824200,55
1703825100,61
1703826000,78
1703826900,105
1703827800,84
1703828700,83
1703829600,76
1703830500,96
1703831400,70
1703832300,228
1703833200,75
1703834100,70
1703835000,68
1703835900,92
1703836800,113
1703837700,117
1703838600,211
1703839500,96
1703840400,150
1703841300,458
1703842200,562
1703843100,416
1703844000,88
1703844900,92
1703845800,147
1703846700,150
1703847600,372
1703848500,241
1703849400,366
1703850300,108
1703851200,72
1703852100,94
1703853000,107
1703853900,143
1703854800,288
1703855700,148
1703856600,131
1703857500,145
1703858400,130
1703859300,129
1703860200,149
1703861100,162
1703862000,181
1703862900,199
1703863800,215
1703864700,189
1703865600,220
1703866500,217
1703867400,264
1703868300,252
1703869200,252
1703870100,281
1703871000,293
1703871900,275
1703872800,280
1703873700,250
1703874600,235
1703875500,263
1703876400,267
1703877300,214
1703878200,167
1703879100,176
1703880000,205
1703880900,212
1703881800,194
1703882700,206
1703883600,196
1703884500,148
1703885400,85
1703886300,83
1703887200,95
1703888100,74
1703889000,77
1703889900,83
1703890800,79
1703891700,70
1703892600,78
1703893500,79
1703894400,77
1703895300,73
1703896200,74
1703897100,74
1703898000,56
1703898900,60
1703899800,58
1703900700,67
1703901600,53
1703902500,60
1703903400,61
1703904300,64
1703905200,68
1703906100,71
1703907000,83
1703907900,72
1703908800,87
1703909700,59
1703910600,85
1703911500,151
1703912400,325
1703913300,209
1703914200,103
1703915100,162
1703916000,467
1703916900,117
1703917800,101
1703918700,102
1703919600,52
1703920500,55
1703921400,53
1703922300,94
1703923200,114
1703924100,239
1703925000,146
1703925900,179
1703926800,130
1703927700,113
1703928600,96
1703929500,95
1703930400,83
1703931300,85
1703932200,108
1703933100,133
1703934000,254
1703934900,170
1703935800,156
1703936700,164
1703937600,162
1703938500,155
1703939400,123
1703940300,155
1703941200,150
1703942100,310
1703943000,251
1703943900,434
1703944800,108
1703945700,108
1703946600,85
1703947500,123
1703948400,171
1703949300,171
1703950200,204
1703951100,195
1703952000,228
1703952900,209
1703953800,213
1703954700,233
1703955600,225
1703956500,223
1703957400,277
1703958300,280
1703959200,290
1703960100,229
1703961000,246
1703961900,256
1703962800,209
1703963700,219
1703964600,216
1703965500,210
1703966400,244
1703967300,265
1703968200,242
1703969100,210
1703970000,211
1703970900,174
1703971800,177
1703972700,94
1703973600,94
1703974500,85
1703975400,116
1703976300,82
1703977200,68
1703978100,57
1703979000,73
1703979900,56
1703980800,56
1703981700,53
1703982600,59
1703983500,53
1703984400,48
1703985300,60
1703986200,57
1703987100,56
1703988000,43
1703988900,52
1703989800,48
1703990700,47
1703991600,39
1703992500,65
1703993400,70
1703994300,72
1703995200,77
1703996100,65
1703997000,73
1703997900,40
1703998800,128
1703999700,225
1704000600,167
1704001500,136
1704002400,86
1704003300,83
1704004200,87
1704005100,79
1704006000,49
1704006900,47
1704007800,49
1704008700,52
1704009600,39
1704010500,54
1704011400,68
1704012300,102
1704013200,85
1704014100,86
1704015000,85
1704015900,118
1704016800,93
1704017700,77
1704018600,306
1704019500,157
1704020400,677
1704021300,173
1704022200,338
1704023100,125
1704024000,120
1704024900,107
1704025800,98
1704026700,110
1704027600,281
1704028500,145
1704029400,129
1704030300,154
1704031200,648
1704032100,580
1704033000,577
1704033900,400
1704034800,235
1704035700,178
1704036600,267
1704037500,286
1704038400,277
1704039300,288
1704040200,154
1704041100,135
1704042000,128
1704042900,133
1704043800,228
1704044700,115
1704045600,131
1704046500,123
1704047400,154
1704048300,136
1704049200,143
1704050100,137
1704051000,125
1704051900,137
1704052800,116
1704053700,113
1704054600,101
1704055500,109
1704056400,116
1704057300,92
1704058200,108
1704059100,76
1704060000,100
1704060900,84
1704061800,88
1704062700,91
1704063600,95
1704064500,103
1704065400,92
1704066300,111
1704067200,117
1704068100,150
1704069000,188
1704069900,388
1704070800,196
1704071700,243
1704072600,419
1704073500,274
1704074400,235
1704075300,314
1704076200,156
1704077100,124
1704078000,151
1704078900,107
1704079800,95
1704080700,96
1704081600,84
1704082500,50
1704083400,58
1704084300,61
1704085200,62
1704086100,56
1704087000,82
1704087900,87
1704088800,85
1704089700,73
1704090600,76
1704091500,126
1704092400,66
1704093300,110
1704094200,108
1704095100,182
1704096000,78
1704096900,78
1704097800,413
1704098700,259
1704099600,213
1704100500,1050
1704101400,767
1704102300,330
1704103200,259
1704104100,156
1704105000,193
1704105900,165
1704106800,155
1704107700,135
1704108600,100
1704109500,101
1704110400,105
1704111300,104
1704112200,174
1704113100,226
1704114000,306
1704114900,191
1704115800,196
1704116700,183
1704117600,212
1704118500,267
1704119400,217
1704120300,202
1704121200,211
1704122100,185
1704123000,262
1704123900,325
1704124800,218
1704125700,229
1704126600,276
1704127500,561
1704128400,336
1704129300,460
1704130200,272
1704131100,287
1704132000,306
1704132900,312
1704133800,287
1704134700,318
1704135600,270
1704136500,222
1704137400,184
1704138300,185
1704139200,183
1704140100,151
1704141000,169
1704141900,146
1704142800,147
1704143700,97
1704144600,64
1704145500,89
1704146400,89
1704147300,99
1704148200,69
1704149100,112
1704150000,67
1704150900,70
1704151800,59
1704152700,53
1704153600,51
1704154500,48
1704155400,41
1704156300,50
1704157200,49
1704158100,43
1704159000,42
1704159900,47
1704160800,51
1704161700,38
1704162600,46
1704163500,66
1704164400,63
1704165300,55
1704166200,62
1704167100,84
1704168000,51
1704168900,139
1704169800,84
1704170700,72
1704171600,56
1704172500,63
1704173400,55
1704174300,71
1704175200,48
1704176100,56
1704177000,71
1704177900,255
1704178800,359
1704179700,210
1704180600,77
1704181500,71
1704182400,66
1704183300,74
1704184200,253
1704185100,194
1704186000,1127
1704186900,2637
1704187800,1260
1704188700,656
1704189600,466
1704190500,148
1704191400,146
1704192300,179
1704193200,163
1704194100,171
1704195000,198
1704195900,191
1704196800,186
1704197700,196
1704198600,186
1704199500,185
1704200400,175
1704201300,197
1704202200,536
1704203100,850
1704204000,798
1704204900,718
1704205800,158
1704206700,124
1704207600,125
1704208500,118
1704209400,183
1704210300,172
1704211200,255
1704212100,2241
1704213000,2861
1704213900,2633
1704214800,1440
1704215700,1197
1704216600,1357
1704217500,1204
1704218400,1262
1704219300,1178
1704220200,981
1704221100,281
1704222000,213
1704222900,250
1704223800,229
1704224700,199
1704225600,214
1704226500,173
1704227400,161
1704228300,109
1704229200,87
1704230100,60
1704231000,54
1704231900,46
1704232800,50
1704233700,41
1704234600,62
1704235500,41
1704236400,49
1704237300,52
1704238200,52
1704239100,41
1704240000,47
1704240900,54
1704241800,46
1704242700,46
1704243600,46
1704244500,72
1704245400,58
1704246300,64
1704247200,133
1704248100,68
1704249000,60
1704249900,58
1704250800,71
1704251700,58
1704252600,54
1704253500,54
1704254400,70
1704255300,52
1704256200,127
1704257100,94
1704258000,114
1704258900,93
1704259800,150
1704260700,261
1704261600,159
1704262500,143
1704263400,174
1704264300,129
1704265200,355
1704266100,691
1704267000,423
1704267900,367
1704268800,186
1704269700,100
1704270600,92
1704271500,103
1704272400,164
1704273300,308
1704274200,1148
1704275100,427
1704276000,192
1704276900,154
1704277800,166
1704278700,201
1704279600,923
1704280500,742
1704281400,935
1704282300,375
1704283200,132
1704284100,120
1704285000,158
1704285900,202
1704286800,145
1704287700,236
1704288600,139
1704289500,163
1704290400,169
1704291300,431
1704292200,1272
1704293100,949
1704294000,832
1704294900,912
1704295800,357
1704296700,348
1704297600,250
1704298500,217
1704299400,184
1704300300,739
1704301200,259
1704302100,191
1704303000,134
1704303900,138
1704304800,188
1704305700,194
1704306600,182
1704307500,159
1704308400,172
1704309300,164
1704310200,193
1704311100,177
1704312000,183
1704312900,182
1704313800,177
1704314700,145
1704315600,131
1704316500,104
1704317400,111
1704318300,74
1704319200,76
1704320100,110
1704321000,80
1704321900,59
1704322800,37
1704323700,57
1704324600,37
1704325500,45
1704326400,42
1704327300,52
1704328200,47
1704329100,62
1704330000,65
1704330900,59
1704331800,55
1704332700,39
1704333600,57
1704334500,38
1704335400,45
1704336300,40
1704337200,56
1704338100,40
1704339000,54
1704339900,55
1704340800,67
1704341700,54
1704342600,49
1704343500,50
1704344400,59
1704345300,74
1704346200,82
1704347100,254
1704348000,126
1704348900,302
1704349800,174
1704350700,216
1704351600,107
1704352500,89
1704353400,43
1704354300,62
1704355200,74
1704356100,68
1704357000,74
1704357900,75
1704358800,79
1704359700,51
1704360600,46
1704361500,46
1704362400,50
1704363300,44
1704364200,77
1704365100,217
1704366000,149
1704366900,171
1704367800,793
1704368700,213
1704369600,448
1704370500,87
1704371400,115
1704372300,417
1704373200,686
1704374100,465
1704375000,144
1704375900,118
1704376800,145
1704377700,310
1704378600,381
1704379500,124
1704380400,151
1704381300,185
1704382200,251
1704383100,303
1704384000,296
1704384900,255
1704385800,246
1704386700,234
1704387600,209
1704388500,243
1704389400,246
1704390300,306
1704391200,330
1704392100,309
1704393000,283
1704393900,261
1704394800,138
1704395700,132
1704396600,187
1704397500,220
1704398400,226
1704399300,198
1704400200,211
1704401100,205
1704402000,172
1704402900,155
1704403800,171
1704404700,125
1704405600,118
1704406500,89
1704407400,74
1704408300,64
1704409200,63
1704410100,93
1704411000,73
1704411900,70
1704412800,65
1704413700,87
1704414600,60
1704415500,63
1704416400,53
1704417300,65
1704418200,62
1704419100,58
1704420000,75
1704420900,44
1704421800,47
1704422700,41
1704423600,64
1704424500,43
1704425400,49
1704426300,42
1704427200,59
1704428100,54
1704429000,59
1704429900,79
1704430800,84
1704431700,78
1704432600,75
1704433500,81
1704434400,274
1704435300,160
1704436200,221
1704437100,216
1704438000,167
1704438900,81
1704439800,88
1704440700,77
1704441600,101
1704442500,75
1704443400,78
1704444300,49
1704445200,68
1704446100,48
1704447000,54
1704447900,137
1704448800,386
1704449700,152
1704450600,128
1704451500,93
1704452400,99
1704453300,95
1704454200,137
1704455100,118
1704456000,103
1704456900,99
1704457800,90
1704458700,118
1704459600,344
1704460500,292
1704461400,134
1704462300,167
1704463200,190
1704464100,146
1704465000,144
1704465900,152
1704466800,149
1704467700,156
1704468600,200
1704469500,233
1704470400,226
1704471300,333
1704472200,257
1704473100,288
1704474000,303
1704474900,798
1704475800,322
1704476700,354
1704477600,162
1704478500,157
1704479400,168
1704480300,146
1704481200,153
1704482100,145
1704483000,147
1704483900,139
1704484800,140
1704485700,149
1704486600,143
1704487500,145
1704488400,172
1704489300,129
1704490200,110
1704491100,103
1704492000,107
1704492900,91
1704493800,75
1704494700,58
1704495600,47
1704496500,35
1704497400,47
1704498300,47
1704499200,45
1704500100,37
1704501000,57
1704501900,38
1704502800,45
1704503700,39
1704504600,58
1704505500,39
1704506400,63
1704507300,62
1704508200,75
1704509100,104
1704510000,60
1704510900,65
1704511800,59
1704512700,51
1704513600,59
1704514500,78
1704515400,88
1704516300,84
1704517200,105
1704518100,115
1704519000,166
1704519900,98
1704520800,99
1704521700,80
1704522600,88
1704523500,81
1704524400,108
1704525300,120
1704526200,183
1704527100,139
1704528000,181
1704528900,75
1704529800,70
1704530700,61
1704531600,72
1704532500,73
1704533400,69
1704534300,311
1704535200,257
1704536100,143
1704537000,140
1704537900,160
1704538800,175
1704539700,151
1704540600,171
1704541500,98
1704542400,99
1704543300,101
1704544200,97
1704545100,117
1704546000,134
1704546900,143
1704547800,138
1704548700,369
1704549600,731
1704550500,527
1704551400,204
1704552300,194
1704553200,189
1704554100,594
1704555000,210
1704555900,235
1704556800,784
1704557700,328
1704558600,559
1704559500,239
1704560400,219
1704561300,225
1704562200,217
1704563100,194
1704564000,218
1704564900,204
1704565800,230
1704566700,184
1704567600,335
1704568500,152
1704569400,181
1704570300,172
1704571200,189
1704572100,161
1704573000,155
1704573900,154
1704574800,142
1704575700,102
1704576600,81
1704577500,86
1704578400,83
1704579300,73
1704580200,83
1704581100,40
1704582000,46
1704582900,38
1704583800,56
1704584700,40
1704585600,43
1704586500,89
1704587400,91
1704588300,88
1704589200,77
1704590100,84
1704591000,69
1704591900,73
1704592800,53
1704593700,59
1704594600,38
1704595500,46
1704596400,57
1704597300,90
1704598200,64
1704599100,74
1704600000,68
1704600900,85
1704601800,93
1704602700,109
1704603600,364
1704604500,174
1704605400,158
1704606300,156
1704607200,135
1704608100,101
1704609000,85
1704609900,75
1704610800,84
1704611700,60
1704612600,55
1704613500,45
1704614400,54
1704615300,60
1704616200,53
1704617100,77
1704618000,86
1704618900,108
1704619800,92
1704620700,97
1704621600,77
1704622500,84
1704623400,64
1704624300,97
1704625200,156
1704626100,160
1704627000,91
1704627900,178
1704628800,190
1704629700,202
1704630600,160
1704631500,164
1704632400,177
1704633300,153
1704634200,122
1704635100,107
1704636000,134
1704636900,177
1704637800,141
1704638700,189
1704639600,157
1704640500,192
1704641400,344
1704642300,303
1704643200,358
1704644100,316
1704645000,345
1704645900,301
1704646800,325
1704647700,310
1704648600,294
1704649500,245
1704650400,208
1704651300,295
1704652200,326
1704653100,401
1704654000,328
1704654900,204
1704655800,187
1704656700,229
1704657600,214
1704658500,246
1704659400,214
1704660300,195
1704661200,162
1704662100,133
1704663000,120
1704663900,105
1704664800,168
1704665700,83
1704666600,94
1704667500,105
1704668400,124
1704669300,115
1704670200,84
1704671100,64
1704672000,82
1704672900,54
1704673800,43
1704674700,41
1704675600,52
1704676500,70
1704677400,67
1704678300,72
1704679200,82
1704680100,70
1704681000,67
1704681900,72
1704682800,78
1704683700,84
1704684600,82
1704685500,82
1704686400,88
1704687300,63
1704688200,110
1704689100,86
1704690000,128
1704690900,249
1704691800,142
1704692700,245
1704693600,188
1704694500,214
1704695400,388
1704696300,309
1704697200,543
1704698100,923
1704699000,462
1704699900,313
1704700800,205
1704701700,104
1704702600,87
1704703500,104
1704704400,105
1704705300,151
1704706200,136
1704707100,140
1704708000,215
1704708900,154
1704709800,209
1704710700,328
1704711600,195
1704712500,181
1704713400,163
1704714300,120
1704715200,102
1704716100,80
1704717000,101
1704717900,187
1704718800,712
1704719700,204
1704720600,137
1704721500,154
1704722400,141
1704723300,179
1704724200,294
1704725100,313
1704726000,276
1704726900,264
1704727800,195
1704728700,419
1704729600,105
1704730500,146
1704731400,174
1704732300,326
1704733200,118
1704734100,119
1704735000,126
1704735900,119
1704736800,178
1704737700,254
1704738600,291
1704739500,341
1704740400,493
1704741300,261
1704742200,223
1704743100,201
1704744000,371
1704744900,229
1704745800,214
1704746700,177
1704747600,138
1704748500,112
1704749400,94
1704750300,90
1704751200,68
1704752100,69
1704753000,66
1704753900,72
1704754800,90
1704755700,79
1704756600,100
1704757500,81
1704758400,86
1704759300,80
1704760200,66
1704761100,52
1704762000,54
1704762900,77
1704763800,81
1704764700,90
1704765600,95
1704766500,116
1704767400,98
1704768300,85
1704769200,81
1704770100,99
1704771000,79
1704771900,85
1704772800,81
1704773700,100
1704774600,132
1704775500,87
1704776400,75
1704777300,79
1704778200,82
1704779100,79
1704780000,88
1704780900,266
1704781800,177
1704782700,217
1704783600,123
1704784500,157
1704785400,329
1704786300,135
1704787200,211
1704788100,224
1704789000,223
1704789900,241
1704790800,207
1704791700,240
1704792600,218
1704793500,176
1704794400,179
1704795300,231
1704796200,131
1704797100,93
1704798000,122
1704798900,115
1704799800,92
1704800700,105
1704801600,149
1704802500,230
1704803400,239
1704804300,213
1704805200,96
1704806100,247
1704807000,326
1704807900,115
1704808800,86
1704809700,107
1704810600,90
1704811500,275
1704812400,169
1704813300,242
1704814200,269
1704815100,171
1704816000,147
1704816900,357
1704817800,726
1704818700,429
1704819600,409
1704820500,233
1704821400,157
1704822300,190
1704823200,178
1704824100,150
1704825000,196
1704825900,305
1704826800,144
1704827700,144
1704828600,123
1704829500,122
1704830400,149
1704831300,150
1704832200,140
1704833100,137
1704834000,124
1704834900,300
1704835800,217
1704836700,97
1704837600,108
1704838500,128
1704839400,67
1704840300,47
1704841200,48
1704842100,36
1704843000,71
1704843900,78
1704844800,67
1704845700,68
1704846600,54
1704847500,74
1704848400,45
1704849300,45
1704850200,71
1704851100,165
1704852000,142
1704852900,136
1704853800,139
1704854700,125
1704855600,67
1704856500,37
1704857400,44
1704858300,50
1704859200,73
1704860100,64
1704861000,71
1704861900,91
1704862800,74
1704863700,62
1704864600,38
1704865500,487
1704866400,2830
1704867300,2855
1704868200,2621
1704869100,1364
1704870000,1234
1704870900,1543
1704871800,1552
1704872700,1222
1704873600,981
1704874500,969
1704875400,1097
1704876300,568
1704877200,140
1704878100,90
1704879000,259
1704879900,502
1704880800,148
1704881700,122
1704882600,175
1704883500,615
1704884400,276
1704885300,331
1704886200,158
1704887100,118
1704888000,143
1704888900,126
1704889800,123
1704890700,115
1704891600,140
1704892500,137
1704893400,127
1704894300,146
1704895200,140
1704896100,152
1704897000,165
1704897900,183
1704898800,260
1704899700,618
1704900600,195
1704901500,185
1704902400,251
1704903300,155
1704904200,153
1704905100,222
1704906000,162
1704906900,177
1704907800,221
1704908700,233
1704909600,231
1704910500,263
1704911400,217
1704912300,241
1704913200,290
1704914100,192
1704915000,253
1704915900,201
1704916800,214
1704917700,307
1704918600,343
1704919500,233
1704920400,113
1704921300,113
1704922200,106
1704923100,79
1704924000,66
1704924900,39
1704925800,54
1704926700,35
1704927600,44
1704928500,41
1704929400,52
1704930300,36
1704931200,59
1704932100,60
1704933000,64
1704933900,40
1704934800,43
1704935700,59
1704936600,76
1704937500,62
1704938400,55
1704939300,72
1704940200,61
1704941100,65
1704942000,55
1704942900,71
1704943800,61
1704944700,73
1704945600,65
1704946500,81
1704947400,108
1704948300,81
1704949200,233
1704950100,235
1704951000,394
1704951900,109
1704952800,86
1704953700,94
1704954600,667
1704955500,214
1704956400,216
1704957300,237
1704958200,464
1704959100,546
1704960000,215
1704960900,381
1704961800,558
1704962700,394
1704963600,275
1704964500,366
1704965400,714
1704966300,673
1704967200,207
1704968100,614
1704969000,491
1704969900,591
1704970800,187
1704971700,182
1704972600,176
1704973500,659
1704974400,643
1704975300,657
1704976200,358
1704977100,108
1704978000,118
1704978900,109
1704979800,135
1704980700,80
1704981600,89
1704982500,848
1704983400,1111
1704984300,1110
1704985200,780
1704986100,552
1704987000,183
1704987900,187
1704988800,470
1704989700,804
1704990600,766
1704991500,399
1704992400,179
1704993300,190
1704994200,206
1704995100,217
1704996000,217
1704996900,189
1704997800,240
1704998700,231
1704999600,233
1705000500,256
1705001400,445
1705002300,591
1705003200,455
1705004100,264
1705005000,199
1705005900,177
1705006800,172
1705007700,154
1705008600,110
1705009500,103
1705010400,99
1705011300,104
1705012200,88
1705013100,90
1705014000,90
1705014900,102
1705015800,99
1705016700,85
1705017600,80
1705018500,82
1705019400,80
1705020300,71
1705021200,83
1705022100,87
1705023000,78
1705023900,71
1705024800,84
1705025700,100
1705026600,102
1705027500,106
1705028400,106
1705029300,114
1705030200,105
1705031100,94
1705032000,94
1705032900,84
1705033800,83
1705034700,107
1705035600,101
1705036500,193
1705037400,149
1705038300,234
1705039200,311
1705040100,152
1705041000,107
1705041900,482
1705042800,325
1705043700,114
1705044600,151
1705045500,134
1705046400,136
1705047300,156
1705048200,141
1705049100,198
1705050000,181
1705050900,273
1705051800,307
1705052700,362
1705053600,133
1705054500,172
1705055400,203
1705056300,175
1705057200,123
1705058100,111
1705059000,100
1705059900,107
1705060800,106
1705061700,104
1705062600,87
1705063500,92
1705064400,102
1705065300,96
1705066200,105
1705067100,99
1705068000,117
1705068900,98
1705069800,106
1705070700,106
1705071600,136
1705072500,117
1705073400,130
1705074300,172
1705075200,214
1705076100,210
1705077000,190
1705077900,229
1705078800,194
1705079700,191
1705080600,244
1705081500,222
1705082400,189
1705083300,197
1705084200,180
1705085100,201
1705086000,178
1705086900,249
1705087800,265
1705088700,244
1705089600,716
1705090500,416
1705091400,229
1705092300,177
1705093200,170
1705094100,117
1705095000,101
1705095900,91
1705096800,97
1705097700,83
1705098600,83
1705099500,57
1705100400,64
1705101300,66
1705102200,68
1705103100,57
1705104000,65
1705104900,71
1705105800,66
1705106700,58
1705107600,65
1705108500,70
1705109400,63
1705110300,49
1705111200,72
1705112100,104
1705113000,99
1705113900,100
1705114800,97
1705115700,98
1705116600,51
1705117500,55
1705118400,62
1705119300,79
1705120200,73
1705121100,119
1705122000,150
1705122900,232
1705123800,207
1705124700,286
1705125600,127
1705126500,207
1705127400,155
1705128300,243
1705129200,319
1705130100,601
1705131000,251
1705131900,326
1705132800,111
1705133700,84
1705134600,77
1705135500,59
1705136400,67
1705137300,63
1705138200,77
1705139100,59
1705140000,63
1705140900,79
1705141800,105
1705142700,100
1705143600,93
1705144500,90
1705145400,217
1705146300,737
1705147200,104
1705148100,131
1705149000,124
1705149900,174
1705150800,155
1705151700,123
1705152600,95
1705153500,85
1705154400,80
1705155300,99
1705156200,109
1705157100,94
1705158000,99
1705158900,96
1705159800,98
1705160700,79
1705161600,86
1705162500,101
1705163400,147
1705164300,150
1705165200,113
1705166100,102
1705167000,121
1705167900,137
1705168800,173
1705169700,144
1705170600,173
1705171500,177
1705172400,149
1705173300,170
1705174200,189
1705175100,217
1705176000,224
1705176900,176
1705177800,155
1705178700,167
1705179600,119
1705180500,113
1705181400,86
1705182300,94
1705183200,111
1705184100,80
1705185000,77
1705185900,74
1705186800,62
1705187700,52
1705188600,61
1705189500,60
1705190400,91
1705191300,83
1705192200,78
1705193100,93
1705194000,68
1705194900,60
1705195800,53
1705196700,60
1705197600,67
1705198500,75
1705199400,95
1705200300,98
1705201200,111
1705202100,96
1705203000,87
1705203900,69
1705204800,62
1705205700,63
1705206600,58
1705207500,79
1705208400,87
1705209300,92
1705210200,137
1705211100,115
1705212000,350
1705212900,237
1705213800,171
1705214700,137
1705215600,371
1705216500,108
1705217400,97
1705218300,226
1705219200,611
1705220100,590
1705221000,99
1705221900,130
1705222800,152
1705223700,121
1705224600,133
1705225500,707
1705226400,635
1705227300,153
1705228200,571
1705229100,202
1705230000,785
1705230900,734
1705231800,788
1705232700,455
1705233600,141
1705234500,97
1705235400,81
1705236300,101
1705237200,121
1705238100,93
1705239000,85
1705239900,101
1705240800,87
1705241700,94
1705242600,100
1705243500,120
1705244400,110
1705245300,122
1705246200,130
1705247100,504
1705248000,291
1705248900,187
1705249800,200
1705250700,173
1705251600,147
1705252500,126
1705253400,152
1705254300,164
1705255200,162
1705256100,115
1705257000,131
1705257900,217
1705258800,245
1705259700,206
1705260600,153
1705261500,156
1705262400,191
1705263300,216
1705264200,182
1705265100,168
1705266000,139
1705266900,156
1705267800,118
1705268700,95
1705269600,72
1705270500,88
1705271400,75
1705272300,508
1705273200,324
1705274100,82
1705275000,72
1705275900,47
1705276800,58
1705277700,49
1705278600,51
1705279500,45
1705280400,59
1705281300,48
1705282200,51
1705283100,38
1705284000,54
1705284900,45
1705285800,41
1705286700,44
1705287600,47
1705288500,69
1705289400,61
1705290300,107
1705291200,88
1705292100,95
1705293000,67
1705293900,285
1705294800,317
1705295700,91
1705296600,134
1705297500,136
1705298400,123
1705299300,131
1705300200,141
1705301100,280
1705302000,200
1705302900,262
1705303800,202
1705304700,138
1705305600,103
1705306500,97
1705307400,89
1705308300,71
1705309200,86
1705310100,108
1705311000,115
1705311900,99
1705312800,168
1705313700,210
1705314600,129
1705315500,123
1705316400,692
1705317300,229
1705318200,132
1705319100,151
1705320000,165
1705320900,164
1705321800,149
1705322700,119
1705323600,138
1705324500,536
1705325400,285
1705326300,511
1705327200,142
1705328100,122
1705329000,130
1705329900,161
1705330800,192
1705331700,263
1705332600,168
1705333500,177
1705334400,187
1705335300,216
1705336200,319
1705337100,204
1705338000,165
1705338900,180
1705339800,188
1705340700,214
1705341600,222
1705342500,253
1705343400,296
1705344300,494
1705345200,322
1705346100,237
1705347000,212
1705347900,211
1705348800,206
1705349700,199
1705350600,176
1705351500,176
1705352400,193
1705353300,202
1705354200,152
1705355100,140
1705356000,129
1705356900,113
1705357800,101
1705358700,85
1705359600,93
1705360500,88
1705361400,83
1705362300,60
1705363200,56
1705364100,48
1705365000,54
1705365900,61
1705366800,53
1705367700,68
1705368600,82
1705369500,86
1705370400,76
1705371300,73
1705372200,48
1705373100,61
1705374000,64
1705374900,86
1705375800,102
1705376700,119
1705377600,102
1705378500,103
1705379400,211
1705380300,102
1705381200,72
1705382100,63
1705383000,62
1705383900,99
1705384800,228
1705385700,314
1705386600,173
1705387500,149
1705388400,158
1705389300,588
1705390200,242
1705391100,129
1705392000,114
1705392900,131
1705393800,102
1705394700,398
1705395600,597
1705396500,902
1705397400,579
1705398300,230
1705399200,166
1705400100,212
1705401000,326
1705401900,191
1705402800,228
1705403700,798
1705404600,713
1705405500,237
1705406400,201
1705407300,114
1705408200,115
1705409100,136
1705410000,110
1705410900,381
1705411800,124
1705412700,147
1705413600,223
1705414500,236
1705415400,258
1705416300,226
1705417200,278
1705418100,317
1705419000,200
1705419900,165
1705420800,256
1705421700,298
1705422600,359
1705423500,380
1705424400,261
1705425300,209
1705426200,244
1705427100,257
1705428000,201
1705428900,250
1705429800,179
1705430700,205
1705431600,339
1705432500,187
1705433400,170
1705434300,171
1705435200,179
1705436100,310
1705437000,285
1705437900,199
1705438800,164
1705439700,132
1705440600,125
1705441500,99
1705442400,85
1705443300,51
1705444200,41
1705445100,44
1705446000,38
1705446900,57
1705447800,39
1705448700,45
1705449600,45
1705450500,51
1705451400,47
1705452300,63
1705453200,67
1705454100,57
1705455000,51
1705455900,68
1705456800,98
1705457700,68
1705458600,79
1705459500,65
1705460400,56
1705461300,39
1705462200,64
1705463100,64
1705464000,70
1705464900,87
1705465800,82
1705466700,93
1705467600,80
1705468500,60
1705469400,52
1705470300,66
1705471200,59
1705472100,85
1705473000,101
1705473900,98
1705474800,109
1705475700,121
1705476600,147
1705477500,106
1705478400,187
1705479300,168
1705480200,643
1705481100,405
1705482000,1043
1705482900,626
1705483800,691
1705484700,296
1705485600,172
1705486500,174
1705487400,139
1705488300,147
1705489200,239
1705490100,559
1705491000,214
1705491900,535
1705492800,128
1705493700,124
1705494600,136
1705495500,224
1705496400,433
1705497300,168
1705498200,175
1705499100,157
1705500000,175
1705500900,525
1705501800,753
1705502700,266
1705503600,263
1705504500,831
1705505400,1092
1705506300,700
1705507200,327
1705508100,244
1705509000,290
1705509900,220
1705510800,304
1705511700,294
1705512600,263
1705513500,295
1705514400,291
1705515300,279
1705516200,257
1705517100,262
1705518000,260
1705518900,273
1705519800,224
1705520700,196
1705521600,191
1705522500,156
1705523400,167
1705524300,185
1705525200,243
1705526100,95
1705527000,67
1705527900,68
1705528800,71
1705529700,71
1705530600,57
1705531500,64
1705532400,69
1705533300,65
1705534200,56
1705535100,67
1705536000,129
1705536900,77
1705537800,68
1705538700,73
1705539600,68
1705540500,48
1705541400,57
1705542300,62
1705543200,61
1705544100,56
1705545000,89
1705545900,127
1705546800,106
1705547700,106
1705548600,101
1705549500,113
1705550400,78
1705551300,83
1705552200,75
1705553100,86
1705554000,57
1705554900,63
1705555800,79
1705556700,168
1705557600,337
1705558500,628
1705559400,907
1705560300,980
1705561200,690
1705562100,501
1705563000,422
1705563900,511
1705564800,457
1705565700,209
1705566600,154
1705567500,563
1705568400,240
1705569300,325
1705570200,705
1705571100,805
1705572000,419
1705572900,199
1705573800,234
1705574700,226
1705575600,143
1705576500,222
1705577400,266
1705578300,187
1705579200,527
1705580100,200
1705581000,573
1705581900,195
1705582800,175
1705583700,187
1705584600,197
1705585500,224
1705586400,207
1705587300,197
1705588200,190
1705589100,184
1705590000,269
1705590900,172
1705591800,511
1705592700,298
1705593600,299
1705594500,239
1705595400,192
1705596300,188
1705597200,152
1705598100,284
1705599000,235
1705599900,276
1705600800,341
1705601700,265
1705602600,273
1705603500,295
1705604400,249
1705605300,245
1705606200,216
1705607100,197
1705608000,191
1705608900,128
1705609800,131
1705610700,140
1705611600,116
1705612500,104
1705613400,48
1705614300,46
1705615200,57
1705616100,106
1705617000,92
1705617900,102
1705618800,59
1705619700,74
1705620600,56
1705621500,64
1705622400,49
1705623300,101
1705624200,79
1705625100,87
1705626000,76
1705626900,98
1705627800,75
1705628700,47
1705629600,50
1705630500,108
1705631400,83
1705632300,84
1705633200,65
1705634100,72
1705635000,39
1705635900,48
1705636800,37
1705637700,75
1705638600,72
1705639500,85
1705640400,64
1705641300,85
1705642200,68
1705643100,105
1705644000,241
1705644900,267
1705645800,248
1705646700,357
1705647600,178
1705648500,141
1705649400,136
1705650300,119
1705651200,112
1705652100,84
1705653000,99
1705653900,86
1705654800,86
1705655700,78
1705656600,94
1705657500,115
1705658400,110
1705659300,118
1705660200,137
1705661100,350
1705662000,343
1705662900,443
1705663800,246
1705664700,169
1705665600,529
1705666500,168
1705667400,456
1705668300,133
1705669200,122
1705670100,127
1705671000,158
1705671900,184
1705672800,181
1705673700,165
1705674600,155
1705675500,163
1705676400,157
1705677300,159
1705678200,177
1705679100,153
1705680000,132
1705680900,137
1705681800,212
1705682700,183
1705683600,166
1705684500,997
1705685400,2712
1705686300,2743
1705687200,2607
1705688100,1364
1705689000,1255
1705689900,1218
1705690800,1316
1705691700,1303
1705692600,1218
1705693500,200
1705694400,150
1705695300,183
1705696200,172
1705697100,217
1705698000,210
1705698900,167
1705699800,131
1705700700,131
1705701600,119
1705702500,109
1705703400,62
1705704300,46
1705705200,64
1705706100,53
1705707000,44
1705707900,53
1705708800,64
1705709700,42
1705710600,52
1705711500,54
1705712400,54
1705713300,50
1705714200,51
1705715100,48
1705716000,59
1705716900,47
1705717800,38
1705718700,61
1705719600,65
1705720500,52
1705721400,57
1705722300,61
1705723200,66
1705724100,64
1705725000,145
1705725900,224
1705726800,350
1705727700,176
1705728600,411
1705729500,128
1705730400,358
1705731300,240
1705732200,221
1705733100,649
1705734000,713
1705734900,730
1705735800,499
1705736700,175
1705737600,145
1705738500,119
1705739400,160
1705740300,946
1705741200,875
1705742100,1181
1705743000,873
1705743900,717
1705744800,950
1705745700,406
1705746600,144
1705747500,170
1705748400,187
1705749300,181
1705750200,167
1705751100,419
1705752000,512
1705752900,277
1705753800,403
1705754700,142
1705755600,218
1705756500,184
1705757400,173
1705758300,169
1705759200,139
1705760100,100
1705761000,204
1705761900,234
1705762800,187
1705763700,104
1705764600,82
1705765500,88
1705766400,66
1705767300,73
1705768200,70
1705769100,131
1705770000,170
1705770900,185
1705771800,241
1705772700,252
1705773600,262
1705774500,227
1705775400,278
1705776300,267
1705777200,259
1705778100,240
1705779000,193
1705779900,197
1705780800,169
1705781700,160
1705782600,133
1705783500,200
1705784400,197
1705785300,167
1705786200,133
1705787100,84
1705788000,54
1705788900,43
1705789800,36
1705790700,57
1705791600,36
1705792500,44
1705793400,41
1705794300,52
1705795200,46
1705796100,36
1705797000,52
1705797900,47
1705798800,61
1705799700,59
1705800600,60
1705801500,46
1705802400,38
1705803300,46
1705804200,49
1705805100,45
1705806000,44
1705806900,39
1705807800,73
1705808700,50
1705809600,83
1705810500,60
1705811400,120
1705812300,131
1705813200,115
1705814100,118
1705815000,227
1705815900,245
1705816800,97
1705817700,75
1705818600,133
1705819500,111
1705820400,115
1705821300,106
1705822200,124
1705823100,137
1705824000,85
1705824900,111
1705825800,613
1705826700,379
1705827600,255
1705828500,389
1705829400,318
1705830300,424
1705831200,304
1705832100,499
1705833000,150
1705833900,126
1705834800,158
1705835700,920
1705836600,492
1705837500,383
1705838400,103
1705839300,103
1705840200,96
1705841100,146
1705842000,110
1705842900,104
1705843800,105
1705844700,137
1705845600,110
1705846500,115
1705847400,151
1705848300,144
1705849200,123
1705850100,306
1705851000,193
1705851900,119
1705852800,108
1705853700,143
1705854600,182
1705855500,154
1705856400,180
1705857300,141
1705858200,178
1705859100,281
1705860000,259
1705860900,221
1705861800,215
1705862700,233
1705863600,228
1705864500,170
1705865400,165
1705866300,142
1705867200,149
1705868100,118
1705869000,109
1705869900,117
1705870800,130
1705871700,158
1705872600,105
1705873500,113
1705874400,85
1705875300,71
1705876200,50
1705877100,80
1705878000,62
1705878900,54
1705879800,65
1705880700,48
1705881600,52
1705882500,45
1705883400,64
1705884300,42
1705885200,48
1705886100,60
1705887000,76
1705887900,63
1705888800,50
1705889700,53
1705890600,51
1705891500,48
1705892400,41
1705893300,57
1705894200,47
1705895100,72
1705896000,67
1705896900,83
1705897800,73
1705898700,87
1705899600,192
1705900500,325
1705901400,178
1705902300,175
1705903200,178
1705904100,210
1705905000,297
1705905900,177
1705906800,179
1705907700,179
1705908600,511
1705909500,259
1705910400,594
1705911300,153
1705912200,214
1705913100,438
1705914000,116
1705914900,120
1705915800,104
1705916700,114
1705917600,382
1705918500,159
1705919400,111
1705920300,98
1705921200,99
1705922100,106
1705923000,104
1705923900,109
1705924800,98
1705925700,141
1705926600,151
1705927500,482
1705928400,399
1705929300,182
1705930200,177
1705931100,171
1705932000,598
1705932900,695
1705933800,518
1705934700,206
1705935600,162
1705936500,195
1705937400,252
1705938300,472
1705939200,714
1705940100,797
1705941000,714
1705941900,736
1705942800,733
1705943700,717
1705944600,1075
1705945500,2620
1705946400,2493
1705947300,2523
1705948200,1262
1705949100,1258
1705950000,533
1705950900,1796
1705951800,1270
1705952700,1237
1705953600,1395
1705954500,245
1705955400,256
1705956300,205
1705957200,199
1705958100,156
1705959000,157
1705959900,118
1705960800,105
1705961700,100
1705962600,76
1705963500,58
1705964400,52
1705965300,70
1705966200,51
1705967100,60
1705968000,56
1705968900,68
1705969800,52
1705970700,60
1705971600,63
1705972500,61
1705973400,64
1705974300,75
1705975200,84
1705976100,57
1705977000,70
1705977900,51
1705978800,67
1705979700,49
1705980600,58
1705981500,66
1705982400,65
1705983300,75
1705984200,94
1705985100,124
1705986000,133
1705986900,104
1705987800,119
1705988700,121
1705989600,216
1705990500,179
1705991400,236
1705992300,147
1705993200,138
1705994100,174
1705995000,143
1705995900,114
1705996800,117
1705997700,136
1705998600,121
1705999500,149
1706000400,121
1706001300,105
1706002200,172
1706003100,133
1706004000,174
1706004900,127
1706005800,290
1706006700,117
1706007600,410
1706008500,618
1706009400,201
1706010300,246
1706011200,101
1706012100,113
1706013000,97
1706013900,202
1706014800,191
1706015700,143
1706016600,119
1706017500,128
1706018400,134
1706019300,146
1706020200,139
1706021100,168
1706022000,169
1706022900,191
1706023800,225
1706024700,227
1706025600,267
1706026500,244
1706027400,374
1706028300,288
1706029200,175
1706030100,251
1706031000,206
1706031900,118
1706032800,190
1706033700,186
1706034600,133
1706035500,82
1706036400,67
1706037300,72
1706038200,67
1706039100,85
1706040000,65
1706040900,74
1706041800,76
1706042700,91
1706043600,88
1706044500,173
1706045400,68
1706046300,55
1706047200,49
1706048100,46
1706049000,49
1706049900,37
1706050800,45
1706051700,49
1706052600,46
1706053500,38
1706054400,46
1706055300,50
1706056200,45
1706057100,39
1706058000,52
1706058900,91
1706059800,86
1706060700,69
1706061600,67
1706062500,81
1706063400,41
1706064300,46
1706065200,37
1706066100,58
1706067000,55
1706067900,79
1706068800,62
1706069700,84
1706070600,65
1706071500,64
1706072400,92
1706073300,101
1706074200,107
1706075100,111
1706076000,142
1706076900,122
1706077800,144
1706078700,128
1706079600,155
1706080500,351
1706081400,121
1706082300,283
1706083200,133
1706084100,117
1706085000,118
1706085900,143
1706086800,159
1706087700,154
1706088600,396
1706089500,187
1706090400,151
1706091300,363
1706092200,615
1706093100,659
1706094000,437
1706094900,123
1706095800,126
1706096700,118
1706097600,120
1706098500,136
1706099400,115
1706100300,101
1706101200,111
1706102100,110
1706103000,110
1706103900,97
1706104800,77
1706105700,86
1706106600,83
1706107500,101
1706108400,109
1706109300,118
1706110200,129
1706111100,129
1706112000,161
1706112900,204
1706113800,236
1706114700,253
1706115600,270
1706116500,251
1706117400,240
1706118300,262
1706119200,265
1706120100,238
1706121000,232
1706121900,233
1706122800,245
1706123700,221
1706124600,169
1706125500,159
1706126400,184
1706127300,169
1706128200,177
1706129100,267
1706130000,191
1706130900,166
1706131800,144
1706132700,103
1706133600,114
1706134500,88
1706135400,84
1706136300,65
1706137200,76
1706138100,78
1706139000,74
1706139900,72
1706140800,63
1706141700,64
1706142600,37
1706143500,46
1706144400,40
1706145300,61
1706146200,55
1706147100,60
1706148000,48
1706148900,56
1706149800,39
1706150700,46
1706151600,46
1706152500,78
1706153400,66
1706154300,64
1706155200,78
1706156100,71
1706157000,136
1706157900,142
1706158800,327
1706159700,157
1706160600,158
1706161500,286
1706162400,816
1706163300,776
1706164200,856
1706165100,950
1706166000,979
1706166900,440
1706167800,97
1706168700,328
1706169600,119
1706170500,112
1706171400,71
1706172300,83
1706173200,83
1706174100,386
1706175000,199
1706175900,118
1706176800,137
1706177700,137
1706178600,163
1706179500,252
1706180400,208
1706181300,226
1706182200,259
1706183100,319
1706184000,103
1706184900,128
1706185800,133
1706186700,171
1706187600,170
1706188500,209
1706189400,178
1706190300,147
1706191200,393
1706192100,184
1706193000,228
1706193900,223
1706194800,170
1706195700,177
1706196600,155
1706197500,136
1706198400,140
1706199300,207
1706200200,253
1706201100,216
1706202000,218
1706202900,292
1706203800,262
1706204700,254
1706205600,239
1706206500,316
1706207400,292
1706208300,630
1706209200,360
1706210100,542
1706211000,264
1706211900,193
1706212800,143
1706213700,198
1706214600,173
1706215500,106
1706216400,78
1706217300,74
1706218200,72
1706219100,54
1706220000,37
1706220900,47
1706221800,48
1706222700,47
1706223600,38
1706224500,46
1706225400,66
1706226300,62
1706227200,42
1706228100,41
1706229000,55
1706229900,39
1706230800,45
1706231700,37
1706232600,60
1706233500,40
1706234400,46
1706235300,37
1706236200,60
1706237100,40
1706238000,44
1706238900,40
1706239800,70
1706240700,75
1706241600,63
1706242500,77
1706243400,74
1706244300,89
1706245200,94
1706246100,56
1706247000,57
1706247900,108
1706248800,259
1706249700,227
1706250600,178
1706251500,701
1706252400,663
1706253300,641
1706254200,634
1706255100,279
1706256000,185
1706256900,157
1706257800,154
1706258700,535
1706259600,902
1706260500,879
1706261400,896
1706262300,753
1706263200,522
1706264100,273
1706265000,292
1706265900,211
1706266800,215
1706267700,253
1706268600,221
1706269500,171
1706270400,153
1706271300,148
1706272200,121
1706273100,136
1706274000,97
1706274900,113
1706275800,72
1706276700,73
1706277600,70
1706278500,84
1706279400,74
1706280300,68
1706281200,75
1706282100,83
1706283000,75
1706283900,68
1706284800,74
1706285700,128
1706286600,163
1706287500,171
1706288400,195
1706289300,170
1706290200,146
1706291100,221
1706292000,251
1706292900,272
1706293800,241
1706294700,261
1706295600,369
1706296500,314
1706297400,269
1706298300,403
1706299200,288
1706300100,253
1706301000,198
1706301900,176
1706302800,205
1706303700,196
1706304600,168
1706305500,121
1706306400,120
1706307300,95
1706308200,107
1706309100,72
1706310000,58
1706310900,64
1706311800,53
1706312700,70
1706313600,50
1706314500,57
1706315400,49
1706316300,69
1706317200,49
1706318100,51
1706319000,56
1706319900,63
1706320800,57
1706321700,51
1706322600,59
1706323500,72
1706324400,57
1706325300,50
1706326200,53
1706327100,68
1706328000,79
1706328900,138
1706329800,96
1706330700,141
1706331600,121
1706332500,124
1706333400,97
1706334300,418
1706335200,537
1706336100,601
1706337000,430
1706337900,507
1706338800,191
1706339700,184
1706340600,158
1706341500,132
1706342400,128
1706343300,214
1706344200,190
1706345100,230
1706346000,266
1706346900,156
1706347800,376
1706348700,445
1706349600,146
1706350500,131
1706351400,218
1706352300,178
1706353200,166
1706354100,207
1706355000,161
1706355900,801
1706356800,178
1706357700,655
1706358600,182
1706359500,110
1706360400,200
1706361300,449
1706362200,274
1706363100,223
1706364000,150
1706364900,127
1706365800,134
1706366700,171
1706367600,164
1706368500,190
1706369400,188
1706370300,148
1706371200,124
1706372100,164
1706373000,183
1706373900,203
1706374800,199
1706375700,1502
1706376600,2690
1706377500,2670
1706378400,2558
1706379300,1532
1706380200,1449
1706381100,1245
1706382000,1078
1706382900,1178
1706383800,1638
1706384700,953
1706385600,1055
1706386500,181
1706387400,148
1706388300,126
1706389200,124
1706390100,128
1706391000,64
1706391900,58
1706392800,40
1706393700,47
1706394600,40
1706395500,55
1706396400,43
1706397300,39
1706398200,55
1706399100,43
1706400000,46
1706400900,40
1706401800,59
1706402700,39
1706403600,47
1706404500,40
1706405400,56
1706406300,45
1706407200,39
1706408100,51
1706409000,64
1706409900,65
1706410800,54
1706411700,52
1706412600,49
1706413500,42
1706414400,68
1706415300,86
1706416200,136
1706417100,103
1706418000,109
1706418900,273
1706419800,120
1706420700,97
1706421600,130
1706422500,142
1706423400,233
1706424300,241
1706425200,167
1706426100,120
1706427000,121
1706427900,90
1706428800,66
1706429700,67
1706430600,117
1706431500,157
1706432400,79
1706433300,81
1706434200,162
1706435100,82
1706436000,119
1706436900,90
1706437800,121
1706438700,105
1706439600,139
1706440500,125
1706441400,138
1706442300,164
1706443200,126
1706444100,204
1706445000,193
1706445900,164
1706446800,163
1706447700,157
1706448600,233
1706449500,225
1706450400,247
1706451300,302
1706452200,208
1706453100,169
1706454000,180
1706454900,171
1706455800,171
1706456700,165
1706457600,265
1706458500,215
1706459400,214
1706460300,567
1706461200,256
1706462100,215
1706463000,185
1706463900,270
1706464800,216
1706465700,229
1706466600,258
1706467500,247
1706468400,194
1706469300,261
1706470200,461
1706471100,276
1706472000,191
1706472900,211
1706473800,180
1706474700,181
1706475600,206
1706476500,180
1706477400,149
1706478300,149
1706479200,171
1706480100,100
1706481000,58
1706481900,71
1706482800,62
1706483700,58
1706484600,60
1706485500,67
1706486400,63
1706487300,55
1706488200,65
1706489100,68
1706490000,62
1706490900,54
1706491800,68
1706492700,83
1706493600,72
1706494500,70
1706495400,60
1706496300,81
1706497200,81
1706498100,88
1706499000,85
1706499900,91
1706500800,60
1706501700,53
1706502600,72
1706503500,84
1706504400,122
1706505300,235
1706506200,178
1706507100,104
1706508000,111
1706508900,141
1706509800,238
1706510700,827
1706511600,342
1706512500,564
1706513400,263
1706514300,258
1706515200,328
1706516100,173
1706517000,269
1706517900,397
1706518800,84
1706519700,67
1706520600,62
1706521500,131
1706522400,69
1706523300,94
1706524200,309
1706525100,350
1706526000,149
1706526900,113
1706527800,93
1706528700,97
1706529600,156
1706530500,120
1706531400,159
1706532300,104
1706533200,113
1706534100,127
1706535000,108
1706535900,104
1706536800,144
1706537700,124
1706538600,175
1706539500,132
1706540400,179
1706541300,138
1706542200,107
1706543100,119
1706544000,152
1706544900,127
1706545800,111
1706546700,159
1706547600,191
1706548500,214
1706549400,182
1706550300,209
1706551200,225
1706552100,515
1706553000,529
1706553900,244
1706554800,383
1706555700,305
1706556600,231
1706557500,168
1706558400,204
1706559300,205
1706560200,137
1706561100,109
1706562000,89
1706562900,124
1706563800,62
1706564700,45
1706565600,36
1706566500,57
1706567400,41
1706568300,38
1706569200,46
1706570100,48
1706571000,50
1706571900,55
1706572800,60
1706573700,72
1706574600,37
1706575500,46
1706576400,37
1706577300,58
1706578200,49
1706579100,37
1706580000,47
1706580900,43
1706581800,53
1706582700,45
1706583600,120
1706584500,153
1706585400,146
1706586300,142
1706587200,128
1706588100,164
1706589000,89
1706589900,67
1706590800,75
1706591700,103
1706592600,136
1706593500,111
1706594400,121
1706595300,311
1706596200,270
1706597100,116
1706598000,122
1706598900,449
1706599800,95
1706600700,112
1706601600,300
1706602500,629
1706603400,623
1706604300,651
1706605200,182
1706606100,153
1706607000,107
1706607900,118
1706608800,204
1706609700,117
1706610600,235
1706611500,118
1706612400,95
1706613300,742
1706614200,711
1706615100,680
1706616000,261
1706616900,85
1706617800,100
1706618700,185
1706619600,132
1706620500,138
1706621400,126
1706622300,135
1706623200,114
1706624100,133
1706625000,128
1706625900,140
1706626800,132
1706627700,173
1706628600,367
1706629500,1420
1706630400,847
1706631300,819
1706632200,404
1706633100,205
1706634000,198
1706634900,282
1706635800,347
1706636700,1127
1706637600,1323
1706638500,1011
1706639400,824
1706640300,766
1706641200,538
1706642100,269
1706643000,234
1706643900,205
1706644800,181
1706645700,175
1706646600,172
1706647500,140
1706648400,164
1706649300,160
1706650200,150
1706651100,137
1706652000,134
1706652900,127
1706653800,105
1706654700,50
1706655600,46
1706656500,42
1706657400,56
1706658300,37
1706659200,47
1706660100,46
1706661000,52
1706661900,100
1706662800,79
1706663700,90
1706664600,118
1706665500,75
1706666400,56
1706667300,77
1706668200,48
1706669100,55
1706670000,46
1706670900,66
1706671800,46
1706672700,51
1706673600,44
1706674500,63
1706675400,56
1706676300,52
1706677200,47
1706678100,88
1706679000,73
1706679900,75
1706680800,67
1706681700,75
1706682600,54
1706683500,54
1706684400,44
1706685300,83
1706686200,250
1706687100,129
1706688000,176
1706688900,119
1706689800,104
1706690700,89
1706691600,85
1706692500,118
1706693400,94
1706694300,101
1706695200,87
1706696100,94
1706697000,93
1706697900,100
1706698800,183
1706699700,81
1706700600,75
1706701500,91
1706702400,77
1706703300,95
1706704200,91
1706705100,104
1706706000,87
1706706900,89
1706707800,180
1706708700,173
1706709600,273
1706710500,206
1706711400,148
1706712300,213
1706713200,251
1706714100,240
1706715000,244
1706715900,238
1706716800,238
1706717700,224
1706718600,275
1706719500,302
1706720400,326
1706721300,278
1706722200,252
1706723100,240
1706724000,269
1706724900,248
1706725800,234
1706726700,213
1706727600,276
1706728500,233
1706729400,150
1706730300,143
1706731200,154
1706732100,164
1706733000,167
1706733900,169
1706734800,157
1706735700,148
1706736600,121
1706737500,136
1706738400,61
1706739300,74
1706740200,68
1706741100,80
1706742000,72
1706742900,63
1706743800,71
1706744700,66
1706745600,55
1706746500,37
1706747400,54
1706748300,43
1706749200,44
1706750100,49
1706751000,68
1706751900,63
1706752800,43
1706753700,47
1706754600,47
1706755500,51
1706756400,39
1706757300,47
1706758200,63
1706759100,75
1706760000,60
1706760900,65
1706761800,66
1706762700,60
1706763600,50
1706764500,93
1706765400,127
1706766300,261
1706767200,186
1706768100,161
1706769000,146
1706769900,403
1706770800,106
1706771700,81
1706772600,73
1706773500,83
1706774400,348
1706775300,132
1706776200,85
1706777100,101
1706778000,308
1706778900,278
1706779800,437
1706780700,435
1706781600,138
1706782500,235
1706783400,144
1706784300,122
1706785200,177
1706786100,127
1706787000,155
1706787900,751
1706788800,381
1706789700,468
1706790600,424
1706791500,142
1706792400,129
1706793300,82
1706794200,129
1706795100,117
1706796000,111
1706796900,104
1706797800,110
1706798700,111
1706799600,111
1706800500,129
1706801400,123
1706802300,212
1706803200,140
1706804100,170
1706805000,241
1706805900,201
1706806800,156
1706807700,195
1706808600,209
1706809500,232
1706810400,253
1706811300,259
1706812200,214
1706813100,233
1706814000,247
1706814900,283
1706815800,294
1706816700,217
1706817600,189
1706818500,211
1706819400,256
1706820300,182
1706821200,169
1706822100,225
1706823000,169
1706823900,139
1706824800,115
1706825700,96
1706826600,82
1706827500,80
1706828400,69
1706829300,63
1706830200,69
1706831100,63
1706832000,57
1706832900,61
1706833800,79
1706834700,75
1706835600,76
1706836500,58
1706837400,76
1706838300,53
1706839200,53
1706840100,39
1706841000,127
1706841900,75
1706842800,82
1706843700,52
1706844600,51
1706845500,47
1706846400,38
1706847300,66
1706848200,66
1706849100,74
1706850000,81
1706850900,261
1706851800,233
1706852700,229
1706853600,183
1706854500,178
1706855400,108
1706856300,90
1706857200,101
1706858100,90
1706859000,99
1706859900,96
1706860800,108
1706861700,95
1706862600,138
1706863500,90
1706864400,97
1706865300,69
1706866200,58
1706867100,68
1706868000,95
1706868900,102
1706869800,108
1706870700,135
1706871600,126
1706872500,196
1706873400,141
1706874300,161
1706875200,166
1706876100,135
1706877000,555
1706877900,483
1706878800,336
1706879700,487
1706880600,94
1706881500,100
1706882400,103
1706883300,118
1706884200,98
1706885100,90
1706886000,82
1706886900,100
1706887800,82
1706888700,88
1706889600,95
1706890500,199
1706891400,493
1706892300,703
1706893200,306
1706894100,209
1706895000,227
1706895900,235
1706896800,235
1706897700,249
1706898600,226
1706899500,601
1706900400,1042
1706901300,893
1706902200,776
1706903100,347
1706904000,181
1706904900,204
1706905800,171
1706906700,164
1706907600,162
1706908500,238
1706909400,136
1706910300,118
1706911200,87
1706912100,61
1706913000,69
1706913900,62
1706914800,80
1706915700,61
1706916600,69
1706917500,65
1706918400,78
1706919300,60
1706920200,66
1706921100,66
1706922000,70
1706922900,66
1706923800,66
1706924700,85
1706925600,77
1706926500,67
1706927400,53
1706928300,55
1706929200,52
1706930100,47
1706931000,105
1706931900,112
1706932800,114
1706933700,103
1706934600,142
1706935500,151
1706936400,181
1706937300,76
1706938200,65
1706939100,61
1706940000,88
1706940900,297
1706941800,92
1706942700,352
1706943600,456
1706944500,182
1706945400,120
1706946300,122
1706947200,80
1706948100,100
1706949000,104
1706949900,100
1706950800,364
1706951700,121
1706952600,130
1706953500,219
1706954400,242
1706955300,142
1706956200,137
1706957100,119
1706958000,104
1706958900,95
1706959800,108
1706960700,99
1706961600,169
1706962500,161
1706963400,318
1706964300,169
1706965200,140
1706966100,175
1706967000,442
1706967900,150
1706968800,102
1706969700,104
1706970600,98
1706971500,120
1706972400,131
1706973300,187
1706974200,135
1706975100,260
1706976000,230
1706976900,675
1706977800,287
1706978700,253
1706979600,181
1706980500,181
1706981400,162
1706982300,158
1706983200,192
1706984100,247
1706985000,177
1706985900,203
1706986800,239
1706987700,200
1706988600,169
1706989500,173
1706990400,169
1706991300,163
1706992200,163
1706993100,173
1706994000,176
1706994900,131
1706995800,136
1706996700,138
1706997600,92
1706998500,88
1706999400,70
1707000300,83
1707001200,68
1707002100,75
1707003000,54
1707003900,71
1707004800,50
1707005700,58
1707006600,50
1707007500,70
1707008400,52
1707009300,51
1707010200,61
1707011100,61
1707012000,49
1707012900,39
1707013800,47
1707014700,46
1707015600,51
1707016500,40
1707017400,38
1707018300,53
1707019200,60
1707020100,141
1707021000,99
1707021900,114
1707022800,143
1707023700,159
1707024600,327
1707025500,111
1707026400,187
1707027300,144
1707028200,76
1707029100,90
1707030000,99
1707030900,105
1707031800,94
1707032700,92
1707033600,77
1707034500,79
1707035400,149
1707036300,135
1707037200,192
1707038100,99
1707039000,102
1707039900,152
1707040800,149
1707041700,93
1707042600,134
1707043500,138
1707044400,121
1707045300,108
1707046200,153
1707047100,154
1707048000,160
1707048900,135
1707049800,104
1707050700,73
1707051600,77
1707052500,72
1707053400,65
1707054300,142
1707055200,146
1707056100,139
1707057000,117
1707057900,98
1707058800,122
1707059700,101
1707060600,105
1707061500,96
1707062400,128
1707063300,141
1707064200,207
1707065100,174
1707066000,144
1707066900,147
1707067800,166
1707068700,197
1707069600,591
1707070500,697
1707071400,430
1707072300,667
1707073200,261
1707074100,173
1707075000,198
1707075900,179
1707076800,179
1707077700,141
1707078600,153
1707079500,109
1707080400,112
1707081300,97
1707082200,38
1707083100,51
1707084000,41
1707084900,44
1707085800,34
1707086700,62
1707087600,55
1707088500,45
1707089400,43
1707090300,49
1707091200,44
1707092100,36
1707093000,45
1707093900,49
1707094800,43
1707095700,39
1707096600,37
1707097500,58
1707098400,36
1707099300,46
1707100200,36
1707101100,80
1707102000,93
1707102900,85
1707103800,55
1707104700,46
1707105600,50
1707106500,36
1707107400,44
1707108300,43
1707109200,74
1707110100,230
1707111000,79
1707111900,128
1707112800,152
1707113700,238
1707114600,214
1707115500,258
1707116400,122
1707117300,129
1707118200,96
1707119100,86
1707120000,177
1707120900,180
1707121800,258
1707122700,241
1707123600,91
1707124500,149
1707125400,82
1707126300,156
1707127200,61
1707128100,176
1707129000,107
1707129900,116
1707130800,95
1707131700,91
1707132600,82
1707133500,104
1707134400,109
1707135300,172
1707136200,254
1707137100,102
1707138000,92
1707138900,80
1707139800,89
1707140700,90
1707141600,92
1707142500,81
1707143400,83
1707144300,105
1707145200,108
1707146100,208
1707147000,518
1707147900,253
1707148800,159
1707149700,196
1707150600,181
1707151500,264
1707152400,945
1707153300,249
1707154200,953
1707155100,367
1707156000,197
1707156900,183
1707157800,174
1707158700,166
1707159600,151
1707160500,185
1707161400,147
1707162300,157
1707163200,159
1707164100,154
1707165000,147
1707165900,164
1707166800,147
1707167700,149
1707168600,150
1707169500,77
1707170400,61
1707171300,53
1707172200,60
1707173100,46
1707174000,50
1707174900,54
1707175800,55
1707176700,62
1707177600,64
1707178500,67
1707179400,57
1707180300,55
1707181200,48
1707182100,51
1707183000,65
1707183900,47
1707184800,55
1707185700,49
1707186600,75
1707187500,41
1707188400,42
1707189300,69
1707190200,96
1707191100,98
1707192000,68
1707192900,44
1707193800,50
1707194700,44
1707195600,37
1707196500,37
1707197400,53
1707198300,54
1707199200,67
1707200100,55
1707201000,85
1707201900,198
1707202800,128
1707203700,65
1707204600,71
1707205500,191
1707206400,150
1707207300,151
1707208200,107
1707209100,137
1707210000,84
1707210900,86
1707211800,89
1707212700,63
1707213600,131
1707214500,113
1707215400,84
1707216300,94
1707217200,105
1707218100,74
1707219000,75
1707219900,73
1707220800,91
1707221700,117
1707222600,168
1707223500,117
1707224400,137
1707225300,144
1707226200,153
1707227100,187
1707228000,179
1707228900,225
1707229800,231
1707230700,201
1707231600,200
1707232500,189
1707233400,197
1707234300,185
1707235200,219
1707236100,258
1707237000,203
1707237900,210
1707238800,263
1707239700,280
1707240600,245
1707241500,236
1707242400,234
1707243300,377
1707244200,238
1707245100,242
1707246000,254
1707246900,253
1707247800,199
1707248700,188
1707249600,202
1707250500,188
1707251400,171
1707252300,170
1707253200,176
1707254100,98
1707255000,74
1707255900,122
1707256800,80
1707257700,66
1707258600,60
1707259500,71
1707260400,89
1707261300,74
1707262200,63
1707263100,62
1707264000,77
1707264900,57
1707265800,62
1707266700,55
1707267600,67
1707268500,50
1707269400,56
1707270300,56
1707271200,61
1707272100,82
1707273000,91
1707273900,80
1707274800,79
1707275700,62
1707276600,52
1707277500,55
1707278400,68
1707279300,52
1707280200,59
1707281100,52
1707282000,69
1707282900,55
1707283800,72
1707284700,74
1707285600,121
1707286500,136
1707287400,136
1707288300,169
1707289200,127
1707290100,246
1707291000,224
1707291900,92
1707292800,81
1707293700,99
1707294600,111
1707295500,101
1707296400,113
1707297300,150
1707298200,113
1707299100,127
1707300000,406
1707300900,121
1707301800,226
1707302700,490
1707303600,486
1707304500,138
1707305400,115
1707306300,131
1707307200,103
1707308100,123
1707309000,124
1707309900,117
1707310800,111
1707311700,104
1707312600,110
1707313500,112
1707314400,129
1707315300,114
1707316200,95
1707317100,93
1707318000,91
1707318900,92
1707319800,83
1707320700,97
1707321600,104
1707322500,112
1707323400,70
1707324300,75
1707325200,87
1707326100,75
1707327000,102
1707327900,146
1707328800,148
1707329700,224
1707330600,272
1707331500,866
1707332400,453
1707333300,584
1707334200,482
1707335100,270
1707336000,259
1707336900,284
1707337800,256
1707338700,354
1707339600,214
1707340500,190
1707341400,136
1707342300,126
1707343200,118
1707344100,79
1707345000,74
1707345900,68
1707346800,74
1707347700,82
1707348600,67
1707349500,81
1707350400,85
1707351300,98
1707352200,65
1707353100,70
1707354000,55
1707354900,71
1707355800,51
1707356700,50
1707357600,56
1707358500,62
1707359400,72
1707360300,77
1707361200,95
1707362100,94
1707363000,96
1707363900,102
1707364800,104
1707365700,104
1707366600,81
1707367500,59
1707368400,49
1707369300,58
1707370200,64
1707371100,57
1707372000,124
1707372900,243
1707373800,473
1707374700,870
1707375600,629
1707376500,626
1707377400,353
1707378300,143
1707379200,103
1707380100,103
1707381000,102
1707381900,88
1707382800,88
1707383700,84
1707384600,78
1707385500,78
1707386400,99
1707387300,79
1707388200,104
1707389100,96
1707390000,111
1707390900,113
1707391800,108
1707392700,97
1707393600,92
1707394500,114
1707395400,97
1707396300,132
1707397200,106
1707398100,132
1707399000,404
1707399900,1353
1707400800,1313
1707401700,1396
1707402600,1299
1707403500,809
1707404400,269
1707405300,190
1707406200,306
1707407100,231
1707408000,264
1707408900,517
1707409800,491
1707410700,301
1707411600,562
1707412500,325
1707413400,260
1707414300,212
1707415200,214
1707416100,181
1707417000,227
1707417900,219
1707418800,223
1707419700,185
1707420600,196
1707421500,175
1707422400,216
1707423300,227
1707424200,202
1707425100,173
1707426000,140
1707426900,141
1707427800,140
1707428700,114
1707429600,73
1707430500,71
1707431400,80
1707432300,50
1707433200,57
1707434100,59
1707435000,79
1707435900,64
1707436800,55
1707437700,64
1707438600,51
1707439500,58
1707440400,51
1707441300,71
1707442200,49
1707443100,67
1707444000,65
1707444900,66
1707445800,56
1707446700,51
1707447600,58
1707448500,77
1707449400,75
1707450300,53
1707451200,56
1707452100,65
1707453000,105
1707453900,99
1707454800,107
1707455700,100
1707456600,85
1707457500,75
1707458400,99
1707459300,313
1707460200,166
1707461100,150
1707462000,136
1707462900,141
1707463800,189
1707464700,164
1707465600,152
1707466500,130
1707467400,127
1707468300,688
1707469200,439
1707470100,589
1707471000,632
1707471900,379
1707472800,511
1707473700,201
1707474600,159
1707475500,171
1707476400,190
1707477300,121
1707478200,111
1707479100,112
1707480000,88
1707480900,802
1707481800,1658
1707482700,1215
1707483600,1306
1707484500,1034
1707485400,604
1707486300,164
1707487200,137
1707488100,146
1707489000,117
1707489900,106
1707490800,106
1707491700,112
1707492600,126
1707493500,139
1707494400,175
1707495300,194
1707496200,253
1707497100,230
1707498000,188
1707498900,192
1707499800,552
1707500700,570
1707501600,268
1707502500,299
1707503400,264
1707504300,428
1707505200,350
1707506100,233
1707507000,193
1707507900,151
1707508800,178
1707509700,146
1707510600,135
1707511500,112
1707512400,131
1707513300,119
1707514200,119
1707515100,161
1707516000,113
1707516900,111
1707517800,68
1707518700,80
1707519600,54
1707520500,62
1707521400,59
1707522300,58
1707523200,51
1707524100,49
1707525000,77
1707525900,66
1707526800,64
1707527700,51
1707528600,69
1707529500,49
1707530400,55
1707531300,56
1707532200,58
1707533100,57
1707534000,49
1707534900,64
1707535800,57
1707536700,57
1707537600,49
1707538500,61
1707539400,58
1707540300,69
1707541200,111
1707542100,151
1707543000,151
1707543900,131
1707544800,153
1707545700,321
1707546600,315
1707547500,247
1707548400,319
1707549300,145
1707550200,168
1707551100,522
1707552000,116
1707552900,125
1707553800,127
1707554700,122
1707555600,147
1707556500,183
1707557400,431
1707558300,247
1707559200,157
1707560100,101
1707561000,350
1707561900,142
1707562800,102
1707563700,105
1707564600,101
1707565500,114
1707566400,98
1707567300,111
1707568200,134
1707569100,209
1707570000,175
1707570900,127
1707571800,130
1707572700,168
1707573600,314
1707574500,237
1707575400,178
1707576300,152
1707577200,133
1707578100,137
1707579000,125
1707579900,170
1707580800,180
1707581700,218
1707582600,508
1707583500,686
1707584400,341
1707585300,717
1707586200,190
1707587100,237
1707588000,238
1707588900,218
1707589800,242
1707590700,237
1707591600,230
1707592500,208
1707593400,217
1707594300,223
1707595200,195
1707596100,176
1707597000,145
1707597900,118
1707598800,109
1707599700,125
1707600600,101
1707601500,96
1707602400,68
1707603300,40
1707604200,44
1707605100,35
1707606000,56
1707606900,36
1707607800,42
1707608700,41
1707609600,49
1707610500,37
1707611400,38
1707612300,51
1707613200,46
1707614100,60
1707615000,43
1707615900,57
1707616800,37
1707617700,44
1707618600,38
1707619500,56
1707620400,38
1707621300,37
1707622200,69
1707623100,99
1707624000,143
1707624900,110
1707625800,79
1707626700,78
1707627600,72
1707628500,69
1707629400,66
1707630300,104
1707631200,119
1707632100,274
1707633000,130
1707633900,94
1707634800,84
1707635700,139
1707636600,404
1707637500,408
1707638400,448
1707639300,215
1707640200,331
1707641100,207
1707642000,223
1707642900,167
1707643800,198
1707644700,203
1707645600,239
1707646500,347
1707647400,219
1707648300,166
1707649200,164
1707650100,207
1707651000,220
1707651900,224
1707652800,244
1707653700,227
1707654600,160
1707655500,172
1707656400,298
1707657300,210
1707658200,220
1707659100,198
1707660000,188
1707660900,162
1707661800,152
1707662700,150
1707663600,211
1707664500,148
1707665400,121
1707666300,120
1707667200,176
1707668100,380
1707669000,286
1707669900,156
1707670800,149
1707671700,193
1707672600,227
1707673500,232
1707674400,202
1707675300,195
1707676200,199
1707677100,209
1707678000,215
1707678900,232
1707679800,236
1707680700,215
1707681600,197
1707682500,198
1707683400,237
1707684300,180
1707685200,191
1707686100,130
1707687000,211
1707687900,73
1707688800,81
1707689700,71
1707690600,60
1707691500,75
1707692400,65
1707693300,65
1707694200,56
1707695100,75
1707696000,54
1707696900,70
1707697800,77
1707698700,72
1707699600,62
1707700500,56
1707701400,66
1707702300,70
1707703200,74
1707704100,64
1707705000,108
1707705900,114
1707706800,98
1707707700,105
1707708600,103
1707709500,93
1707710400,63
1707711300,59
1707712200,93
1707713100,291
1707714000,137
1707714900,118
1707715800,106
1707716700,129
1707717600,394
1707718500,260
1707719400,113
1707720300,186
1707721200,176
1707722100,207
1707723000,191
1707723900,300
1707724800,577
1707725700,602
1707726600,439
1707727500,613
1707728400,160
1707729300,148
1707730200,224
1707731100,358
1707732000,300
1707732900,172
1707733800,267
1707734700,194
1707735600,337
1707736500,170
1707737400,111
1707738300,73
1707739200,130
1707740100,173
1707741000,166
1707741900,207
1707742800,182
1707743700,179
1707744600,131
1707745500,126
1707746400,122
1707747300,165
1707748200,150
1707749100,294
1707750000,610
1707750900,680
1707751800,651
1707752700,654
1707753600,187
1707754500,183
1707755400,167
1707756300,177
1707757200,182
1707758100,155
1707759000,321
1707759900,220
1707760800,259
1707761700,184
1707762600,257
1707763500,227
1707764400,166
1707765300,278
1707766200,130
1707767100,172
1707768000,123
1707768900,87
1707769800,95
1707770700,91
1707771600,113
1707772500,146
1707773400,139
1707774300,153
1707775200,166
1707776100,117
1707777000,110
1707777900,112
1707778800,138
1707779700,125
1707780600,106
1707781500,49
1707782400,48
1707783300,86
1707784200,51
1707785100,45
1707786000,46
1707786900,41
1707787800,39
1707788700,38
1707789600,55
1707790500,36
1707791400,44
1707792300,51
1707793200,72
1707794100,37
1707795000,62
1707795900,56
1707796800,71
1707797700,58
1707798600,48
1707799500,44
1707800400,83
1707801300,79
1707802200,36
1707803100,55
1707804000,66
1707804900,66
1707805800,62
1707806700,60
1707807600,61
1707808500,99
1707809400,194
1707810300,147
1707811200,576
1707812100,1235
1707813000,755
1707813900,669
1707814800,215
1707815700,155
1707816600,141
1707817500,651
1707818400,473
1707819300,318
1707820200,218
1707821100,157
1707822000,267
1707822900,492
1707823800,644
1707824700,205
1707825600,747
1707826500,120
1707827400,112
1707828300,126
1707829200,125
1707830100,105
1707831000,127
1707831900,106
1707832800,119
1707833700,152
1707834600,152
1707835500,182
1707836400,170
1707837300,165
1707838200,152
1707839100,162
1707840000,266
1707840900,195
1707841800,278
1707842700,184
1707843600,222
1707844500,305
1707845400,295
1707846300,273
1707847200,251
1707848100,248
1707849000,255
1707849900,268
1707850800,277
1707851700,246
1707852600,233
1707853500,267
1707854400,187
1707855300,221
1707856200,328
1707857100,254
1707858000,237
1707858900,333
1707859800,198
1707860700,199
1707861600,156
1707862500,124
1707863400,144
1707864300,120
1707865200,87
1707866100,75
1707867000,80
1707867900,72
1707868800,65
1707869700,93
1707870600,94
1707871500,70
1707872400,64
1707873300,66
1707874200,73
1707875100,60
1707876000,66
1707876900,59
1707877800,53
1707878700,40
1707879600,38
1707880500,53
1707881400,46
1707882300,47
1707883200,38
1707884100,56
1707885000,113
1707885900,91
1707886800,118
1707887700,89
1707888600,78
1707889500,58
1707890400,65
1707891300,40
1707892200,50
1707893100,46
1707894000,39
1707894900,65
1707895800,61
1707896700,219
1707897600,73
1707898500,286
1707899400,160
1707900300,127
1707901200,302
1707902100,557
1707903000,157
1707903900,132
1707904800,204
1707905700,309
1707906600,121
1707907500,189
1707908400,580
1707909300,614
1707910200,383
1707911100,599
1707912000,120
1707912900,152
1707913800,119
1707914700,113
1707915600,84
1707916500,87
1707917400,74
1707918300,74
1707919200,67
1707920100,79
1707921000,186
1707921900,143
1707922800,88
1707923700,86
1707924600,90
1707925500,76
1707926400,96
1707927300,117
1707928200,275
1707929100,99
1707930000,105
1707930900,96
1707931800,110
1707932700,388
1707933600,572
1707934500,285
1707935400,284
1707936300,223
1707937200,187
1707938100,186
1707939000,154
1707939900,141
1707940800,152
1707941700,197
1707942600,200
1707943500,91
1707944400,70
1707945300,83
1707946200,74
1707947100,116
1707948000,95
1707948900,83
1707949800,36
1707950700,56
1707951600,36
1707952500,43
1707953400,36
1707954300,54
1707955200,39
1707956100,42
1707957000,56
1707957900,59
1707958800,49
1707959700,38
1707960600,43
1707961500,37
1707962400,59
1707963300,36
1707964200,66
1707965100,57
1707966000,79
1707966900,67
1707967800,57
1707968700,77
1707969600,98
1707970500,121
1707971400,89
1707972300,45
1707973200,35
1707974100,49
1707975000,48
1707975900,64
1707976800,56
1707977700,91
1707978600,322
1707979500,107
1707980400,89
1707981300,85
1707982200,87
1707983100,79
1707984000,70
1707984900,65
1707985800,66
1707986700,69
1707987600,77
1707988500,77
1707989400,154
1707990300,200
1707991200,119
1707992100,103
1707993000,74
1707993900,85
1707994800,115
1707995700,148
1707996600,252
1707997500,659
1707998400,448
1707999300,335
1708000200,493
1708001100,219
1708002000,153
1708002900,144
1708003800,173
1708004700,159
1708005600,211
1708006500,143
1708007400,146
1708008300,161
1708009200,141
1708010100,166
1708011000,191
1708011900,175
1708012800,169
1708013700,178
1708014600,216
1708015500,187
1708016400,501
1708017300,680
1708018200,701
1708019100,777
1708020000,536
1708020900,274
1708021800,230
1708022700,162
1708023600,141
1708024500,126
1708025400,121
1708026300,171
1708027200,168
1708028100,157
1708029000,136
1708029900,136
1708030800,126
1708031700,145
1708032600,114
1708033500,93
1708034400,107
1708035300,58
1708036200,47
1708037100,41
1708038000,59
1708038900,59
1708039800,62
1708040700,44
1708041600,53
1708042500,48
1708043400,40
1708044300,49
1708045200,55
1708046100,49
1708047000,42
1708047900,47
1708048800,63
1708049700,72
1708050600,49
1708051500,43
1708052400,86
1708053300,81
1708054200,92
1708055100,97
1708056000,102
1708056900,42
1708057800,42
1708058700,47
1708059600,49
1708060500,52
1708061400,53
1708062300,68
1708063200,65
1708064100,108
1708065000,215
1708065900,264
1708066800,117
1708067700,124
1708068600,115
1708069500,104
1708070400,93
1708071300,73
1708072200,232
1708073100,593
1708074000,687
1708074900,235
1708075800,207
1708076700,238
1708077600,146
1708078500,139
1708079400,145
1708080300,139
1708081200,119
1708082100,200
1708083000,173
1708083900,168
1708084800,276
1708085700,221
1708086600,319
1708087500,894
1708088400,1401
1708089300,1032
1708090200,1047
1708091100,652
1708092000,163
1708092900,147
1708093800,153
1708094700,146
1708095600,170
1708096500,169
1708097400,195
1708098300,168
1708099200,185
1708100100,245
1708101000,157
1708101900,176
1708102800,201
1708103700,203
1708104600,258
1708105500,234
1708106400,271
1708107300,248
1708108200,249
1708109100,264
1708110000,277
1708110900,162
1708111800,152
1708112700,167
1708113600,190
1708114500,198
1708115400,198
1708116300,168
1708117200,158
1708118100,158
1708119000,119
1708119900,104
1708120800,105
1708121700,82
1708122600,81
1708123500,91
1708124400,88
1708125300,76
1708126200,74
1708127100,68
1708128000,77
1708128900,73
1708129800,59
1708130700,60
1708131600,99
1708132500,70
1708133400,70
1708134300,54
1708135200,48
1708136100,42
1708137000,43
1708137900,58
1708138800,43
1708139700,49
1708140600,43
1708141500,61
1708142400,75
1708143300,83
1708144200,72
1708145100,124
1708146000,96
1708146900,59
1708147800,91
1708148700,278
1708149600,279
1708150500,148
1708151400,212
1708152300,89
1708153200,130
1708154100,52
1708155000,55
1708155900,49
1708156800,66
1708157700,50
1708158600,50
1708159500,55
1708160400,63
1708161300,75
1708162200,68
1708163100,84
1708164000,74
1708164900,77
1708165800,78
1708166700,82
1708167600,81
1708168500,93
1708169400,86
1708170300,92
1708171200,122
1708172100,108
1708173000,111
1708173900,118
1708174800,152
1708175700,172
1708176600,170
1708177500,181
1708178400,144
1708179300,133
1708180200,129
1708181100,131
1708182000,133
1708182900,138
1708183800,138
1708184700,141
1708185600,130
1708186500,166
1708187400,253
1708188300,206
1708189200,215
1708190100,158
1708191000,270
1708191900,215
1708192800,211
1708193700,208
1708194600,286
1708195500,226
1708196400,400
1708197300,692
1708198200,725
1708199100,340
1708200000,294
1708200900,326
1708201800,320
1708202700,217
1708203600,210
1708204500,164
1708205400,144
1708206300,131
1708207200,125
1708208100,124
1708209000,80
1708209900,235
1708210800,159
1708211700,71
1708212600,63
1708213500,58
1708214400,84
1708215300,78
1708216200,77
1708217100,68
1708218000,88
1708218900,67
1708219800,75
1708220700,68
1708221600,94
1708222500,76
1708223400,69
1708224300,56
1708225200,62
1708226100,59
1708227000,51
1708227900,56
1708228800,84
1708229700,79
1708230600,79
1708231500,98
1708232400,122
1708233300,243
1708234200,373
1708235100,114
1708236000,153
1708236900,165
1708237800,139
1708238700,108
1708239600,117
1708240500,133
1708241400,147
1708242300,136
1708243200,141
1708244100,128
1708245000,150
1708245900,149
1708246800,177
1708247700,120
1708248600,108
1708249500,135
1708250400,175
1708251300,153
1708252200,169
1708253100,193
1708254000,140
1708254900,119
1708255800,111
1708256700,165
1708257600,220
1708258500,166
1708259400,159
1708260300,206
1708261200,882
1708262100,415
1708263000,617
1708263900,441
1708264800,230
1708265700,321
1708266600,256
1708267500,195
1708268400,225
1708269300,348
1708270200,139
1708271100,131
1708272000,120
1708272900,172
1708273800,184
1708274700,177
1708275600,170
1708276500,204
1708277400,209
1708278300,217
1708279200,186
1708280100,211
1708281000,172
1708281900,184
1708282800,174
1708283700,459
1708284600,324
1708285500,206
1708286400,199
1708287300,213
1708288200,141
1708289100,120
1708290000,155
1708290900,117
1708291800,99
1708292700,101
1708293600,72
1708294500,36
1708295400,49
1708296300,44
1708297200,43
1708298100,37
1708299000,55
1708299900,53
1708300800,61
1708301700,49
1708302600,46
1708303500,37
1708304400,42
1708305300,51
1708306200,41
1708307100,41
1708308000,45
1708308900,50
1708309800,38
1708310700,44
1708311600,52
1708312500,44
1708313400,48
1708314300,83
1708315200,125
1708316100,154
1708317000,71
1708317900,78
1708318800,108
1708319700,305
1708320600,219
1708321500,140
1708322400,140
1708323300,211
1708324200,258
1708325100,120
1708326000,140
1708326900,92
1708327800,175
1708328700,108
1708329600,141
1708330500,69
1708331400,318
1708332300,105
1708333200,117
1708334100,165
1708335000,143
1708335900,153
1708336800,173
1708337700,119
1708338600,160
1708339500,204
1708340400,168
1708341300,384
1708342200,242
1708343100,185
1708344000,165
1708344900,265
1708345800,659
1708346700,1305
1708347600,723
1708348500,537
1708349400,450
1708350300,195
1708351200,189
1708352100,193
1708353000,784
1708353900,968
1708354800,824
1708355700,709
1708356600,492
1708357500,192
1708358400,277
1708359300,326
1708360200,264
1708361100,264
1708362000,170
1708362900,206
1708363800,559
1708364700,608
1708365600,627
1708366500,470
1708367400,395
1708368300,426
1708369200,304
1708370100,353
1708371000,428
1708371900,228
1708372800,222
1708373700,214
1708374600,192
1708375500,190
1708376400,88
1708377300,81
1708378200,61
1708379100,71
1708380000,55
1708380900,62
1708381800,63
1708382700,66
1708383600,54
1708384500,62
1708385400,66
1708386300,61
1708387200,63
1708388100,72
1708389000,88
1708389900,60
1708390800,62
1708391700,56
1708392600,72
1708393500,61
1708394400,63
1708395300,55
1708396200,70
1708397100,64
1708398000,63
1708398900,60
1708399800,60
1708400700,78
1708401600,60
1708402500,101
1708403400,90
1708404300,125
1708405200,74
1708406100,64
1708407000,331
1708407900,233
1708408800,229
1708409700,132
1708410600,151
1708411500,148
1708412400,150
1708413300,113
1708414200,115
1708415100,127
1708416000,105
1708416900,98
1708417800,90
1708418700,77
1708419600,111
1708420500,133
1708421400,139
1708422300,144
1708423200,140
1708424100,138
1708425000,145
1708425900,165
1708426800,186
1708427700,154
1708428600,174
1708429500,244
1708430400,246
1708431300,217
1708432200,306
1708433100,225
1708434000,217
1708434900,206
1708435800,234
1708436700,220
1708437600,254
1708438500,250
1708439400,269
1708440300,259
1708441200,239
1708442100,223
1708443000,241
1708443900,226
1708444800,233
1708445700,222
1708446600,245
1708447500,214
1708448400,275
1708449300,333
1708450200,292
1708451100,303
1708452000,233
1708452900,289
1708453800,265
1708454700,289
1708455600,257
1708456500,261
1708457400,236
1708458300,270
1708459200,254
1708460100,465
1708461000,415
1708461900,180
1708462800,216
1708463700,221
1708464600,199
1708465500,169
1708466400,198
1708467300,196
1708468200,198
1708469100,193
1708470000,212
1708470900,181
1708471800,197
1708472700,165
1708473600,150
1708474500,161
1708475400,151
1708476300,164
1708477200,120
1708478100,84
1708479000,86
1708479900,101
1708480800,89
1708481700,82
1708482600,75
1708483500,84
1708484400,85
1708485300,76
1708486200,79
1708487100,88
1708488000,99
1708488900,72
1708489800,81
1708490700,71
1708491600,92
1708492500,103
1708493400,90
1708494300,248
1708495200,321
1708496100,402
1708497000,194
1708497900,120
1708498800,131
1708499700,490
1708500600,214
1708501500,124
1708502400,348
1708503300,322
1708504200,129
1708505100,129
1708506000,123
1708506900,243
1708507800,554
1708508700,310
1708509600,563
1708510500,308
1708511400,151
1708512300,112
1708513200,116
1708514100,105
1708515000,177
1708515900,156
1708516800,169
1708517700,151
1708518600,155
1708519500,115
1708520400,203
1708521300,155
1708522200,178
1708523100,153
1708524000,142
1708524900,154
1708525800,243
1708526700,379
1708527600,157
1708528500,147
1708529400,368
1708530300,370
1708531200,234
1708532100,238
1708533000,283
1708533900,274
1708534800,365
1708535700,398
1708536600,339
1708537500,250
1708538400,229
1708539300,234
1708540200,233
1708541100,226
1708542000,228
1708542900,253
1708543800,285
1708544700,225
1708545600,256
1708546500,292
1708547400,212
1708548300,366
1708549200,238
1708550100,194
1708551000,162
1708551900,159
1708552800,154
1708553700,163
1708554600,113
1708555500,127
1708556400,106
1708557300,98
1708558200,90
1708559100,97
1708560000,92
1708560900,92
1708561800,102
1708562700,98
1708563600,95
1708564500,74
1708565400,77
1708566300,70
1708567200,70
1708568100,65
1708569000,73
1708569900,74
1708570800,78
1708571700,109
1708572600,88
1708573500,76
1708574400,61
1708575300,70
1708576200,72
1708577100,78
1708578000,64
1708578900,86
1708579800,311
1708580700,343
1708581600,357
1708582500,105
1708583400,101
1708584300,113
1708585200,132
1708586100,131
1708587000,131
1708587900,132
1708588800,127
1708589700,479
1708590600,439
1708591500,204
1708592400,73
1708593300,83
1708594200,493
1708595100,609
1708596000,115
1708596900,121
1708597800,212
1708598700,131
1708599600,216
1708600500,313
1708601400,213
1708602300,208
1708603200,212
1708604100,123
1708605000,138
1708605900,820
1708606800,1274
1708607700,1197
1708608600,1193
1708609500,1174
1708610400,657
1708611300,147
1708612200,126
1708613100,115
1708614000,151
1708614900,125
1708615800,147
1708616700,347
1708617600,754
1708618500,1113
1708619400,1063
1708620300,747
1708621200,696
1708622100,665
1708623000,281
1708623900,308
1708624800,266
1708625700,277
1708626600,1188
1708627500,2814
1708628400,2608
1708629300,2409
1708630200,1215
1708631100,1478
1708632000,1135
1708632900,1463
1708633800,1358
1708634700,1018
1708635600,1152
1708636500,1469
1708637400,378
1708638300,156
1708639200,134
1708640100,132
1708641000,95
1708641900,90
1708642800,80
1708643700,102
1708644600,84
1708645500,74
1708646400,74
1708647300,84
1708648200,82
1708649100,68
1708650000,84
1708650900,86
1708651800,93
1708652700,78
1708653600,84
1708654500,100
1708655400,63
1708656300,75
1708657200,66
1708658100,51
1708659000,68
1708659900,58
1708660800,69
1708661700,48
1708662600,55
1708663500,51
1708664400,65
1708665300,53
1708666200,86
1708667100,126
1708668000,297
1708668900,332
1708669800,247
1708670700,404
1708671600,342
1708672500,277
1708673400,55
1708674300,67
1708675200,69
1708676100,60
1708677000,47
1708677900,80
1708678800,80
1708679700,89
1708680600,76
1708681500,85
1708682400,74
1708683300,65
1708684200,73
1708685100,64
1708686000,74
1708686900,80
1708687800,162
1708688700,170
1708689600,175
1708690500,122
1708691400,103
1708692300,84
1708693200,93
1708694100,102
1708695000,136
1708695900,124
1708696800,120
1708697700,149
1708698600,251
1708699500,215
1708700400,296
1708701300,328
1708702200,151
1708703100,163
1708704000,197
1708704900,181
1708705800,189
1708706700,388
1708707600,451
1708708500,131
1708709400,152
1708710300,145
1708711200,169
1708712100,174
1708713000,183
1708713900,142
1708714800,181
1708715700,193
1708716600,191
1708717500,211
1708718400,219
1708719300,169
1708720200,135
1708721100,138
1708722000,81
1708722900,80
1708723800,59
1708724700,49
1708725600,88
1708726500,67
1708727400,67
1708728300,61
1708729200,73
1708730100,72
1708731000,76
1708731900,80
1708732800,64
1708733700,65
1708734600,43
1708735500,53
1708736400,45
1708737300,58
1708738200,50
1708739100,49
1708740000,61
1708740900,49
1708741800,58
1708742700,66
1708743600,76
1708744500,74
1708745400,94
1708746300,128
1708747200,93
1708748100,97
1708749000,79
1708749900,56
1708750800,45
1708751700,39
1708752600,47
1708753500,95
1708754400,281
1708755300,138
1708756200,127
1708757100,239
1708758000,130
1708758900,94
1708759800,126
1708760700,134
1708761600,109
1708762500,634
1708763400,365
1708764300,335
1708765200,354
1708766100,341
1708767000,433
1708767900,406
1708768800,689
1708769700,551
1708770600,220
1708771500,189
1708772400,133
1708773300,113
1708774200,79
1708775100,346
1708776000,98
1708776900,135
1708777800,142
1708778700,146
1708779600,267
1708780500,428
1708781400,133
1708782300,124
1708783200,125
1708784100,99
1708785000,108
1708785900,108
1708786800,112
1708787700,89
1708788600,109
1708789500,81
1708790400,101
1708791300,158
1708792200,166
1708793100,161
1708794000,180
1708794900,202
1708795800,200
1708796700,206
1708797600,273
1708798500,287
1708799400,544
1708800300,458
1708801200,281
1708802100,239
1708803000,200
1708803900,174
1708804800,302
1708805700,212
1708806600,179
1708807500,166
1708808400,173
1708809300,139
1708810200,117
1708811100,121
1708812000,103
1708812900,119
1708813800,114
1708814700,123
1708815600,78
1708816500,80
1708817400,69
1708818300,78
1708819200,61
1708820100,62
1708821000,64
1708821900,70
1708822800,62
1708823700,48
1708824600,59
1708825500,52
1708826400,56
1708827300,38
1708828200,53
1708829100,45
1708830000,70
1708830900,41
1708831800,50
1708832700,55
1708833600,62
1708834500,53
1708835400,43
1708836300,47
1708837200,56
1708838100,90
1708839000,65
1708839900,143
1708840800,401
1708841700,205
1708842600,491
1708843500,394
1708844400,249
1708845300,115
1708846200,95
1708847100,249
1708848000,105
1708848900,80
1708849800,76
1708850700,97
1708851600,67
1708852500,46
1708853400,43
1708854300,42
1708855200,68
1708856100,54
1708857000,74
1708857900,79
1708858800,87
1708859700,91
1708860600,73
1708861500,74
1708862400,76
1708863300,86
1708864200,166
1708865100,124
1708866000,116
1708866900,122
1708867800,141
1708868700,130
1708869600,97
1708870500,117
1708871400,88
1708872300,102
1708873200,85
1708874100,137
1708875000,119
1708875900,120
1708876800,109
1708877700,92
1708878600,86
1708879500,94
1708880400,90
1708881300,105
1708882200,86
1708883100,93
1708884000,91
1708884900,115
1708885800,102
1708886700,93
1708887600,89
1708888500,95
1708889400,101
1708890300,94
1708891200,87
1708892100,98
1708893000,161
1708893900,221
1708894800,200
1708895700,179
1708896600,145
1708897500,163
1708898400,148
1708899300,165
1708900200,159
1708901100,146
1708902000,95
1708902900,94
1708903800,88
1708904700,80
1708905600,96
1708906500,74
1708907400,56
1708908300,56
1708909200,56
1708910100,60
1708911000,59
1708911900,83
1708912800,91
1708913700,84
1708914600,87
1708915500,73
1708916400,72
1708917300,56
1708918200,109
1708919100,83
1708920000,99
1708920900,60
1708921800,82
1708922700,94
1708923600,187
1708924500,209
1708925400,339
1708926300,427
1708927200,295
1708928100,136
1708929000,105
1708929900,96
1708930800,103
1708931700,242
1708932600,109
1708933500,138
1708934400,92
1708935300,91
1708936200,73
1708937100,115
1708938000,60
1708938900,59
1708939800,66
1708940700,326
1708941600,124
1708942500,98
1708943400,164
1708944300,303
1708945200,156
1708946100,106
1708947000,114
1708947900,105
1708948800,125
1708949700,132
1708950600,113
1708951500,613
1708952400,311
1708953300,191
1708954200,166
1708955100,126
1708956000,111
1708956900,114
1708957800,201
1708958700,325
1708959600,147
1708960500,143
1708961400,152
1708962300,149
1708963200,144
1708964100,308
1708965000,186
1708965900,201
1708966800,247
1708967700,229
1708968600,225
1708969500,227
1708970400,248
1708971300,241
1708972200,312
1708973100,231
1708974000,247
1708974900,277
1708975800,237
1708976700,282
1708977600,288
1708978500,270
1708979400,244
1708980300,266
1708981200,228
1708982100,329
1708983000,158
1708983900,116
1708984800,109
1708985700,113
1708986600,95
1708987500,132
1708988400,99
1708989300,122
1708990200,107
1708991100,113
1708992000,98
1708992900,118
1708993800,101
1708994700,105
1708995600,98
1708996500,121
1708997400,106
1708998300,114
1708999200,103
1709000100,117
1709001000,98
1709001900,104
1709002800,98
1709003700,118
1709004600,96
1709005500,105
1709006400,107
1709007300,121
1709008200,102
1709009100,109
1709010000,118
1709010900,145
1709011800,212
1709012700,195
1709013600,150
1709014500,162
1709015400,160
1709016300,309
1709017200,117
1709018100,340
1709019000,120
1709019900,142
1709020800,360
1709021700,222
1709022600,240
1709023500,154
1709024400,137
1709025300,372
1709026200,300
1709027100,682
1709028000,678
1709028900,366
1709029800,429
1709030700,203
1709031600,183
1709032500,176
1709033400,171
1709034300,213
1709035200,129
1709036100,119
1709037000,157
1709037900,644
1709038800,745
1709039700,691
1709040600,672
1709041500,629
1709042400,139
1709043300,130
1709044200,106
1709045100,112
1709046000,102
1709046900,131
1709047800,270
1709048700,218
1709049600,238
1709050500,255
1709051400,418
1709052300,189
1709053200,294
1709054100,203
1709055000,447
1709055900,273
1709056800,262
1709057700,480
1709058600,409
1709059500,249
1709060400,271
1709061300,233
1709062200,198
1709063100,203
1709064000,186
1709064900,194
1709065800,208
1709066700,281
1709067600,176
1709068500,147
1709069400,126
1709070300,125
1709071200,108
1709072100,86
1709073000,52
1709073900,67
1709074800,66
1709075700,67
1709076600,49
1709077500,58
1709078400,50
1709079300,70
1709080200,49
1709081100,58
1709082000,59
1709082900,84
1709083800,54
1709084700,58
1709085600,51
1709086500,68
1709087400,52
1709088300,60
1709089200,49
1709090100,67
1709091000,77
1709091900,107
1709092800,94
1709093700,58
1709094600,64
1709095500,58
1709096400,104
1709097300,179
1709098200,297
1709099100,585
1709100000,1001
1709100900,1003
1709101800,687
1709102700,671
1709103600,206
1709104500,172
1709105400,148
1709106300,112
1709107200,573
1709108100,495
1709109000,527
1709109900,668
1709110800,710
1709111700,856
1709112600,910
1709113500,790
1709114400,695
1709115300,676
1709116200,350
1709117100,336
1709118000,236
1709118900,214
1709119800,376
1709120700,228
1709121600,151
1709122500,168
1709123400,528
1709124300,133
1709125200,186
1709126100,550
1709127000,916
1709127900,874
1709128800,730
1709129700,233
1709130600,206
1709131500,186
1709132400,181
1709133300,170
1709134200,184
1709135100,156
1709136000,196
1709136900,266
1709137800,266
1709138700,258
1709139600,259
1709140500,267
1709141400,254
1709142300,267
1709143200,251
1709144100,264
1709145000,276
1709145900,281
1709146800,277
1709147700,235
1709148600,250
1709149500,233
1709150400,229
1709151300,174
1709152200,200
1709153100,173
1709154000,205
1709154900,148
1709155800,138
1709156700,99
1709157600,79
1709158500,91
1709159400,93
1709160300,99
1709161200,94
1709162100,77
1709163000,83
1709163900,63
1709164800,65
1709165700,58
1709166600,67
1709167500,55
1709168400,67
1709169300,61
1709170200,61
1709171100,60
1709172000,56
1709172900,50
1709173800,57
1709174700,64
1709175600,56
1709176500,63
1709177400,70
1709178300,79
1709179200,90
1709180100,159
1709181000,168
1709181900,185
1709182800,134
1709183700,142
1709184600,567
1709185500,295
1709186400,580
1709187300,410
1709188200,133
1709189100,477
1709190000,98
1709190900,197
1709191800,158
1709192700,142
1709193600,122
1709194500,270
1709195400,610
1709196300,423
1709197200,168
1709198100,139
1709199000,151
1709199900,138
1709200800,106
1709201700,121
1709202600,200
1709203500,849
1709204400,775
1709205300,989
1709206200,760
1709207100,320
1709208000,296
1709208900,143
1709209800,458
1709210700,374
1709211600,189
1709212500,732
1709213400,360
1709214300,132
1709215200,109
1709216100,134
1709217000,160
1709217900,96
1709218800,107
1709219700,132
1709220600,116
1709221500,123
1709222400,132
1709223300,179
1709224200,174
1709225100,229
1709226000,216
1709226900,201
1709227800,146
1709228700,209
1709229600,177
1709230500,168
1709231400,174
1709232300,234
1709233200,271
1709234100,283
1709235000,261
1709235900,226
1709236800,186
1709237700,186
1709238600,181
1709239500,173
1709240400,139
1709241300,141
1709242200,99
1709243100,82
1709244000,92
1709244900,96
1709245800,78
1709246700,81
1709247600,97
1709248500,87
1709249400,75
1709250300,77
1709251200,148
1709252100,120
1709253000,93
1709253900,86
1709254800,66
1709255700,71
1709256600,69
1709257500,57
1709258400,54
1709259300,72
1709260200,56
1709261100,59
1709262000,59
1709262900,64
1709263800,68
1709264700,64
1709265600,57
1709266500,97
1709267400,111
1709268300,106
1709269200,74
1709270100,92
1709271000,131
1709271900,116
1709272800,191
1709273700,397
1709274600,133
1709275500,92
1709276400,81
1709277300,90
1709278200,86
1709279100,99
1709280000,63
1709280900,57
1709281800,67
1709282700,74
1709283600,64
1709284500,58
1709285400,369
1709286300,495
1709287200,350
1709288100,111
1709289000,116
1709289900,110
1709290800,109
1709291700,108
1709292600,105
1709293500,100
1709294400,104
1709295300,106
1709296200,82
1709297100,77
1709298000,84
1709298900,76
1709299800,87
1709300700,82
1709301600,81
1709302500,82
1709303400,71
1709304300,83
1709305200,68
1709306100,77
1709307000,109
1709307900,160
1709308800,142
1709309700,351
1709310600,161
1709311500,272
1709312400,152
1709313300,149
1709314200,197
1709315100,177
1709316000,185
1709316900,187
1709317800,184
1709318700,173
1709319600,221
1709320500,195
1709321400,183
1709322300,212
1709323200,146
1709324100,201
1709325000,210
1709325900,219
1709326800,144
1709327700,148
1709328600,65
1709329500,67
1709330400,51
1709331300,57
1709332200,53
1709333100,80
1709334000,67
1709334900,55
1709335800,57
1709336700,77
1709337600,64
1709338500,52
1709339400,59
1709340300,51
1709341200,78
1709342100,62
1709343000,66
1709343900,51
1709344800,66
1709345700,53
1709346600,107
1709347500,77
1709348400,60
1709349300,130
1709350200,121
1709351100,120
1709352000,107
1709352900,69
1709353800,67
1709354700,50
1709355600,58
1709356500,49
1709357400,188
1709358300,125
1709359200,99
1709360100,329
1709361000,99
1709361900,93
1709362800,99
1709363700,163
1709364600,234
1709365500,728
1709366400,321
1709367300,87
1709368200,101
1709369100,100
1709370000,102
1709370900,142
1709371800,130
1709372700,96
1709373600,88
1709374500,68
1709375400,111
1709376300,92
1709377200,106
1709378100,96
1709379000,99
1709379900,96
1709380800,93
1709381700,242
1709382600,204
1709383500,110
1709384400,134
1709385300,121
1709386200,136
1709387100,138
1709388000,138
1709388900,115
1709389800,121
1709390700,138
1709391600,169
1709392500,148
1709393400,165
1709394300,158
1709395200,172
1709396100,251
1709397000,171
1709397900,216
1709398800,244
1709399700,385
1709400600,399
1709401500,307
1709402400,399
1709403300,282
1709404200,168
1709405100,153
1709406000,213
1709406900,219
1709407800,229
1709408700,197
1709409600,185
1709410500,220
1709411400,237
1709412300,189
1709413200,172
1709414100,188
1709415000,164
1709415900,175
1709416800,174
1709417700,203
1709418600,192
1709419500,162
1709420400,167
1709421300,161
1709422200,106
1709423100,56
1709424000,54
1709424900,79
1709425800,57
1709426700,56
1709427600,51
1709428500,61
1709429400,57
1709430300,53
1709431200,52
1709432100,64
1709433000,79
1709433900,60
1709434800,61
1709435700,59
1709436600,107
1709437500,97
1709438400,93
1709439300,71
1709440200,69
1709441100,54
1709442000,112
1709442900,378
1709443800,199
1709444700,118
1709445600,78
1709446500,94
1709447400,88
1709448300,109
1709449200,121
1709450100,114
1709451000,107
1709451900,103
1709452800,90
1709453700,124
1709454600,115
1709455500,128
1709456400,132
1709457300,147
1709458200,143
1709459100,146
1709460000,141
1709460900,163
1709461800,150
1709462700,128
1709463600,122
1709464500,132
1709465400,165
1709466300,150
1709467200,160
1709468100,161
1709469000,162
1709469900,266
1709470800,190
1709471700,162
1709472600,169
1709473500,158
1709474400,189
1709475300,147
1709476200,134
1709477100,128
1709478000,140
1709478900,137
1709479800,128
1709480700,135
1709481600,176
1709482500,211
1709483400,182
1709484300,197
1709485200,202
1709486100,251
1709487000,225
1709487900,312
1709488800,306
1709489700,522
1709490600,323
1709491500,263
1709492400,282
1709493300,251
1709494200,236
1709495100,640
1709496000,224
1709496900,178
1709497800,185
1709498700,173
1709499600,177
1709500500,147
1709501400,142
1709502300,118
1709503200,125
1709504100,146
1709505000,102
1709505900,216
1709506800,80
1709507700,93
1709508600,93
1709509500,97
1709510400,75
1709511300,88
1709512200,84
1709513100,86
1709514000,67
1709514900,75
1709515800,69
1709516700,85
1709517600,73
1709518500,69
1709519400,84
1709520300,90
1709521200,84
1709522100,69
1709523000,76
1709523900,71
1709524800,98
1709525700,86
1709526600,82
1709527500,77
1709528400,124
1709529300,311
1709530200,124
1709531100,143
1709532000,166
1709532900,220
1709533800,101
1709534700,103
1709535600,89
1709536500,142
1709537400,149
1709538300,156
1709539200,121
1709540100,222
1709541000,199
1709541900,119
1709542800,123
1709543700,123
1709544600,144
1709545500,207
1709546400,124
1709547300,113
1709548200,155
1709549100,162
1709550000,173
1709550900,155
1709551800,150
1709552700,163
1709553600,150
1709554500,163
1709555400,178
1709556300,158
1709557200,147
1709558100,156
1709559000,137
1709559900,143
1709560800,168
1709561700,149
1709562600,166
1709563500,150
1709564400,150
1709565300,133
1709566200,160
1709567100,133
1709568000,135
1709568900,154
1709569800,152
1709570700,142
1709571600,134
1709572500,144
1709573400,134
1709574300,150
1709575200,139
1709576100,139
1709577000,146
1709577900,159
1709578800,140
1709579700,133
1709580600,160
1709581500,196
1709582400,268
1709583300,257
1709584200,232
1709585100,226
1709586000,265
1709586900,226
1709587800,213
1709588700,188
1709589600,190
1709590500,180
1709591400,176
1709592300,112
1709593200,119
1709594100,130
1709595000,100
1709595900,98
1709596800,96
1709597700,96
1709598600,96
1709599500,88
1709600400,102
1709601300,111
1709602200,102
1709603100,86
1709604000,95
1709604900,93
1709605800,100
1709606700,92
1709607600,88
1709608500,100
1709609400,133
1709610300,147
1709611200,120
1709612100,183
1709613000,148
1709613900,160
1709614800,120
1709615700,87
1709616600,102
1709617500,107
1709618400,115
1709619300,121
1709620200,423
1709621100,358
1709622000,150
1709622900,281
1709623800,267
1709624700,132
1709625600,114
1709626500,433
1709627400,550
1709628300,212
1709629200,596
1709630100,239
1709631000,178
1709631900,352
1709632800,251
1709633700,208
1709634600,209
1709635500,479
1709636400,385
1709637300,185
1709638200,202
1709639100,187
1709640000,619
1709640900,743
1709641800,704
1709642700,749
1709643600,279
1709644500,255
1709645400,263
1709646300,255
1709647200,244
1709648100,264
1709649000,260
1709649900,270
1709650800,245
1709651700,249
1709652600,257
1709653500,273
1709654400,237
1709655300,249
1709656200,195
1709657100,182
1709658000,212
1709658900,226
1709659800,549
1709660700,527
1709661600,298
1709662500,227
1709663400,236
1709664300,206
1709665200,212
1709666100,210
1709667000,185
1709667900,211
1709668800,190
1709669700,210
1709670600,180
1709671500,186
1709672400,203
1709673300,269
1709674200,227
1709675100,225
1709676000,190
1709676900,167
1709677800,132
1709678700,89
1709679600,103
1709680500,79
1709681400,91
1709682300,98
1709683200,92
1709684100,94
1709685000,106
1709685900,94
1709686800,86
1709687700,92
1709688600,83
1709689500,99
1709690400,87
1709691300,95
1709692200,97
1709693100,112
1709694000,85
1709694900,97
1709695800,93
1709696700,101
1709697600,136
1709698500,124
1709699400,132
1709700300,152
1709701200,142
1709702100,97
1709703000,93
1709703900,97
1709704800,84
1709705700,89
1709706600,84
1709707500,103
1709708400,86
1709709300,242
1709710200,129
1709711100,201
1709712000,134
1709712900,163
1709713800,154
1709714700,163
1709715600,187
1709716500,167
1709717400,361
1709718300,993
1709719200,375
1709720100,184
1709721000,185
1709721900,186
1709722800,153
1709723700,163
1709724600,139
1709725500,149
1709726400,149
1709727300,144
1709728200,132
1709729100,135
1709730000,148
1709730900,135
1709731800,172
1709732700,163
1709733600,143
1709734500,165
1709735400,306
1709736300,270
1709737200,276
1709738100,271
1709739000,256
1709739900,254
1709740800,246
1709741700,253
1709742600,512
1709743500,726
1709744400,665
1709745300,580
1709746200,244
1709747100,271
1709748000,272
1709748900,258
1709749800,245
1709750700,243
1709751600,283
1709752500,227
1709753400,221
1709754300,213
1709755200,175
1709756100,161
1709757000,180
1709757900,172
1709758800,155
1709759700,172
1709760600,174
1709761500,152
1709762400,116
1709763300,99
1709764200,70
1709765100,55
1709766000,83
1709766900,350
1709767800,773
1709768700,755
1709769600,695
1709770500,411
1709771400,84
1709772300,78
1709773200,79
1709774100,82
1709775000,67
1709775900,76
1709776800,79
1709777700,69
1709778600,56
1709779500,64
1709780400,70
1709781300,60
1709782200,98
1709783100,99
1709784000,103
1709784900,68
1709785800,76
1709786700,58
1709787600,75
1709788500,59
1709789400,72
1709790300,221
1709791200,75
1709792100,438
1709793000,359
1709793900,382
1709794800,627
1709795700,168
1709796600,129
1709797500,129
1709798400,108
1709799300,154
1709800200,329
1709801100,188
1709802000,149
1709802900,152
1709803800,1055
1709804700,1243
1709805600,898
1709806500,273
1709807400,183
1709808300,197
1709809200,225
1709810100,244
1709811000,205
1709811900,155
1709812800,151
1709813700,162
1709814600,191
1709815500,1268
1709816400,1164
1709817300,835
1709818200,778
1709819100,756
1709820000,975
1709820900,220
1709821800,202
1709822700,191
1709823600,236
1709824500,159
1709825400,270
1709826300,198
1709827200,362
1709828100,689
1709829000,688
1709829900,710
1709830800,210
1709831700,196
1709832600,221
1709833500,219
1709834400,242
1709835300,325
1709836200,711
1709837100,702
1709838000,425
1709838900,215
1709839800,226
1709840700,217
1709841600,225
1709842500,194
1709843400,194
1709844300,198
1709845200,179
1709846100,160
1709847000,118
1709847900,104
1709848800,208
1709849700,94
1709850600,72
1709851500,76
1709852400,79
1709853300,83
1709854200,69
1709855100,85
1709856000,98
1709856900,93
1709857800,74
1709858700,76
1709859600,87
1709860500,58
1709861400,58
1709862300,55
1709863200,97
1709864100,75
1709865000,77
1709865900,64
1709866800,120
1709867700,94
1709868600,70
1709869500,70
1709870400,78
1709871300,87
1709872200,79
1709873100,74
1709874000,75
1709874900,113
1709875800,110
1709876700,90
1709877600,477
1709878500,1061
1709879400,1087
1709880300,981
1709881200,630
1709882100,182
1709883000,82
1709883900,74
1709884800,82
1709885700,82
1709886600,99
1709887500,101
1709888400,93
1709889300,96
1709890200,98
1709891100,94
1709892000,86
1709892900,387
1709893800,517
1709894700,436
1709895600,449
1709896500,489
1709897400,170
1709898300,136
1709899200,141
1709900100,212
1709901000,169
1709901900,229
1709902800,219
1709903700,194
1709904600,179
1709905500,172
1709906400,191
1709907300,169
1709908200,164
1709909100,162
1709910000,180
1709910900,176
1709911800,148
1709912700,175
1709913600,174
1709914500,176
1709915400,154
1709916300,180
1709917200,188
1709918100,226
1709919000,237
1709919900,725
1709920800,689
1709921700,367
1709922600,318
1709923500,311
1709924400,303
1709925300,292
1709926200,316
1709927100,241
1709928000,226
1709928900,256
1709929800,246
1709930700,239
1709931600,222
1709932500,311
1709933400,227
1709934300,177
1709935200,167
1709936100,141
1709937000,144
1709937900,128
1709938800,119
1709939700,69
1709940600,76
1709941500,81
1709942400,78
1709943300,81
1709944200,89
1709945100,85
1709946000,67
1709946900,74
1709947800,86
1709948700,78
1709949600,71
1709950500,88
1709951400,96
1709952300,86
1709953200,77
1709954100,92
1709955000,106
1709955900,93
1709956800,107
1709957700,101
1709958600,122
1709959500,103
1709960400,90
1709961300,98
1709962200,151
1709963100,290
1709964000,91
1709964900,385
1709965800,353
1709966700,536
1709967600,357
1709968500,127
1709969400,135
1709970300,99
1709971200,348
1709972100,653
1709973000,217
1709973900,140
1709974800,164
1709975700,207
1709976600,161
1709977500,685
1709978400,628
1709979300,456
1709980200,375
1709981100,443
1709982000,169
1709982900,172
1709983800,159
1709984700,655
1709985600,281
1709986500,431
1709987400,299
1709988300,199
1709989200,197
1709990100,347
1709991000,871
1709991900,800
1709992800,613
1709993700,179
1709994600,161
1709995500,145
1709996400,147
1709997300,152
1709998200,156
1709999100,153
1710000000,738
1710000900,475
1710001800,190
1710002700,175
1710003600,193
1710004500,161
1710005400,177
1710006300,215
1710007200,743
1710008100,763
1710009000,754
1710009900,665
1710010800,743
1710011700,224
1710012600,241
1710013500,274
1710014400,273
1710015300,179
1710016200,200
1710017100,190
1710018000,181
1710018900,173
1710019800,113
1710020700,88
1710021600,89
1710022500,71
1710023400,66
1710024300,91
1710025200,71
1710026100,79
1710027000,81
1710027900,82
1710028800,87
1710029700,101
1710030600,74
1710031500,86
1710032400,96
1710033300,96
1710034200,97
1710035100,96
1710036000,115
1710036900,90
1710037800,96
1710038700,96
1710039600,86
1710040500,85
1710041400,103
1710042300,107
1710043200,96
1710044100,106
1710045000,98
1710045900,95
1710046800,101
1710047700,371
1710048600,158
1710049500,90
1710050400,79
1710051300,128
1710052200,111
1710053100,98
1710054000,105
1710054900,108
1710055800,102
1710056700,94
1710057600,183
1710058500,183
1710059400,171
1710060300,143
1710061200,270
1710062100,308
1710063000,123
1710063900,131
1710064800,125
1710065700,179
1710066600,480
1710067500,367
1710068400,202
1710069300,293
1710070200,220
1710071100,279
1710072000,230
1710072900,206
1710073800,172
1710074700,157
1710075600,168
1710076500,158
1710077400,210
1710078300,229
1710079200,230
1710080100,204
1710081000,194
1710081900,192
1710082800,177
1710083700,170
1710084600,166
1710085500,179
1710086400,177
1710087300,210
1710088200,184
1710089100,194
1710090000,179
1710090900,186
1710091800,201
1710092700,487
1710093600,662
1710094500,306
1710095400,297
1710096300,278
1710097200,289
1710098100,242
1710099000,221
1710099900,206
1710100800,218
1710101700,223
1710102600,195
1710103500,189
1710104400,125
1710105300,145
1710106200,108
1710107100,98
1710108000,109
1710108900,102
1710109800,96
1710110700,87
1710111600,104
1710112500,83
1710113400,81
1710114300,74
1710115200,103
1710116100,88
1710117000,77
1710117900,71
1710118800,69
1710119700,69
1710120600,61
1710121500,82
1710122400,76
1710123300,89
1710124200,91
1710125100,99
1710126000,91
1710126900,106
1710127800,115
1710128700,86
1710129600,84
1710130500,73
1710131400,97
1710132300,295
1710133200,127
1710134100,425
1710135000,235
1710135900,193
1710136800,153
1710137700,105
1710138600,112
1710139500,444
1710140400,272
1710141300,140
1710142200,274
1710143100,195
1710144000,186
1710144900,90
1710145800,204
1710146700,89
1710147600,111
1710148500,92
1710149400,219
1710150300,97
1710151200,93
1710152100,104
1710153000,147
1710153900,172
1710154800,159
1710155700,165
1710156600,210
1710157500,184
1710158400,146
1710159300,205
1710160200,161
1710161100,137
1710162000,137
1710162900,128
1710163800,127
1710164700,114
1710165600,121
1710166500,127
1710167400,118
1710168300,119
1710169200,121
1710170100,137
1710171000,108
1710171900,117
1710172800,110
1710173700,128
1710174600,108
1710175500,111
1710176400,128
1710177300,131
1710178200,119
1710179100,109
1710180000,121
1710180900,127
1710181800,116
1710182700,114
1710183600,129
1710184500,137
1710185400,117
1710186300,120
1710187200,113
1710188100,129
1710189000,198
1710189900,253
1710190800,217
1710191700,230
1710192600,140
1710193500,92
1710194400,88
1710195300,82
1710196200,101
1710197100,76
1710198000,79
1710198900,82
1710199800,120
1710200700,84
1710201600,92
1710202500,86
1710203400,92
1710204300,95
1710205200,86
1710206100,94
1710207000,99
1710207900,117
1710208800,83
1710209700,92
1710210600,87
1710211500,100
1710212400,98
1710213300,93
1710214200,96
1710215100,98
1710216000,111
1710216900,90
1710217800,96
1710218700,112
1710219600,110
1710220500,145
1710221400,127
1710222300,114
1710223200,125
1710224100,383
1710225000,394
1710225900,508
1710226800,122
1710227700,171
1710228600,468
1710229500,138
1710230400,119
1710231300,150
1710232200,152
1710233100,137
1710234000,225
1710234900,245
1710235800,515
1710236700,136
1710237600,148
1710238500,188
1710239400,259
1710240300,286
1710241200,599
1710242100,215
1710243000,206
1710243900,205
1710244800,222
1710245700,207
1710246600,199
1710247500,200
1710248400,348
1710249300,190
1710250200,173
1710251100,171
1710252000,327
1710252900,272
1710253800,253
1710254700,669
1710255600,377
1710256500,562
1710257400,656
1710258300,279
1710259200,266
1710260100,263
1710261000,263
1710261900,265
1710262800,286
1710263700,279
1710264600,258
1710265500,245
1710266400,244
1710267300,271
1710268200,244
1710269100,248
1710270000,277
1710270900,272
1710271800,249
1710272700,278
1710273600,207
1710274500,252
1710275400,194
1710276300,157
1710277200,174
1710278100,125
1710279000,101
1710279900,71
1710280800,93
1710281700,85
1710282600,90
1710283500,79
1710284400,83
1710285300,80
1710286200,81
1710287100,91
1710288000,82
1710288900,80
1710289800,82
1710290700,93
1710291600,83
1710292500,73
1710293400,83
1710294300,84
1710295200,110
1710296100,86
1710297000,100
1710297900,97
1710298800,116
1710299700,89
1710300600,88
1710301500,94
1710302400,98
1710303300,102
1710304200,84
1710305100,104
1710306000,127
1710306900,159
1710307800,162
1710308700,181
1710309600,155
1710310500,151
1710311400,112
1710312300,100
1710313200,156
1710314100,228
1710315000,318
1710315900,116
1710316800,125
1710317700,110
1710318600,104
1710319500,94
1710320400,88
1710321300,96
1710322200,77
1710323100,100
1710324000,75
1710324900,84
1710325800,108
1710326700,138
1710327600,146
1710328500,145
1710329400,147
1710330300,139
1710331200,164
1710332100,138
1710333000,139
1710333900,138
1710334800,213
1710335700,295
1710336600,295
1710337500,267
1710338400,193
1710339300,204
1710340200,343
1710341100,210
1710342000,208
1710342900,276
1710343800,267
1710344700,265
1710345600,265
1710346500,267
1710347400,249
1710348300,235
1710349200,249
1710350100,275
1710351000,283
1710351900,254
1710352800,251
1710353700,274
1710354600,262
1710355500,260
1710356400,254
1710357300,269
1710358200,221
1710359100,284
1710360000,230
1710360900,201
1710361800,215
1710362700,249
1710363600,187
1710364500,169
1710365400,157
1710366300,140
1710367200,132
1710368100,84
1710369000,122
1710369900,89
1710370800,100
1710371700,78
1710372600,87
1710373500,83
1710374400,107
1710375300,83
1710376200,71
1710377100,74
1710378000,81
1710378900,78
1710379800,68
1710380700,84
1710381600,105
1710382500,100
1710383400,88
1710384300,83
1710385200,97
1710386100,86
1710387000,110
1710387900,123
1710388800,127
1710389700,110
1710390600,103
1710391500,90
1710392400,89
1710393300,100
1710394200,86
1710395100,108
1710396000,323
1710396900,336
1710397800,381
1710398700,154
1710399600,346
1710400500,682
1710401400,352
1710402300,337
1710403200,160
1710404100,354
1710405000,477
1710405900,401
1710406800,124
1710407700,124
1710408600,324
1710409500,747
1710410400,558
1710411300,413
1710412200,756
1710413100,724
1710414000,245
1710414900,185
1710415800,165
1710416700,161
1710417600,185
1710418500,148
1710419400,114
1710420300,362
1710421200,909
1710422100,863
1710423000,1191
1710423900,1186
1710424800,803
1710425700,708
1710426600,268
1710427500,187
1710428400,345
1710429300,826
1710430200,870
1710431100,666
1710432000,196
1710432900,192
1710433800,451
1710434700,859
1710435600,580
1710436500,281
1710437400,282
1710438300,306
1710439200,229
1710440100,245
1710441000,773
1710441900,496
1710442800,443
1710443700,271
1710444600,256
1710445500,391
1710446400,573
1710447300,855
1710448200,569
1710449100,520
1710450000,618
1710450900,220
1710451800,114
1710452700,88
1710453600,90
1710454500,90
1710455400,90
1710456300,71
1710457200,72
1710458100,67
1710459000,53
1710459900,43
1710460800,52
1710461700,61
1710462600,59
1710463500,65
1710464400,70
1710465300,65
1710466200,54
1710467100,61
1710468000,51
1710468900,86
1710469800,65
1710470700,102
1710471600,106
1710472500,99
1710473400,68
1710474300,75
1710475200,67
1710476100,74
1710477000,80
1710477900,69
1710478800,75
1710479700,92
1710480600,107
1710481500,270
1710482400,95
1710483300,114
1710484200,299
1710485100,308
1710486000,176
1710486900,132
1710487800,493
1710488700,383
1710489600,654
1710490500,291
1710491400,93
1710492300,110
1710493200,161
1710494100,666
1710495000,450
1710495900,430
1710496800,465
1710497700,284
1710498600,137
1710499500,225
1710500400,234
1710501300,191
1710502200,314
1710503100,415
1710504000,215
1710504900,175
1710505800,168
1710506700,236
1710507600,161
1710508500,138
1710509400,141
1710510300,162
1710511200,161
1710512100,378
1710513000,428
1710513900,164
1710514800,321
1710515700,426
1710516600,139
1710517500,304
1710518400,365
1710519300,316
1710520200,208
1710521100,221
1710522000,180
1710522900,193
1710523800,195
1710524700,190
1710525600,230
1710526500,354
1710527400,406
1710528300,267
1710529200,294
1710530100,282
1710531000,267
1710531900,293
1710532800,240
1710533700,206
1710534600,179
1710535500,186
1710536400,190
1710537300,195
1710538200,113
1710539100,80
1710540000,75
1710540900,87
1710541800,73
1710542700,92
1710543600,82
1710544500,97
1710545400,86
1710546300,85
1710547200,68
1710548100,76
1710549000,80
1710549900,79
1710550800,84
1710551700,83
1710552600,75
1710553500,72
1710554400,71
1710555300,86
1710556200,79
1710557100,92
1710558000,79
1710558900,86
1710559800,84
1710560700,74
1710561600,70
1710562500,78
1710563400,78
1710564300,79
1710565200,85
1710566100,83
1710567000,74
1710567900,334
1710568800,157
1710569700,124
1710570600,234
1710571500,309
1710572400,157
1710573300,135
1710574200,91
1710575100,71
1710576000,85
1710576900,72
1710577800,69
1710578700,76
1710579600,86
1710580500,95
1710581400,77
1710582300,87
1710583200,78
1710584100,101
1710585000,112
1710585900,121
1710586800,126
1710587700,132
1710588600,240
1710589500,115
1710590400,120
1710591300,113
1710592200,173
1710593100,175
1710594000,201
1710594900,220
1710595800,211
1710596700,268
1710597600,288
1710598500,180
1710599400,177
1710600300,188
1710601200,173
1710602100,172
1710603000,251
1710603900,171
1710604800,177
1710605700,182
1710606600,183
1710607500,173
1710608400,208
1710609300,217
1710610200,239
1710611100,189
1710612000,291
1710612900,434
1710613800,286
1710614700,332
1710615600,274
1710616500,265
1710617400,346
1710618300,556
1710619200,183
1710620100,168
1710621000,190
1710621900,219
1710622800,198
1710623700,222
1710624600,102
1710625500,102
1710626400,84
1710627300,91
1710628200,88
1710629100,107
1710630000,99
1710630900,101
1710631800,82
1710632700,105
1710633600,77
1710634500,67
1710635400,58
1710636300,82
1710637200,86
1710638100,84
1710639000,70
1710639900,79
1710640800,79
1710641700,71
1710642600,77
1710643500,90
1710644400,134
1710645300,120
1710646200,110
1710647100,71
1710648000,75
1710648900,84
1710649800,74
1710650700,64
1710651600,274
1710652500,155
1710653400,248
1710654300,160
1710655200,76
1710656100,78
1710657000,70
1710657900,87
1710658800,76
1710659700,86
1710660600,69
1710661500,86
1710662400,90
1710663300,85
1710664200,77
1710665100,83
1710666000,85
1710666900,106
1710667800,91
1710668700,80
1710669600,117
1710670500,116
1710671400,172
1710672300,159
1710673200,229
1710674100,199
1710675000,197
1710675900,187
1710676800,163
1710677700,154
1710678600,158
1710679500,151
1710680400,165
1710681300,177
1710682200,165
1710683100,174
1710684000,198
1710684900,187
1710685800,177
1710686700,152
1710687600,142
1710688500,154
1710689400,145
1710690300,146
1710691200,412
1710692100,177
1710693000,155
1710693900,170
1710694800,172
1710695700,238
1710696600,245
1710697500,247
1710698400,254
1710699300,280
1710700200,264
1710701100,222
1710702000,257
1710702900,238
1710703800,260
1710704700,245
1710705600,216
1710706500,293
1710707400,178
1710708300,168
1710709200,195
1710710100,183
1710711000,147
1710711900,120
1710712800,83
1710713700,79
1710714600,93
1710715500,89
1710716400,73
1710717300,62
1710718200,67
1710719100,49
1710720000,73
1710720900,55
1710721800,56
1710722700,55
1710723600,57
1710724500,97
1710725400,75
1710726300,77
1710727200,65
1710728100,73
1710729000,74
1710729900,83
1710730800,68
1710731700,84
1710732600,76
1710733500,73
1710734400,85
1710735300,71
1710736200,73
1710737100,107
1710738000,311
1710738900,119
1710739800,226
1710740700,272
1710741600,181
1710742500,249
1710743400,178
1710744300,110
1710745200,85
1710746100,162
1710747000,173
1710747900,92
1710748800,82
1710749700,100
1710750600,113
1710751500,78
1710752400,88
1710753300,96
1710754200,135
1710755100,185
1710756000,154
1710756900,85
1710757800,108
1710758700,111
1710759600,132
1710760500,108
1710761400,116
1710762300,123
1710763200,161
1710764100,166
1710765000,263
1710765900,136
1710766800,140
1710767700,185
1710768600,401
1710769500,499
1710770400,179
1710771300,188
1710772200,164
1710773100,348
1710774000,437
1710774900,220
1710775800,190
1710776700,553
1710777600,250
1710778500,218
1710779400,453
1710780300,207
1710781200,193
1710782100,178
1710783000,178
1710783900,283
1710784800,528
1710785700,199
1710786600,207
1710787500,191
1710788400,193
1710789300,250
1710790200,222
1710791100,207
1710792000,193
1710792900,204
1710793800,193
1710794700,205
1710795600,139
1710796500,142
1710797400,103
1710798300,60
1710799200,101
1710800100,111
1710801000,70
1710801900,136
1710802800,115
1710803700,96
1710804600,63
1710805500,52
1710806400,59
1710807300,63
1710808200,75
1710809100,62
1710810000,74
1710810900,66
1710811800,70
1710812700,71
1710813600,83
1710814500,92
1710815400,124
1710816300,83
1710817200,64
1710818100,85
1710819000,72
1710819900,73
1710820800,65
1710821700,72
1710822600,89
1710823500,98
1710824400,86
1710825300,68
1710826200,74
1710827100,69
1710828000,233
1710828900,88
1710829800,399
1710830700,389
1710831600,129
1710832500,169
1710833400,335
1710834300,129
1710835200,102
1710836100,114
1710837000,98
1710837900,119
1710838800,511
1710839700,644
1710840600,631
1710841500,307
1710842400,105
1710843300,161
1710844200,145
1710845100,143
1710846000,152
1710846900,128
1710847800,157
1710848700,141
1710849600,145
1710850500,138
1710851400,136
1710852300,138
1710853200,213
1710854100,154
1710855000,261
1710855900,239
1710856800,228
1710857700,257
1710858600,274
1710859500,278
1710860400,276
1710861300,273
1710862200,254
1710863100,283
1710864000,259
1710864900,263
1710865800,253
1710866700,264
1710867600,297
1710868500,313
1710869400,287
1710870300,271
1710871200,262
1710872100,263
1710873000,271
1710873900,323
1710874800,282
1710875700,259
1710876600,215
1710877500,245
1710878400,258
1710879300,228
1710880200,222
1710881100,200
1710882000,206
1710882900,216
1710883800,142
1710884700,100
1710885600,89
1710886500,86
1710887400,77
1710888300,76
1710889200,94
1710890100,93
1710891000,90
1710891900,81
1710892800,93
1710893700,90
1710894600,90
1710895500,82
1710896400,100
1710897300,110
1710898200,93
1710899100,93
1710900000,84
1710900900,110
1710901800,103
1710902700,107
1710903600,108
1710904500,132
1710905400,166
1710906300,146
1710907200,124
1710908100,110
1710909000,112
1710909900,105
1710910800,111
1710911700,110
1710912600,118
1710913500,105
1710914400,106
1710915300,99
1710916200,104
1710917100,104
1710918000,138
1710918900,307
1710919800,129
1710920700,408
1710921600,568
1710922500,459
1710923400,853
1710924300,705
1710925200,449
1710926100,460
1710927000,421
1710927900,343
1710928800,166
1710929700,182
1710930600,387
1710931500,562
1710932400,318
1710933300,197
1710934200,336
1710935100,227
1710936000,175
1710936900,167
1710937800,184
1710938700,249
1710939600,656
1710940500,209
1710941400,201
1710942300,205
1710943200,186
1710944100,270
1710945000,204
1710945900,230
1710946800,202
1710947700,252
1710948600,418
1710949500,264
1710950400,539
1710951300,923
1710952200,909
1710953100,479
1710954000,314
1710954900,313
1710955800,312
1710956700,299
1710957600,318
1710958500,389
1710959400,379
1710960300,308
1710961200,320
1710962100,277
1710963000,296
1710963900,252
1710964800,229
1710965700,211
1710966600,200
1710967500,238
1710968400,182
1710969300,137
1710970200,126
1710971100,114
1710972000,104
1710972900,112
1710973800,85
1710974700,74
1710975600,54
1710976500,61
1710977400,54
1710978300,74
1710979200,55
1710980100,75
1710981000,139
1710981900,83
1710982800,65
1710983700,73
1710984600,65
1710985500,86
1710986400,83
1710987300,92
1710988200,104
1710989100,105
1710990000,97
1710990900,85
1710991800,120
1710992700,121
1710993600,98
1710994500,78
1710995400,97
1710996300,89
1710997200,128
1710998100,95
1710999000,275
1710999900,151
1711000800,444
1711001700,105
1711002600,89
1711003500,96
1711004400,81
1711005300,96
1711006200,75
1711007100,79
1711008000,76
1711008900,92
1711009800,76
1711010700,90
1711011600,90
1711012500,80
1711013400,94
1711014300,74
1711015200,80
1711016100,73
1711017000,124
1711017900,111
1711018800,129
1711019700,126
1711020600,205
1711021500,328
1711022400,339
1711023300,253
1711024200,147
1711025100,176
1711026000,799
1711026900,324
1711027800,770
1711028700,842
1711029600,827
1711030500,742
1711031400,514
1711032300,199
1711033200,190
1711034100,226
1711035000,205
1711035900,167
1711036800,388
1711037700,1254
1711038600,1219
1711039500,787
1711040400,399
1711041300,221
1711042200,242
1711043100,235
1711044000,227
1711044900,222
1711045800,246
1711046700,255
1711047600,253
1711048500,229
1711049400,255
1711050300,277
1711051200,245
1711052100,228
1711053000,226
1711053900,197
1711054800,193
1711055700,152
1711056600,120
1711057500,108
1711058400,103
1711059300,111
1711060200,85
1711061100,77
1711062000,70
1711062900,82
1711063800,60
1711064700,62
1711065600,61
1711066500,75
1711067400,83
1711068300,72
1711069200,63
1711070100,59
1711071000,81
1711071900,78
1711072800,81
1711073700,73
1711074600,98
1711075500,96
1711076400,81
1711077300,72
1711078200,79
1711079100,83
1711080000,89
1711080900,72
1711081800,108
1711082700,126
1711083600,134
1711084500,73
1711085400,245
1711086300,285
1711087200,87
1711088100,131
1711089000,573
1711089900,113
1711090800,284
1711091700,366
1711092600,126
1711093500,384
1711094400,192
1711095300,99
1711096200,162
1711097100,223
1711098000,169
1711098900,124
1711099800,127
1711100700,137
1711101600,128
1711102500,495
1711103400,392
1711104300,254
1711105200,446
1711106100,492
1711107000,259
1711107900,190
1711108800,176
1711109700,198
1711110600,341
1711111500,480
1711112400,317
1711113300,284
1711114200,718
1711115100,582
1711116000,259
1711116900,309
1711117800,170
1711118700,164
1711119600,146
1711120500,137
1711121400,137
1711122300,145
1711123200,159
1711124100,126
1711125000,141
1711125900,128
1711126800,157
1711127700,154
1711128600,228
1711129500,195
1711130400,188
1711131300,208
1711132200,270
1711133100,236
1711134000,214
1711134900,205
1711135800,252
1711136700,284
1711137600,182
1711138500,233
1711139400,197
1711140300,175
1711141200,181
1711142100,181
1711143000,129
1711143900,101
1711144800,91
1711145700,95
1711146600,89
1711147500,116
1711148400,91
1711149300,91
1711150200,77
1711151100,95
1711152000,84
1711152900,79
1711153800,83
1711154700,87
1711155600,130
1711156500,128
1711157400,127
1711158300,117
1711159200,160
1711160100,93
1711161000,100
1711161900,97
1711162800,103
1711163700,110
1711164600,96
1711165500,115
1711166400,107
1711167300,111
1711168200,101
1711169100,112
1711170000,262
1711170900,188
1711171800,460
1711172700,121
1711173600,115
1711174500,114
1711175400,134
1711176300,169
1711177200,145
1711178100,134
1711179000,138
1711179900,124
1711180800,134
1711181700,162
1711182600,146
1711183500,152
1711184400,165
1711185300,137
1711186200,125
1711187100,119
1711188000,224
1711188900,191
1711189800,168
1711190700,163
1711191600,178
1711192500,190
1711193400,196
1711194300,164
1711195200,234
1711196100,198
1711197000,273
1711197900,182
1711198800,303
1711199700,262
1711200600,144
1711201500,205
1711202400,183
1711203300,554
1711204200,704
1711205100,277
1711206000,139
1711206900,147
1711207800,117
1711208700,108
1711209600,111
1711210500,116
1711211400,105
1711212300,118
1711213200,115
1711214100,144
1711215000,202
1711215900,204
1711216800,218
1711217700,206
1711218600,260
1711219500,237
1711220400,197
1711221300,201
1711222200,202
1711223100,183
1711224000,188
1711224900,209
1711225800,166
1711226700,170
1711227600,144
1711228500,183
1711229400,129
1711230300,114
1711231200,100
1711232100,103
1711233000,74
1711233900,80
1711234800,72
1711235700,79
1711236600,87
1711237500,80
1711238400,72
1711239300,79
1711240200,73
1711241100,92
1711242000,94
1711242900,83
1711243800,81
1711244700,75
1711245600,94
1711246500,74
1711247400,80
1711248300,75
1711249200,85
1711250100,84
1711251000,97
1711251900,81
1711252800,88
1711253700,87
1711254600,97
1711255500,87
1711256400,260
1711257300,226
1711258200,371
1711259100,109
1711260000,111
1711260900,91
1711261800,104
1711262700,130
1711263600,127
1711264500,121
1711265400,146
1711266300,127
1711267200,172
1711268100,128
1711269000,119
1711269900,130
1711270800,175
1711271700,141
1711272600,186
1711273500,108
1711274400,153
1711275300,225
1711276200,149
1711277100,291
1711278000,163
1711278900,158
1711279800,139
1711280700,158
1711281600,136
1711282500,139
1711283400,129
1711284300,152
1711285200,160
1711286100,274
1711287000,208
1711287900,354
1711288800,128
1711289700,122
1711290600,124
1711291500,113
1711292400,115
1711293300,115
1711294200,539
1711295100,189
1711296000,154
1711296900,141
1711297800,153
1711298700,154
1711299600,142
1711300500,126
1711301400,143
1711302300,141
1711303200,207
1711304100,199
1711305000,204
1711305900,207
1711306800,196
1711307700,202
1711308600,189
1711309500,197
1711310400,230
1711311300,221
1711312200,207
1711313100,230
1711314000,218
1711314900,242
1711315800,202
1711316700,145
1711317600,104
1711318500,104
1711319400,95
1711320300,107
1711321200,100
1711322100,119
1711323000,128
1711323900,113
1711324800,113
1711325700,114
1711326600,133
1711327500,105
1711328400,120
1711329300,105
1711330200,119
1711331100,134
1711332000,128
1711332900,115
1711333800,122
1711334700,103
1711335600,118
1711336500,105
1711337400,98
1711338300,107
1711339200,101
1711340100,123
1711341000,107
1711341900,138
1711342800,198
1711343700,235
1711344600,119
1711345500,112
1711346400,98
1711347300,111
1711348200,219
1711349100,276
1711350000,241
1711350900,157
1711351800,133
1711352700,148
1711353600,182
1711354500,165
1711355400,458
1711356300,262
1711357200,196
1711358100,129
1711359000,217
1711359900,175
1711360800,473
1711361700,270
1711362600,180
1711363500,183
1711364400,163
1711365300,153
1711366200,133
1711367100,136
1711368000,365
1711368900,203
1711369800,265
1711370700,163
1711371600,320
1711372500,176
1711373400,122
1711374300,135
1711375200,123
1711376100,138
1711377000,174
1711377900,160
1711378800,177
1711379700,164
1711380600,199
1711381500,198
1711382400,159
1711383300,195
1711384200,169
1711385100,165
1711386000,152
1711386900,157
1711387800,150
1711388700,167
1711389600,179
1711390500,197
1711391400,442
1711392300,342
1711393200,271
1711394100,282
1711395000,238
1711395900,494
1711396800,322
1711397700,206
1711398600,185
1711399500,190
1711400400,155
1711401300,200
1711402200,162
1711403100,109
1711404000,75
1711404900,89
1711405800,78
1711406700,80
1711407600,79
1711408500,80
1711409400,92
1711410300,75
1711411200,113
1711412100,105
1711413000,122
1711413900,68
1711414800,72
1711415700,64
1711416600,71
1711417500,77
1711418400,73
1711419300,63
1711420200,88
1711421100,101
1711422000,96
1711422900,89
1711423800,127
1711424700,85
1711425600,93
1711426500,82
1711427400,81
1711428300,82
1711429200,87
1711430100,99
1711431000,87
1711431900,109
1711432800,93
1711433700,266
1711434600,107
1711435500,392
1711436400,174
1711437300,110
1711438200,128
1711439100,117
1711440000,129
1711440900,121
1711441800,115
1711442700,130
1711443600,118
1711444500,119
1711445400,141
1711446300,127
1711447200,137
1711448100,153
1711449000,193
1711449900,184
1711450800,172
1711451700,168
1711452600,155
1711453500,198
1711454400,192
1711455300,184
1711456200,167
1711457100,181
1711458000,192
1711458900,238
1711459800,225
1711460700,296
1711461600,204
1711462500,201
1711463400,238
1711464300,236
1711465200,248
1711466100,248
1711467000,248
1711467900,275
1711468800,264
1711469700,251
1711470600,273
1711471500,284
1711472400,316
1711473300,313
1711474200,314
1711475100,262
1711476000,255
1711476900,285
1711477800,426
1711478700,407
1711479600,402
1711480500,304
1711481400,241
1711482300,262
1711483200,249
1711484100,267
1711485000,325
1711485900,253
1711486800,194
1711487700,128
1711488600,103
1711489500,88
1711490400,57
1711491300,64
1711492200,58
1711493100,77
1711494000,57
1711494900,63
1711495800,56
1711496700,91
1711497600,69
1711498500,73
1711499400,57
1711500300,78
1711501200,57
1711502100,70
1711503000,63
1711503900,87
1711504800,67
1711505700,137
1711506600,165
1711507500,178
1711508400,134
1711509300,128
1711510200,127
1711511100,131
1711512000,97
1711512900,84
1711513800,78
1711514700,85
1711515600,92
1711516500,103
1711517400,129
1711518300,128
1711519200,141
1711520100,146
1711521000,229
1711521900,72
1711522800,89
1711523700,114
1711524600,451
1711525500,354
1711526400,326
1711527300,293
1711528200,340
1711529100,309
1711530000,222
1711530900,296
1711531800,205
1711532700,203
1711533600,214
1711534500,340
1711535400,392
1711536300,248
1711537200,196
1711538100,203
1711539000,180
1711539900,464
1711540800,344
1711541700,240
1711542600,171
1711543500,201
1711544400,167
1711545300,182
1711546200,163
1711547100,317
1711548000,174
1711548900,161
1711549800,167
1711550700,165
1711551600,154
1711552500,152
1711553400,164
1711554300,159
1711555200,153
1711556100,144
1711557000,145
1711557900,145
1711558800,170
1711559700,221
1711560600,249
1711561500,272
1711562400,282
1711563300,270
1711564200,242
1711565100,222
1711566000,256
1711566900,232
1711567800,218
1711568700,237
1711569600,213
1711570500,162
1711571400,153
1711572300,142
1711573200,119
1711574100,100
1711575000,124
1711575900,87
1711576800,87
1711577700,76
1711578600,87
1711579500,83
1711580400,81
1711581300,81
1711582200,90
1711583100,91
1711584000,91
1711584900,78
1711585800,71
1711586700,84
1711587600,74
1711588500,80
1711589400,69
1711590300,82
1711591200,69
1711592100,81
1711593000,79
1711593900,98
1711594800,88
1711595700,89
1711596600,117
1711597500,122
1711598400,131
1711599300,86
1711600200,84
1711601100,114
1711602000,470
1711602900,237
1711603800,122
1711604700,91
1711605600,88
1711606500,96
1711607400,119
1711608300,696
1711609200,652
1711610100,312
1711611000,116
1711611900,119
1711612800,114
1711613700,139
1711614600,162
1711615500,109
1711616400,99
1711617300,117
1711618200,136
1711619100,137
1711620000,134
1711620900,141
1711621800,139
1711622700,142
1711623600,148
1711624500,161
1711625400,156
1711626300,153
1711627200,171
1711628100,162
1711629000,142
1711629900,138
1711630800,142
1711631700,142
1711632600,152
1711633500,158
1711634400,190
1711635300,249
1711636200,151
1711637100,150
1711638000,152
1711638900,145
1711639800,129
1711640700,165
1711641600,609
1711642500,951
1711643400,827
1711644300,1119
1711645200,815
1711646100,1099
1711647000,494
1711647900,332
1711648800,875
1711649700,1231
1711650600,790
1711651500,672
1711652400,274
1711653300,273
1711654200,237
1711655100,234
1711656000,203
1711656900,126
1711657800,122
1711658700,130
1711659600,129
1711660500,104
1711661400,101
1711662300,94
1711663200,103
1711664100,108
1711665000,105
1711665900,97
1711666800,101
1711667700,100
1711668600,133
1711669500,101
1711670400,106
1711671300,93
1711672200,102
1711673100,118
1711674000,126
1711674900,108
1711675800,117
1711676700,115
1711677600,131
1711678500,129
1711679400,113
1711680300,137
1711681200,121
1711682100,126
1711683000,138
1711683900,100
1711684800,78
1711685700,82
1711686600,99
1711687500,1054
1711688400,738
1711689300,690
1711690200,954
1711691100,199
1711692000,203
1711692900,468
1711693800,92
1711694700,523
1711695600,129
1711696500,380
1711697400,827
1711698300,516
1711699200,792
1711700100,168
1711701000,399
1711701900,970
1711702800,625
1711703700,170
1711704600,161
1711705500,176
1711706400,348
1711707300,268
1711708200,271
1711709100,152
1711710000,406
1711710900,217
1711711800,184
1711712700,417
1711713600,323
1711714500,133
1711715400,254
1711716300,180
1711717200,163
1711718100,119
1711719000,156
1711719900,172
1711720800,169
1711721700,175
1711722600,175
1711723500,161
1711724400,162
1711725300,181
1711726200,175
1711727100,183
1711728000,173
1711728900,193
1711729800,595
1711730700,494
1711731600,606
1711732500,495
1711733400,502
1711734300,307
1711735200,303
1711736100,345
1711737000,326
1711737900,306
1711738800,314
1711739700,325
1711740600,294
1711741500,246
1711742400,215
1711743300,195
1711744200,191
1711745100,215
1711746000,199
1711746900,202
1711747800,101
1711748700,109
1711749600,97
1711750500,99
1711751400,115
1711752300,103
1711753200,122
1711754100,100
1711755000,109
1711755900,98
1711756800,109
1711757700,114
1711758600,103
1711759500,106
1711760400,117
1711761300,112
1711762200,119
1711763100,98
1711764000,109
1711764900,103
1711765800,154
1711766700,155
1711767600,148
1711768500,117
1711769400,101
1711770300,113
1711771200,104
1711772100,108
1711773000,98
1711773900,271
1711774800,379
1711775700,349
1711776600,121
1711777500,526
1711778400,118
1711779300,349
1711780200,306
1711781100,140
1711782000,122
1711782900,394
1711783800,366
1711784700,162
1711785600,154
1711786500,152
1711787400,166
1711788300,124
1711789200,267
1711790100,228
1711791000,183
1711791900,202
1711792800,214
1711793700,450
1711794600,182
1711795500,172
1711796400,184
1711797300,182
1711798200,302
1711799100,824
1711800000,198
1711800900,206
1711801800,445
1711802700,326
1711803600,504
1711804500,555
1711805400,458
1711806300,215
1711807200,202
1711808100,203
1711809000,179
1711809900,219
1711810800,229
1711811700,281
1711812600,216
1711813500,208
1711814400,205
1711815300,182
1711816200,152
1711817100,187
1711818000,221
1711818900,759
1711819800,603
1711820700,631
1711821600,738
1711822500,282
1711823400,256
1711824300,284
1711825200,294
1711826100,284
1711827000,346
1711827900,220
1711828800,197
1711829700,168
1711830600,203
1711831500,173
1711832400,138
1711833300,134
1711834200,145
1711835100,163
1711836000,116
1711836900,118
1711837800,109
1711838700,107
1711839600,112
1711840500,107
1711841400,95
1711842300,104
1711843200,108
1711844100,136
1711845000,124
1711845900,118
1711846800,112
1711847700,116
1711848600,126
1711849500,111
1711850400,114
1711851300,119
1711852200,120
1711853100,125
1711854000,111
1711854900,96
1711855800,114
1711856700,109
1711857600,305
1711858500,348
1711859400,185
1711860300,506
1711861200,855
1711862100,823
1711863000,801
1711863900,743
1711864800,1001
1711865700,231
1711866600,166
1711867500,158
1711868400,127
1711869300,281
1711870200,385
1711871100,115
1711872000,137
1711872900,171
1711873800,183
1711874700,182
1711875600,166
1711876500,219
1711877400,212
1711878300,251
1711879200,220
1711880100,230
1711881000,234
1711881900,220
1711882800,236
1711883700,174
1711884600,167
1711885500,169
1711886400,175
1711887300,177
1711888200,186
1711889100,171
1711890000,191
1711890900,176
1711891800,170
1711892700,190
1711893600,237
1711894500,215
1711895400,192
1711896300,187
1711897200,173
1711898100,185
1711899000,186
1711899900,187
1711900800,188
1711901700,195
1711902600,204
1711903500,224
1711904400,190
1711905300,193
1711906200,189
1711907100,197
1711908000,216
1711908900,226
1711909800,205
1711910700,208
1711911600,195
1711912500,203
1711913400,181
1711914300,191
1711915200,136
1711916100,137
1711917000,118
1711917900,101
1711918800,92
1711919700,89
1711920600,109
1711921500,86
1711922400,93
1711923300,92
1711924200,117
1711925100,105
1711926000,101
1711926900,92
1711927800,103
1711928700,97
1711929600,95
1711930500,85
1711931400,117
1711932300,106
1711933200,118
1711934100,140
1711935000,106
1711935900,99
1711936800,122
1711937700,129
1711938600,123
1711939500,123
1711940400,112
1711941300,104
1711942200,137
1711943100,145
1711944000,152
1711944900,297
1711945800,139
1711946700,193
1711947600,287
1711948500,123
1711949400,99
1711950300,104
1711951200,112
1711952100,136
1711953000,302
1711953900,306
1711954800,276
1711955700,317
1711956600,182
1711957500,284
1711958400,536
1711959300,234
1711960200,508
1711961100,743
1711962000,376
1711962900,247
1711963800,260
1711964700,257
1711965600,212
1711966500,196
1711967400,204
1711968300,205
1711969200,277
1711970100,214
1711971000,184
1711971900,190
1711972800,233
1711973700,222
1711974600,245
1711975500,232
1711976400,222
1711977300,217
1711978200,234
1711979100,222
1711980000,223
1711980900,274
1711981800,290
1711982700,276
1711983600,314
1711984500,463
1711985400,325
1711986300,373
1711987200,978
1711988100,833
1711989000,718
1711989900,1063
1711990800,290
1711991700,220
1711992600,215
1711993500,206
1711994400,199
1711995300,197
1711996200,182
1711997100,165
1711998000,179
1711998900,152
1711999800,158
1712000700,136
1712001600,141
1712002500,107
1712003400,144
1712004300,159
1712005200,128
1712006100,132
1712007000,136
1712007900,165
1712008800,107
1712009700,110
1712010600,88
1712011500,110
1712012400,97
1712013300,103
1712014200,96
1712015100,117
1712016000,134
1712016900,121
1712017800,102
1712018700,113
1712019600,107
1712020500,117
1712021400,118
1712022300,120
1712023200,115
1712024100,103
1712025000,130
1712025900,125
1712026800,127
1712027700,94
1712028600,97
1712029500,110
1712030400,113
1712031300,86
1712032200,96
1712033100,89
1712034000,96
1712034900,107
1712035800,254
1712036700,680
1712037600,1065
1712038500,295
1712039400,169
1712040300,181
1712041200,125
1712042100,148
1712043000,178
1712043900,192
1712044800,133
1712045700,115
1712046600,100
1712047500,108
1712048400,119
1712049300,123
1712050200,136
1712051100,152
1712052000,153
1712052900,145
1712053800,155
1712054700,138
1712055600,145
1712056500,140
1712057400,153
1712058300,165
1712059200,160
1712060100,136
1712061000,1103
1712061900,798
1712062800,796
1712063700,1159
1712064600,1124
1712065500,761
1712066400,1055
1712067300,724
1712068200,574
1712069100,313
1712070000,287
1712070900,248
1712071800,188
1712072700,199
1712073600,186
1712074500,192
1712075400,198
1712076300,276
1712077200,266
1712078100,261
1712079000,245
1712079900,265
1712080800,279
1712081700,269
1712082600,231
1712083500,263
1712084400,267
1712085300,260
1712086200,293
1712087100,258
1712088000,221
1712088900,346
1712089800,211
1712090700,166
1712091600,133
1712092500,89
1712093400,89
1712094300,72
1712095200,88
1712096100,83
1712097000,98
1712097900,78
1712098800,81
1712099700,73
1712100600,85
1712101500,94
1712102400,93
1712103300,87
1712104200,80
1712105100,78
1712106000,96
1712106900,77
1712107800,94
1712108700,107
1712109600,106
1712110500,112
1712111400,90
1712112300,143
1712113200,119
1712114100,109
1712115000,128
1712115900,114
1712116800,102
1712117700,100
1712118600,99
1712119500,104
1712120400,92
1712121300,96
1712122200,197
1712123100,128
1712124000,135
1712124900,134
1712125800,282
1712126700,256
1712127600,253
1712128500,112
1712129400,122
1712130300,111
1712131200,105
1712132100,400
1712133000,261
1712133900,117
1712134800,153
1712135700,163
1712136600,140
1712137500,153
1712138400,159
1712139300,156
1712140200,131
1712141100,145
1712142000,138
1712142900,155
1712143800,158
1712144700,168
1712145600,150
1712146500,151
1712147400,141
1712148300,135
1712149200,131
1712150100,144
1712151000,147
1712151900,159
1712152800,148
1712153700,139
1712154600,130
1712155500,134
1712156400,133
1712157300,133
1712158200,173
1712159100,177
1712160000,145
1712160900,133
1712161800,130
1712162700,121
1712163600,127
1712164500,133
1712165400,140
1712166300,120
1712167200,129
1712168100,143
1712169000,239
1712169900,295
1712170800,290
1712171700,278
1712172600,274
1712173500,233
1712174400,233
1712175300,197
1712176200,198
1712177100,175
1712178000,109
1712178900,97
1712179800,107
1712180700,73
1712181600,73
1712182500,76
1712183400,75
1712184300,75
1712185200,82
1712186100,108
1712187000,103
1712187900,103
1712188800,180
1712189700,128
1712190600,125
1712191500,112
1712192400,103
1712193300,126
1712194200,125
1712195100,113
1712196000,105
1712196900,97
1712197800,88
1712198700,96
1712199600,84
1712200500,103
1712201400,99
1712202300,97
1712203200,95
1712204100,119
1712205000,124
1712205900,162
1712206800,247
1712207700,297
1712208600,125
1712209500,519
1712210400,286
1712211300,224
1712212200,250
1712213100,173
1712214000,836
1712214900,643
1712215800,764
1712216700,830
1712217600,851
1712218500,569
1712219400,504
1712220300,712
1712221200,503
1712222100,718
1712223000,341
1712223900,427
1712224800,311
1712225700,298
1712226600,230
1712227500,235
1712228400,247
1712229300,235
1712230200,402
1712231100,229
1712232000,229
1712232900,239
1712233800,271
1712234700,304
1712235600,607
1712236500,214
1712237400,216
1712238300,177
1712239200,181
1712240100,194
1712241000,201
1712241900,328
1712242800,181
1712243700,191
1712244600,222
1712245500,183
1712246400,174
1712247300,472
1712248200,192
1712249100,186
1712250000,170
1712250900,186
1712251800,195
1712252700,218
1712253600,221
1712254500,223
1712255400,210
1712256300,203
1712257200,203
1712258100,211
1712259000,215
1712259900,227
1712260800,173
1712261700,151
1712262600,158
1712263500,133
1712264400,125
1712265300,109
1712266200,134
1712267100,142
1712268000,136
1712268900,188
1712269800,140
1712270700,125
1712271600,123
1712272500,130
1712273400,119
1712274300,151
1712275200,143
1712276100,107
1712277000,97
1712277900,98
1712278800,112
1712279700,104
1712280600,115
1712281500,130
1712282400,168
1712283300,154
1712284200,131
1712285100,95
1712286000,95
1712286900,97
1712287800,90
1712288700,96
1712289600,96
1712290500,129
1712291400,148
1712292300,355
1712293200,164
1712294100,164
1712295000,500
1712295900,241
1712296800,487
1712297700,274
1712298600,167
1712299500,383
1712300400,160
1712301300,146
1712302200,825
1712303100,427
1712304000,234
1712304900,402
1712305800,1019
1712306700,746
1712307600,723
1712308500,548
1712309400,330
1712310300,324
1712311200,238
1712312100,327
1712313000,217
1712313900,419
1712314800,190
1712315700,176
1712316600,214
1712317500,245
1712318400,458
1712319300,448
1712320200,243
1712321100,390
1712322000,164
1712322900,167
1712323800,308
1712324700,862
1712325600,1131
1712326500,834
1712327400,748
1712328300,1017
1712329200,182
1712330100,214
1712331000,181
1712331900,199
1712332800,193
1712333700,201
1712334600,229
1712335500,232
1712336400,205
1712337300,203
1712338200,205
1712339100,229
1712340000,206
1712340900,200
1712341800,195
1712342700,456
1712343600,557
1712344500,183
1712345400,218
1712346300,179
1712347200,421
1712348100,327
1712349000,173
1712349900,172
1712350800,156
1712351700,154
1712352600,178
1712353500,144
1712354400,124
1712355300,100
1712356200,88
1712357100,114
1712358000,119
1712358900,113
1712359800,94
1712360700,88
1712361600,90
1712362500,80
1712363400,90
1712364300,98
1712365200,96
1712366100,114
1712367000,102
1712367900,101
1712368800,87
1712369700,86
1712370600,86
1712371500,93
1712372400,88
1712373300,99
1712374200,122
1712375100,108
1712376000,104
1712376900,110
1712377800,114
1712378700,189
1712379600,252
1712380500,248
1712381400,289
1712382300,174
1712383200,394
1712384100,198
1712385000,163
1712385900,166
1712386800,131
1712387700,100
1712388600,105
1712389500,118
1712390400,133
1712391300,110
1712392200,95
1712393100,106
1712394000,113
1712394900,136
1712395800,139
1712396700,145
1712397600,161
1712398500,164
1712399400,154
1712400300,138
1712401200,149
1712402100,130
1712403000,137
1712403900,158
1712404800,167
1712405700,247
1712406600,181
1712407500,183
1712408400,155
1712409300,170
1712410200,435
1712411100,444
1712412000,498
1712412900,402
1712413800,205
1712414700,416
1712415600,201
1712416500,337
1712417400,440
1712418300,225
1712419200,188
1712420100,181
1712421000,359
1712421900,672
1712422800,842
1712423700,675
1712424600,669
1712425500,743
1712426400,706
1712427300,641
1712428200,611
1712429100,667
1712430000,318
1712430900,230
1712431800,257
1712432700,273
1712433600,462
1712434500,202
1712435400,202
1712436300,206
1712437200,186
1712438100,184
1712439000,572
1712439900,206
1712440800,110
1712441700,99
1712442600,96
1712443500,104
1712444400,105
1712445300,89
1712446200,115
1712447100,122
1712448000,130
1712448900,91
1712449800,102
1712450700,93
1712451600,108
1712452500,97
1712453400,127
1712454300,136
1712455200,139
1712456100,147
1712457000,125
1712457900,114
1712458800,87
1712459700,110
1712460600,99
1712461500,111
1712462400,122
1712463300,250
1712464200,253
1712465100,147
1712466000,102
1712466900,111
1712467800,147
1712468700,139
1712469600,111
1712470500,119
1712471400,100
1712472300,165
1712473200,154
1712474100,136
1712475000,120
1712475900,137
1712476800,131
1712477700,120
1712478600,134
1712479500,107
1712480400,141
1712481300,141
1712482200,158
1712483100,151
1712484000,149
1712484900,282
1712485800,181
1712486700,207
1712487600,244
1712488500,447
1712489400,269
1712490300,210
1712491200,158
1712492100,172
1712493000,161
1712493900,576
1712494800,194
1712495700,146
1712496600,170
1712497500,189
1712498400,195
1712499300,201
1712500200,205
1712501100,257
1712502000,206
1712502900,193
1712503800,168
1712504700,160
1712505600,146
1712506500,171
1712507400,157
1712508300,170
1712509200,191
1712510100,191
1712511000,183
1712511900,167
1712512800,178
1712513700,171
1712514600,185
1712515500,173
1712516400,211
1712517300,192
1712518200,180
1712519100,177
1712520000,190
1712520900,140
1712521800,134
1712522700,127
1712523600,122
1712524500,109
1712525400,96
1712526300,110
1712527200,93
1712528100,113
1712529000,120
1712529900,147
1712530800,126
1712531700,96
1712532600,99
1712533500,101
1712534400,89
1712535300,95
1712536200,87
1712537100,108
1712538000,107
1712538900,99
1712539800,92
1712540700,89
1712541600,104
1712542500,93
1712543400,101
1712544300,97
1712545200,104
1712546100,112
1712547000,104
1712547900,87
1712548800,206
1712549700,165
1712550600,195
1712551500,139
1712552400,247
1712553300,204
1712554200,176
1712555100,145
1712556000,141
1712556900,125
1712557800,149
1712558700,155
1712559600,165
1712560500,498
1712561400,348
1712562300,147
1712563200,152
1712564100,270
1712565000,266
1712565900,608
1712566800,158
1712567700,178
1712568600,196
1712569500,168
1712570400,174
1712571300,157
1712572200,150
1712573100,170
1712574000,163
1712574900,231
1712575800,177
1712576700,193
1712577600,159
1712578500,171
1712579400,157
1712580300,161
1712581200,155
1712582100,160
1712583000,156
1712583900,152
1712584800,144
1712585700,146
1712586600,132
1712587500,139
1712588400,132
1712589300,149
1712590200,149
1712591100,164
1712592000,174
1712592900,170
1712593800,186
1712594700,173
1712595600,209
1712596500,347
1712597400,235
1712598300,202
1712599200,271
1712600100,317
1712601000,292
1712601900,260
1712602800,273
1712603700,234
1712604600,196
1712605500,262
1712606400,268
1712607300,220
1712608200,212
1712609100,187
1712610000,172
1712610900,157
1712611800,86
1712612700,81
1712613600,70
1712614500,87
1712615400,97
1712616300,93
1712617200,98
1712618100,107
1712619000,91
1712619900,103
1712620800,85
1712621700,95
1712622600,89
1712623500,107
1712624400,96
1712625300,106
1712626200,94
1712627100,93
1712628000,103
1712628900,97
1712629800,107
1712630700,117
1712631600,100
1712632500,166
1712633400,148
1712634300,126
1712635200,127
1712636100,100
1712637000,100
1712637900,93
1712638800,92
1712639700,100
1712640600,112
1712641500,156
1712642400,206
1712643300,308
1712644200,269
1712645100,114
1712646000,219
1712646900,284
1712647800,151
1712648700,170
1712649600,597
1712650500,251
1712651400,438
1712652300,288
1712653200,725
1712654100,288
1712655000,184
1712655900,190
1712656800,252
1712657700,760
1712658600,765
1712659500,473
1712660400,282
1712661300,215
1712662200,244
1712663100,217
1712664000,318
1712664900,555
1712665800,345
1712666700,211
1712667600,198
1712668500,292
1712669400,244
1712670300,251
1712671200,197
1712672100,710
1712673000,981
1712673900,846
1712674800,772
1712675700,753
1712676600,718
1712677500,309
1712678400,169
1712679300,165
1712680200,201
1712681100,279
1712682000,270
1712682900,340
1712683800,262
1712684700,348
1712685600,266
1712686500,256
1712687400,270
1712688300,283
1712689200,261
1712690100,221
1712691000,193
1712691900,216
1712692800,194
1712693700,168
1712694600,165
1712695500,150
1712696400,98
1712697300,95
1712698200,97
1712699100,116
1712700000,88
1712700900,95
1712701800,108
1712702700,109
1712703600,97
1712704500,96
1712705400,106
1712706300,101
1712707200,114
1712708100,118
1712709000,105
1712709900,77
1712710800,77
1712711700,68
1712712600,79
1712713500,62
1712714400,69
1712715300,57
1712716200,87
1712717100,61
1712718000,83
1712718900,76
1712719800,145
1712720700,79
1712721600,83
1712722500,93
1712723400,133
1712724300,117
1712725200,94
1712726100,105
1712727000,112
1712727900,204
1712728800,95
1712729700,93
1712730600,129
1712731500,180
1712732400,116
1712733300,181
1712734200,154
1712735100,156
1712736000,677
1712736900,461
1712737800,398
1712738700,353
1712739600,298
1712740500,236
1712741400,188
1712742300,193
1712743200,191
1712744100,540
1712745000,525
1712745900,250
1712746800,230
1712747700,204
1712748600,184
1712749500,197
1712750400,177
1712751300,333
1712752200,273
1712753100,239
1712754000,211
1712754900,226
1712755800,212
1712756700,604
1712757600,326
1712758500,287
1712759400,283
1712760300,226
1712761200,197
1712762100,239
1712763000,271
1712763900,306
1712764800,286
1712765700,261
1712766600,257
1712767500,237
1712768400,225
1712769300,237
1712770200,244
1712771100,398
1712772000,199
1712772900,171
1712773800,146
1712774700,192
1712775600,159
1712776500,199
1712777400,190
1712778300,170
1712779200,155
1712780100,140
1712781000,134
1712781900,137
1712782800,115
1712783700,116
1712784600,70
1712785500,75
1712786400,64
1712787300,63
1712788200,55
1712789100,72
1712790000,59
1712790900,68
1712791800,70
1712792700,139
1712793600,63
1712794500,70
1712795400,63
1712796300,81
1712797200,66
1712798100,86
1712799000,91
1712799900,101
1712800800,70
1712801700,72
1712802600,89
1712803500,88
1712804400,84
1712805300,75
1712806200,96
1712807100,103
1712808000,87
1712808900,79
1712809800,83
1712810700,89
1712811600,105
1712812500,312
1712813400,259
1712814300,353
1712815200,115
1712816100,104
1712817000,111
1712817900,111
1712818800,101
1712819700,98
1712820600,105
1712821500,102
1712822400,226
1712823300,756
1712824200,672
1712825100,259
1712826000,87
1712826900,112
1712827800,115
1712828700,129
1712829600,123
1712830500,191
1712831400,571
1712832300,279
1712833200,217
1712834100,209
1712835000,206
1712835900,195
1712836800,430
1712837700,216
1712838600,166
1712839500,191
1712840400,543
1712841300,986
1712842200,1093
1712843100,700
1712844000,419
1712844900,211
1712845800,221
1712846700,176
1712847600,191
1712848500,207
1712849400,204
1712850300,190
1712851200,179
1712852100,182
1712853000,853
1712853900,796
1712854800,801
1712855700,526
1712856600,251
1712857500,282
1712858400,273
1712859300,228
1712860200,225
1712861100,209
1712862000,220
1712862900,251
1712863800,252
1712864700,202
1712865600,182
1712866500,176
1712867400,131
1712868300,133
1712869200,119
1712870100,122
1712871000,92
1712871900,97
1712872800,90
1712873700,106
1712874600,82
1712875500,87
1712876400,92
1712877300,101
1712878200,64
1712879100,67
1712880000,64
1712880900,78
1712881800,66
1712882700,75
1712883600,83
1712884500,99
1712885400,109
1712886300,87
1712887200,89
1712888100,87
1712889000,83
1712889900,78
1712890800,91
1712891700,98
1712892600,144
1712893500,123
1712894400,116
1712895300,87
1712896200,212
1712897100,152
1712898000,96
1712898900,102
1712899800,104
1712900700,90
1712901600,75
1712902500,80
1712903400,86
1712904300,143
1712905200,267
1712906100,224
1712907000,122
1712907900,116
1712908800,408
1712909700,874
1712910600,533
1712911500,323
1712912400,436
1712913300,157
1712914200,150
1712915100,175
1712916000,232
1712916900,205
1712917800,574
1712918700,158
1712919600,167
1712920500,135
1712921400,128
1712922300,112
1712923200,154
1712924100,160
1712925000,173
1712925900,155
1712926800,266
1712927700,157
1712928600,317
1712929500,175
1712930400,154
1712931300,184
1712932200,166
1712933100,200
1712934000,190
1712934900,202
1712935800,199
1712936700,219
1712937600,185
1712938500,182
1712939400,225
1712940300,1548
1712941200,2082
1712942100,1724
1712943000,1019
1712943900,1091
1712944800,619
1712945700,2193
1712946600,2199
1712947500,1181
1712948400,1343
1712949300,1110
1712950200,1266
1712951100,915
1712952000,193
1712952900,185
1712953800,196
1712954700,162
1712955600,141
1712956500,98
1712957400,111
1712958300,102
1712959200,95
1712960100,109
1712961000,129
1712961900,102
1712962800,63
1712963700,72
1712964600,69
1712965500,78
1712966400,61
1712967300,77
1712968200,87
1712969100,109
1712970000,83
1712970900,84
1712971800,100
1712972700,146
1712973600,119
1712974500,115
1712975400,114
1712976300,94
1712977200,103
1712978100,98
1712979000,95
1712979900,83
1712980800,86
1712981700,74
1712982600,83
1712983500,116
1712984400,403
1712985300,297
1712986200,289
1712987100,316
1712988000,267
1712988900,399
1712989800,130
1712990700,101
1712991600,130
1712992500,133
1712993400,134
1712994300,543
1712995200,120
1712996100,146
1712997000,120
1712997900,95
1712998800,91
1712999700,138
1713000600,128
1713001500,130
1713002400,127
1713003300,127
1713004200,140
1713005100,123
1713006000,130
1713006900,129
1713007800,154
1713008700,130
1713009600,149
1713010500,178
1713011400,198
1713012300,190
1713013200,185
1713014100,188
1713015000,185
1713015900,172
1713016800,188
1713017700,564
1713018600,416
1713019500,435
1713020400,459
1713021300,235
1713022200,171
1713023100,149
1713024000,164
1713024900,162
1713025800,201
1713026700,243
1713027600,235
1713028500,205
1713029400,215
1713030300,230
1713031200,294
1713032100,335
1713033000,305
1713033900,262
1713034800,230
1713035700,220
1713036600,220
1713037500,203
1713038400,199
1713039300,185
1713040200,178
1713041100,175
1713042000,136
1713042900,148
1713043800,111
1713044700,110
1713045600,100
1713046500,119
1713047400,116
1713048300,95
1713049200,88
1713050100,106
1713051000,113
1713051900,112
1713052800,95
1713053700,119
1713054600,107
1713055500,99
1713056400,92
1713057300,90
1713058200,81
1713059100,81
1713060000,96
1713060900,78
1713061800,99
1713062700,97
1713063600,138
1713064500,113
1713065400,104
1713066300,85
1713067200,124
1713068100,161
1713069000,437
1713069900,392
1713070800,237
1713071700,148
1713072600,110
1713073500,326
1713074400,130
1713075300,125
1713076200,137
1713077100,147
1713078000,134
1713078900,502
1713079800,107
1713080700,117
1713081600,108
1713082500,118
1713083400,181
1713084300,213
1713085200,216
1713086100,186
1713087000,152
1713087900,198
1713088800,230
1713089700,264
1713090600,189
1713091500,202
1713092400,228
1713093300,184
1713094200,171
1713095100,156
1713096000,171
1713096900,145
1713097800,230
1713098700,222
1713099600,223
1713100500,173
1713101400,163
1713102300,158
1713103200,171
1713104100,168
1713105000,204
1713105900,179
1713106800,193
1713107700,180
1713108600,196
1713109500,212
1713110400,189
1713111300,207
1713112200,208
1713113100,231
1713114000,220
1713114900,226
1713115800,269
1713116700,455
1713117600,489
1713118500,303
1713119400,313
1713120300,368
1713121200,325
1713122100,369
1713123000,225
1713123900,203
1713124800,119
1713125700,381
1713126600,205
1713127500,84
1713128400,59
1713129300,67
1713130200,76
1713131100,70
1713132000,77
1713132900,82
1713133800,82
1713134700,65
1713135600,70
1713136500,70
1713137400,85
1713138300,65
1713139200,88
1713140100,84
1713141000,120
1713141900,92
1713142800,74
1713143700,77
1713144600,96
1713145500,84
1713146400,93
1713147300,101
1713148200,101
1713149100,106
1713150000,114
1713150900,130
1713151800,114
1713152700,85
1713153600,273
1713154500,127
1713155400,120
1713156300,93
1713157200,97
1713158100,114
1713159000,293
1713159900,182
1713160800,147
1713161700,103
1713162600,140
1713163500,110
1713164400,150
1713165300,241
1713166200,97
1713167100,110
1713168000,93
1713168900,134
1713169800,100
1713170700,239
1713171600,153
1713172500,119
1713173400,127
1713174300,145
1713175200,142
1713176100,212
1713177000,176
1713177900,159
1713178800,183
1713179700,247
1713180600,177
1713181500,167
1713182400,187
1713183300,177
1713184200,297
1713185100,286
1713186000,189
1713186900,513
1713187800,470
1713188700,193
1713189600,220
1713190500,262
1713191400,262
1713192300,511
1713193200,208
1713194100,299
1713195000,227
1713195900,232
1713196800,209
1713197700,206
1713198600,224
1713199500,217
1713200400,279
1713201300,209
1713202200,192
1713203100,353
1713204000,758
1713204900,669
1713205800,315
1713206700,249
1713207600,271
1713208500,194
1713209400,212
1713210300,303
1713211200,212
1713212100,161
1713213000,163
1713213900,154
1713214800,85
1713215700,65
1713216600,60
1713217500,73
1713218400,75
1713219300,67
1713220200,63
1713221100,84
1713222000,85
1713222900,73
1713223800,62
1713224700,73
1713225600,73
1713226500,73
1713227400,77
1713228300,88
1713229200,104
1713230100,87
1713231000,111
1713231900,140
1713232800,135
1713233700,142
1713234600,125
1713235500,105
1713236400,126
1713237300,328
1713238200,173
1713239100,165
1713240000,100
1713240900,86
1713241800,89
1713242700,96
1713243600,91
1713244500,90
1713245400,91
1713246300,92
1713247200,104
1713248100,137
1713249000,159
1713249900,140
1713250800,271
1713251700,237
1713252600,133
1713253500,134
1713254400,148
1713255300,122
1713256200,397
1713257100,438
1713258000,318
1713258900,209
1713259800,122
1713260700,124
1713261600,150
1713262500,134
1713263400,132
1713264300,164
1713265200,142
1713266100,159
1713267000,130
1713267900,147
1713268800,143
1713269700,198
1713270600,375
1713271500,142
1713272400,177
1713273300,353
1713274200,1399
1713275100,1258
1713276000,1212
1713276900,1097
1713277800,585
1713278700,582
1713279600,601
1713280500,630
1713281400,341
1713282300,244
1713283200,257
1713284100,241
1713285000,251
1713285900,225
1713286800,241
1713287700,240
1713288600,254
1713289500,223
1713290400,233
1713291300,228
1713292200,231
1713293100,186
1713294000,222
1713294900,368
1713295800,302
1713296700,221
1713297600,159
1713298500,148
1713299400,134
1713300300,101
1713301200,75
1713302100,85
1713303000,74
1713303900,60
1713304800,63
1713305700,74
1713306600,61
1713307500,65
1713308400,63
1713309300,92
1713310200,70
1713311100,70
1713312000,60
1713312900,82
1713313800,58
1713314700,70
1713315600,63
1713316500,101
1713317400,95
1713318300,124
1713319200,102
1713320100,126
1713321000,112
1713321900,102
1713322800,99
1713323700,98
1713324600,2703
1713325500,2732
1713326400,2688
1713327300,1566
1713328200,1617
1713329100,1439
1713330000,1090
1713330900,956
1713331800,533
1713332700,561
1713333600,715
1713334500,491
1713335400,542
1713336300,495
1713337200,549
1713338100,536
1713339000,409
1713339900,145
1713340800,222
1713341700,176
1713342600,376
1713343500,344
1713344400,195
1713345300,307
1713346200,174
1713347100,425
1713348000,191
1713348900,240
1713349800,191
1713350700,195
1713351600,254
1713352500,561
1713353400,176
1713354300,171
1713355200,179
1713356100,176
1713357000,173
1713357900,173
1713358800,179
1713359700,173
1713360600,165
1713361500,164
1713362400,162
1713363300,148
1713364200,134
1713365100,143
1713366000,140
1713366900,142
1713367800,114
1713368700,124
1713369600,116
1713370500,167
1713371400,177
1713372300,184
1713373200,557
1713374100,674
1713375000,625
1713375900,610
1713376800,559
1713377700,529
1713378600,177
1713379500,157
1713380400,121
1713381300,153
1713382200,144
1713383100,137
1713384000,143
1713384900,137
1713385800,132
1713386700,134
1713387600,121
1713388500,105
1713389400,72
1713390300,60
1713391200,72
1713392100,75
1713393000,67
1713393900,132
1713394800,81
1713395700,78
1713396600,80
1713397500,81
1713398400,83
1713399300,98
1713400200,74
1713401100,99
1713402000,93
1713402900,95
1713403800,75
1713404700,80
1713405600,85
1713406500,90
1713407400,85
1713408300,85
1713409200,94
1713410100,105
1713411000,85
1713411900,77
1713412800,86
1713413700,122
1713414600,125
1713415500,241
1713416400,566
1713417300,382
1713418200,404
1713419100,660
1713420000,137
1713420900,146
1713421800,131
1713422700,142
1713423600,137
1713424500,148
1713425400,194
1713426300,146
1713427200,136
1713428100,156
1713429000,163
1713429900,143
1713430800,136
1713431700,147
1713432600,170
1713433500,164
1713434400,168
1713435300,176
1713436200,599
1713437100,742
1713438000,751
1713438900,570
1713439800,207
1713440700,232
1713441600,213
1713442500,209
1713443400,178
1713444300,160
1713445200,164
1713446100,165
1713447000,212
1713447900,182
1713448800,188
1713449700,186
1713450600,165
1713451500,151
1713452400,163
1713453300,175
1713454200,308
1713455100,604
1713456000,832
1713456900,901
1713457800,1099
1713458700,777
1713459600,470
1713460500,247
1713461400,246
1713462300,255
1713463200,240
1713464100,380
1713465000,313
1713465900,306
1713466800,298
1713467700,321
1713468600,534
1713469500,344
1713470400,263
1713471300,243
1713472200,661
1713473100,211
1713474000,138
1713474900,108
1713475800,103
1713476700,107
1713477600,90
1713478500,97
1713479400,99
1713480300,114
1713481200,101
1713482100,98
1713483000,100
1713483900,103
1713484800,90
1713485700,97
1713486600,103
1713487500,116
1713488400,105
1713489300,123
1713490200,141
1713491100,142
1713492000,130
1713492900,125
1713493800,145
1713494700,146
1713495600,135
1713496500,110
1713497400,104
1713498300,96
1713499200,93
1713500100,148
1713501000,218
1713501900,198
1713502800,274
1713503700,101
1713504600,182
1713505500,546
1713506400,126
1713507300,105
1713508200,136
1713509100,154
1713510000,130
1713510900,123
1713511800,223
1713512700,344
1713513600,350
1713514500,170
1713515400,128
1713516300,130
1713517200,128
1713518100,230
1713519000,141
1713519900,150
1713520800,181
1713521700,164
1713522600,168
1713523500,376
1713524400,314
1713525300,168
1713526200,185
1713527100,185
1713528000,203
1713528900,547
1713529800,319
1713530700,201
1713531600,204
1713532500,181
1713533400,187
1713534300,183
1713535200,187
1713536100,191
1713537000,172
1713537900,251
1713538800,183
1713539700,213
1713540600,193
1713541500,185
1713542400,179
1713543300,208
1713544200,185
1713545100,208
1713546000,176
1713546900,434
1713547800,542
1713548700,280
1713549600,267
1713550500,284
1713551400,336
1713552300,291
1713553200,290
1713554100,315
1713555000,295
1713555900,330
1713556800,308
1713557700,268
1713558600,261
1713559500,353
1713560400,216
1713561300,129
1713562200,121
1713563100,82
1713564000,101
1713564900,74
1713565800,81
1713566700,86
1713567600,82
1713568500,74
1713569400,85
1713570300,80
1713571200,92
1713572100,86
1713573000,91
1713573900,77
1713574800,81
1713575700,86
1713576600,110
1713577500,87
1713578400,94
1713579300,105
1713580200,112
1713581100,121
1713582000,116
1713582900,106
1713583800,93
1713584700,98
1713585600,92
1713586500,115
1713587400,101
1713588300,335
1713589200,409
1713590100,206
1713591000,238
1713591900,124
1713592800,136
1713593700,632
1713594600,687
1713595500,598
1713596400,175
1713597300,237
1713598200,380
1713599100,224
1713600000,845
1713600900,805
1713601800,262
1713602700,340
1713603600,927
1713604500,1061
1713605400,844
1713606300,877
1713607200,383
1713608100,252
1713609000,428
1713609900,440
1713610800,397
1713611700,329
1713612600,641
1713613500,825
1713614400,627
1713615300,603
1713616200,798
1713617100,567
1713618000,735
1713618900,485
1713619800,503
1713620700,512
1713621600,461
1713622500,629
1713623400,541
1713624300,575
1713625200,455
1713626100,936
1713627000,1112
1713627900,1010
1713628800,408
1713629700,335
1713630600,282
1713631500,321
1713632400,293
1713633300,294
1713634200,309
1713635100,350
1713636000,576
1713636900,368
1713637800,322
1713638700,343
1713639600,310
1713640500,273
1713641400,585
1713642300,248
1713643200,236
1713644100,206
1713645000,213
1713645900,193
1713646800,176
1713647700,169
1713648600,173
1713649500,123
1713650400,116
1713651300,96
1713652200,100
1713653100,87
1713654000,82
1713654900,82
1713655800,92
1713656700,90
1713657600,86
1713658500,92
1713659400,76
1713660300,95
1713661200,101
1713662100,96
1713663000,91
1713663900,120
1713664800,97
1713665700,97
1713666600,93
1713667500,102
1713668400,87
1713669300,95
1713670200,108
1713671100,103
1713672000,147
1713672900,337
1713673800,174
1713674700,140
1713675600,366
1713676500,140
1713677400,178
1713678300,196
1713679200,198
1713680100,205
1713681000,161
1713681900,159
1713682800,180
1713683700,176
1713684600,156
1713685500,229
1713686400,173
1713687300,157
1713688200,196
1713689100,233
1713690000,207
1713690900,252
1713691800,219
1713692700,326
1713693600,329
1713694500,446
1713695400,428
1713696300,197
1713697200,312
1713698100,209
1713699000,215
1713699900,237
1713700800,349
1713701700,773
1713702600,517
1713703500,483
1713704400,294
1713705300,284
1713706200,245
1713707100,323
1713708000,213
1713708900,207
1713709800,292
1713710700,319
1713711600,289
1713712500,172
1713713400,176
1713714300,154
1713715200,148
1713716100,139
1713717000,146
1713717900,139
1713718800,326
1713719700,170
1713720600,168
1713721500,231
1713722400,183
1713723300,222
1713724200,205
1713725100,265
1713726000,201
1713726900,218
1713727800,176
1713728700,178
1713729600,204
1713730500,197
1713731400,188
1713732300,180
1713733200,225
1713734100,109
1713735000,116
1713735900,109
1713736800,121
1713737700,112
1713738600,105
1713739500,95
1713740400,96
1713741300,98
1713742200,97
1713743100,96
1713744000,100
1713744900,111
1713745800,101
1713746700,103
1713747600,96
1713748500,118
1713749400,96
1713750300,113
1713751200,109
1713752100,118
1713753000,110
1713753900,103
1713754800,96
1713755700,116
1713756600,100
1713757500,130
1713758400,151
1713759300,314
1713760200,231
1713761100,125
1713762000,275
1713762900,203
1713763800,156
1713764700,155
1713765600,122
1713766500,124
1713767400,140
1713768300,132
1713769200,385
1713770100,157
1713771000,104
1713771900,95
1713772800,118
1713773700,281
1713774600,104
1713775500,110
1713776400,154
1713777300,368
1713778200,425
1713779100,238
1713780000,134
1713780900,153
1713781800,666
1713782700,164
1713783600,428
1713784500,204
1713785400,711
1713786300,453
1713787200,750
1713788100,285
1713789000,243
1713789900,399
1713790800,257
1713791700,371
1713792600,196
1713793500,157
1713794400,195
1713795300,182
1713796200,180
1713797100,196
1713798000,143
1713798900,137
1713799800,172
1713800700,193
1713801600,202
1713802500,411
1713803400,529
1713804300,282
1713805200,200
1713806100,235
1713807000,185
1713807900,612
1713808800,930
1713809700,531
1713810600,199
1713811500,223
1713812400,252
1713813300,1283
1713814200,2776
1713815100,2683
1713816000,1924
1713816900,1297
1713817800,1246
1713818700,1267
1713819600,548
1713820500,136
1713821400,123
1713822300,98
1713823200,71
1713824100,74
1713825000,78
1713825900,73
1713826800,65
1713827700,81
1713828600,86
1713829500,83
1713830400,65
1713831300,86
1713832200,78
1713833100,92
1713834000,83
1713834900,130
1713835800,108
1713836700,100
1713837600,95
1713838500,91
1713839400,90
1713840300,83
1713841200,103
1713842100,82
1713843000,124
1713843900,135
1713844800,153
1713845700,120
1713846600,88
1713847500,83
1713848400,268
1713849300,273
1713850200,268
1713851100,104
1713852000,111
1713852900,112
1713853800,174
1713854700,95
1713855600,212
1713856500,335
1713857400,149
1713858300,161
1713859200,146
1713860100,135
1713861000,126
1713861900,142
1713862800,126
1713863700,132
1713864600,121
1713865500,160
1713866400,152
1713867300,158
1713868200,145
1713869100,161
1713870000,178
1713870900,193
1713871800,168
1713872700,184
1713873600,181
1713874500,180
1713875400,131
1713876300,135
1713877200,150
1713878100,159
1713879000,303
1713879900,204
1713880800,210
1713881700,230
1713882600,613
1713883500,336
1713884400,290
1713885300,308
1713886200,223
1713887100,132
1713888000,142
1713888900,121
1713889800,107
1713890700,105
1713891600,111
1713892500,97
1713893400,107
1713894300,104
1713895200,123
1713896100,111
1713897000,101
1713897900,106
1713898800,106
1713899700,106
1713900600,97
1713901500,114
1713902400,111
1713903300,117
1713904200,102
1713905100,114
1713906000,88
1713906900,87
1713907800,78
1713908700,95
1713909600,91
1713910500,99
1713911400,81
1713912300,89
1713913200,83
1713914100,82
1713915000,82
1713915900,97
1713916800,104
1713917700,185
1713918600,129
1713919500,99
1713920400,104
1713921300,86
1713922200,93
1713923100,89
1713924000,99
1713924900,92
1713925800,102
1713926700,87
1713927600,97
1713928500,84
1713929400,84
1713930300,84
1713931200,96
1713932100,95
1713933000,97
1713933900,100
1713934800,177
1713935700,86
1713936600,82
1713937500,94
1713938400,107
1713939300,110
1713940200,242
1713941100,302
1713942000,138
1713942900,126
1713943800,128
1713944700,129
1713945600,471
1713946500,320
1713947400,167
1713948300,215
1713949200,238
1713950100,195
1713951000,158
1713951900,215
1713952800,175
1713953700,148
1713954600,143
1713955500,140
1713956400,140
1713957300,140
1713958200,129
1713959100,137
1713960000,339
1713960900,655
1713961800,242
1713962700,146
1713963600,138
1713964500,144
1713965400,123
1713966300,117
1713967200,110
1713968100,134
1713969000,114
1713969900,107
1713970800,93
1713971700,110
1713972600,90
1713973500,94
1713974400,98
1713975300,128
1713976200,111
1713977100,107
1713978000,127
1713978900,425
1713979800,746
1713980700,571
1713981600,888
1713982500,850
1713983400,765
1713984300,169
1713985200,149
1713986100,134
1713987000,120
1713987900,126
1713988800,225
1713989700,122
1713990600,121
1713991500,115
1713992400,117
1713993300,94
1713994200,109
1713995100,107
1713996000,120
1713996900,84
1713997800,92
1713998700,81
1713999600,97
1714000500,78
1714001400,104
1714002300,90
1714003200,103
1714004100,77
1714005000,82
1714005900,82
1714006800,89
1714007700,80
1714008600,76
1714009500,101
1714010400,96
1714011300,85
1714012200,91
1714013100,95
1714014000,103
1714014900,82
1714015800,76
1714016700,94
1714017600,94
1714018500,93
1714019400,76
1714020300,237
1714021200,97
1714022100,231
1714023000,126
1714023900,131
1714024800,154
1714025700,207
1714026600,90
1714027500,112
1714028400,249
1714029300,149
1714030200,102
1714031100,440
1714032000,105
1714032900,111
1714033800,376
1714034700,225
1714035600,306
1714036500,126
1714037400,100
1714038300,141
1714039200,133
1714040100,122
1714041000,115
1714041900,132
1714042800,130
1714043700,665
1714044600,656
1714045500,200
1714046400,186
1714047300,194
1714048200,192
1714049100,207
1714050000,203
1714050900,149
1714051800,118
1714052700,124
1714053600,129
1714054500,185
1714055400,132
1714056300,216
1714057200,172
1714058100,512
1714059000,791
1714059900,890
1714060800,684
1714061700,433
1714062600,164
1714063500,137
1714064400,173
1714065300,171
1714066200,150
1714067100,144
1714068000,187
1714068900,511
1714069800,209
1714070700,264
1714071600,275
1714072500,284
1714073400,267
1714074300,665
1714075200,233
1714076100,219
1714077000,187
1714077900,194
1714078800,186
1714079700,158
1714080600,115
1714081500,99
1714082400,104
1714083300,101
1714084200,82
1714085100,90
1714086000,71
1714086900,76
1714087800,62
1714088700,74
1714089600,83
1714090500,92
1714091400,73
1714092300,84
1714093200,79
1714094100,94
1714095000,77
1714095900,84
1714096800,85
1714097700,105
1714098600,80
1714099500,84
1714100400,77
1714101300,98
1714102200,73
1714103100,121
1714104000,118
1714104900,594
1714105800,328
1714106700,429
1714107600,694
1714108500,694
1714109400,270
1714110300,475
1714111200,147
1714112100,676
1714113000,665
1714113900,529
1714114800,678
1714115700,118
1714116600,91
1714117500,96
1714118400,91
1714119300,154
1714120200,114
1714121100,102
1714122000,313
1714122900,244
1714123800,275
1714124700,165
1714125600,186
1714126500,147
1714127400,140
1714128300,127
1714129200,154
1714130100,122
1714131000,258
1714131900,284
1714132800,127
1714133700,129
1714134600,138
1714135500,123
1714136400,389
1714137300,297
1714138200,141
1714139100,134
1714140000,111
1714140900,114
1714141800,691
1714142700,311
1714143600,201
1714144500,196
1714145400,199
1714146300,185
1714147200,867
1714148100,637
1714149000,714
1714149900,717
1714150800,510
1714151700,336
1714152600,594
1714153500,1060
1714154400,498
1714155300,688
1714156200,908
1714157100,848
1714158000,1038
1714158900,985
1714159800,965
1714160700,852
1714161600,382
1714162500,340
1714163400,331
1714164300,155
1714165200,175
1714166100,177
1714167000,151
1714167900,116
1714168800,106
1714169700,107
1714170600,107
1714171500,106
1714172400,107
1714173300,112
1714174200,87
1714175100,79
1714176000,77
1714176900,94
1714177800,79
1714178700,81
1714179600,85
1714180500,100
1714181400,90
1714182300,82
1714183200,92
1714184100,81
1714185000,77
1714185900,83
1714186800,87
1714187700,84
1714188600,101
1714189500,125
1714190400,87
1714191300,75
1714192200,253
1714193100,288
1714194000,85
1714194900,86
1714195800,101
1714196700,104
1714197600,117
1714198500,180
1714199400,275
1714200300,365
1714201200,379
1714202100,381
1714203000,130
1714203900,109
1714204800,116
1714205700,92
1714206600,113
1714207500,410
1714208400,558
1714209300,349
1714210200,123
1714211100,110
1714212000,130
1714212900,352
1714213800,206
1714214700,129
1714215600,146
1714216500,184
1714217400,142
1714218300,528
1714219200,224
1714220100,119
1714221000,178
1714221900,368
1714222800,325
1714223700,483
1714224600,433
1714225500,114
1714226400,144
1714227300,138
1714228200,180
1714229100,204
1714230000,234
1714230900,186
1714231800,174
1714232700,185
1714233600,180
1714234500,199
1714235400,180
1714236300,173
1714237200,414
1714238100,474
1714239000,442
1714239900,652
1714240800,552
1714241700,490
1714242600,485
1714243500,459
1714244400,459
1714245300,423
1714246200,393
1714247100,378
1714248000,464
1714248900,423
1714249800,436
1714250700,386
1714251600,235
1714252500,126
1714253400,105
1714254300,105
1714255200,108
1714256100,125
1714257000,113
1714257900,121
1714258800,106
1714259700,99
1714260600,101
1714261500,119
1714262400,114
1714263300,124
1714264200,121
1714265100,135
1714266000,121
1714266900,104
1714267800,111
1714268700,108
1714269600,110
1714270500,103
1714271400,115
1714272300,86
1714273200,100
1714274100,84
1714275000,115
1714275900,117
1714276800,122
1714277700,262
1714278600,148
1714279500,213
1714280400,117
1714281300,114
1714282200,93
1714283100,85
1714284000,88
1714284900,85
1714285800,74
1714286700,83
1714287600,89
1714288500,95
1714289400,90
1714290300,110
1714291200,105
1714292100,110
1714293000,90
1714293900,107
1714294800,90
1714295700,103
1714296600,114
1714297500,142
1714298400,267
1714299300,297
1714300200,166
1714301100,159
1714302000,178
1714302900,115
1714303800,388
1714304700,251
1714305600,122
1714306500,117
1714307400,137
1714308300,121
1714309200,119
1714310100,498
1714311000,433
1714311900,149
1714312800,147
1714313700,119
1714314600,137
1714315500,116
1714316400,102
1714317300,101
1714318200,103
1714319100,88
1714320000,81
1714320900,119
1714321800,123
1714322700,123
1714323600,138
1714324500,169
1714325400,144
1714326300,144
1714327200,230
1714328100,155
1714329000,144
1714329900,145
1714330800,103
1714331700,176
1714332600,180
1714333500,196
1714334400,168
1714335300,184
1714336200,187
1714337100,177
1714338000,154
1714338900,127
1714339800,107
1714340700,111
1714341600,107
1714342500,118
1714343400,111
1714344300,119
1714345200,123
1714346100,116
1714347000,104
1714347900,115
1714348800,127
1714349700,124
1714350600,120
1714351500,119
1714352400,137
1714353300,135
1714354200,136
1714355100,125
1714356000,138
1714356900,124
1714357800,125
1714358700,129
1714359600,155
1714360500,101
1714361400,87
1714362300,94
1714363200,230
1714364100,111
1714365000,84
1714365900,90
1714366800,98
1714367700,151
1714368600,217
1714369500,213
1714370400,138
1714371300,115
1714372200,108
1714373100,123
1714374000,199
1714374900,140
1714375800,99
1714376700,130
1714377600,219
1714378500,333
1714379400,195
1714380300,132
1714381200,102
1714382100,106
1714383000,139
1714383900,224
1714384800,143
1714385700,144
1714386600,127
1714387500,196
1714388400,148
1714389300,136
1714390200,123
1714391100,150
1714392000,132
1714392900,136
1714393800,121
1714394700,397
1714395600,143
1714396500,144
1714397400,151
1714398300,358
1714399200,263
1714400100,465
1714401000,441
1714401900,484
1714402800,174
1714403700,162
1714404600,206
1714405500,515
1714406400,133
1714407300,127
1714408200,128
1714409100,132
1714410000,107
1714410900,126
1714411800,140
1714412700,149
1714413600,277
1714414500,180
1714415400,225
1714416300,243
1714417200,277
1714418100,218
1714419000,222
1714419900,168
1714420800,148
1714421700,159
1714422600,153
1714423500,144
1714424400,124
1714425300,124
1714426200,111
1714427100,107
